0 0.4677734375 0.1181640625 0.038411458333333336 0.03369140625
0 0.10579427083333333 0.2513020833333333 0.04296875 0.0341796875
0 0.3880208333333333 0.3515625 0.029296875 0.033854166666666664
0 0.4713541666666667 0.15592447916666666 0.037760416666666664 0.033203125
0 0.7838541666666666 0.23502604166666666 0.03515625 0.0390625
0 0.9674479166666666 0.3951822916666667 0.036458333333333336 0.034505208333333336
0 0.740234375 0.21012369791666666 0.032552083333333336 0.0478515625
0 0.5084635416666666 0.1875 0.026041666666666668 0.03125
0 0.4720052083333333 0.271484375 0.034505208333333336 0.044921875
0 0.4111328125 0.3740234375 0.024088541666666668 0.042317708333333336
0 0.12483723958333333 0.06319173177083333 0.037434895833333336 0.043538411458333336
0 0.7799479166666666 0.15616861979166666 0.03515625 0.03076171875
0 0.013539632161458334 0.3402506510416667 0.027079264322916668 0.02197265625
0 0.6100260416666666 0.4482421875 0.034505208333333336 0.037760416666666664
0 0.19694010416666666 0.18701171875 0.024739583333333332 0.03125
0 0.697265625 0.4391276041666667 0.029947916666666668 0.02734375
0 0.4537760416666667 0.2726236979166667 0.022786458333333332 0.042643229166666664
0 0.15779622395833334 0.404296875 0.031412760416666664 0.028645833333333332
0 0.755859375 0.3020833333333333 0.022135416666666668 0.026692708333333332
0 0.8072916666666666 0.19596354166666666 0.02734375 0.0234375
0 0.9108072916666666 0.20133463541666666 0.033854166666666664 0.053385416666666664
0 0.01157379150390625 0.279296875 0.0199432373046875 0.024739583333333332
0 0.0877814872012274 0.08670430343588502 0.023330254764211873 0.021741132711563315
