0 0.6253255208333334 0.0225067138671875 0.0390625 0.038645426432291664
0 0.8287760416666666 0.20100911458333334 0.03515625 0.0283203125
0 0.2643229166666667 0.0704345703125 0.040690104166666664 0.029866536458333332
0 0.5130208333333334 0.20345052083333334 0.026692708333333332 0.0244140625
0 0.912109375 0.8684895833333334 0.02734375 0.026041666666666668
0 0.884765625 0.923828125 0.033854166666666664 0.028645833333333332
0 0.8040364583333334 0.8587239583333334 0.03515625 0.03125
0 0.6494140625 0.24853515625 0.037109375 0.0322265625
0 0.4303385416666667 0.09993489583333333 0.03125 0.030598958333333332
0 0.9583333333333334 0.9088541666666666 0.022135416666666668 0.024739583333333332
0 0.3922526041666667 0.1695556640625 0.022135416666666668 0.027750651041666668
0 0.896484375 0.10294596354166667 0.048177083333333336 0.022298177083333332
0 0.2887798772609819 0.020823239664082685 0.02018733850129199 0.025234173126614984
0 0.38012758397932817 0.06069323320413437 0.023215439276485766 0.026243540051679587
0 0.08539244186046513 0.09299297480620154 0.023215439276485766 0.024224806201550375
