0 0.13728841145833334 0.5716145833333334 0.04248046875 0.03515625
0 0.11075846354166667 0.02294921875 0.039225260416666664 0.0458984375
0 0.76171875 0.3707682291666667 0.036458333333333336 0.038411458333333336
0 0.6536458333333334 0.2941080729166667 0.036458333333333336 0.043294270833333336
0 0.11735026041666667 0.2587890625 0.045084635416666664 0.0380859375
0 0.8118489583333334 0.5764973958333334 0.048177083333333336 0.033854166666666664
0 0.5631510416666666 0.4182942708333333 0.03515625 0.033854166666666664
0 0.15946451822916666 0.31787109375 0.033610026041666664 0.032877604166666664
0 0.6106770833333334 0.3121744791666667 0.03515625 0.040364583333333336
0 0.7845052083333334 0.6240234375 0.044270833333333336 0.05078125
0 0.11800130208333333 0.3336588541666667 0.042805989583333336 0.036458333333333336
0 0.3880208333333333 0.4886067708333333 0.037109375 0.03515625
0 0.5045572916666666 0.5953776041666666 0.026041666666666668 0.030598958333333332
0 0.4283854166666667 0.13118489583333334 0.034505208333333336 0.03125
0 0.4622395833333333 0.22835286458333334 0.03515625 0.0302734375
0 0.33203125 0.014851888020833334 0.037109375 0.029703776041666668
0 0.7233072916666666 0.3850911458333333 0.026041666666666668 0.029296875
0 0.5872395833333334 0.15531412760416666 0.03515625 0.031494140625
0 0.5074869791666666 0.6168619791666666 0.033203125 0.032552083333333336
0 0.6790364583333334 0.3642578125 0.036458333333333336 0.027994791666666668
0 0.6227213541666666 0.28662109375 0.034505208333333336 0.044921875
0 0.9908854166666666 0.6614583333333334 0.018229166666666668 0.040364583333333336
0 0.6487630208333334 0.14713541666666666 0.027994791666666668 0.0224609375
0 0.6373697916666666 0.5032552083333334 0.02734375 0.021484375
0 0.323974609375 0.3870442708333333 0.030436197916666668 0.025390625
0 0.740234375 0.294921875 0.029947916666666668 0.020833333333333332
0 0.912109375 0.5205078125 0.03125 0.033203125
0 0.08968098958333333 0.5387369791666666 0.032063802083333336 0.027994791666666668
0 0.5296223958333334 0.6422526041666666 0.022135416666666668 0.029296875
0 0.3727213541666667 0.2657877604166667 0.024088541666666668 0.021158854166666668
0 0.955078125 0.5 0.026041666666666668 0.026041666666666668
0 0.9915364583333334 0.2937825520833333 0.016927083333333332 0.03125
0 0.21435546875 0.2568359375 0.027018229166666668 0.0263671875
0 0.81640625 0.14827473958333334 0.01953125 0.025065104166666668
0 0.11409505208333333 0.4088541666666667 0.027018229166666668 0.033203125
0 0.08601888020833333 0.3684895833333333 0.039225260416666664 0.03515625
0 0.20442708333333334 0.32080078125 0.025390625 0.0244140625
0 0.4680989583333333 0.18489583333333334 0.014322916666666666 0.015625
