0 0.11767578125 0.2625325520833333 0.042643229166666664 0.032877604166666664
0 0.9557291666666666 0.21321614583333334 0.028645833333333332 0.036458333333333336
0 0.5263671875 0.3282063802083333 0.030598958333333332 0.03369140625
0 0.92578125 0.21842447916666666 0.033854166666666664 0.042317708333333336
0 0.9108072916666666 0.3094075520833333 0.029947916666666668 0.036458333333333336
0 0.5361328125 0.26416015625 0.029947916666666668 0.029947916666666668
0 0.90625 0.11881510416666667 0.03125 0.028645833333333332
0 0.12858072916666666 0.3068033854166667 0.028157552083333332 0.0205078125
0 0.87890625 0.6188151041666666 0.049479166666666664 0.037109375
0 0.8483072916666666 0.5647786458333334 0.045572916666666664 0.040364583333333336
0 0.4820963541666667 0.3230794270833333 0.026041666666666668 0.034830729166666664
0 0.7376302083333334 0.22884114583333334 0.040364583333333336 0.0322265625
0 0.71484375 0.2605794270833333 0.03125 0.027018229166666668
0 0.7252604166666666 0.3131510416666667 0.032552083333333336 0.041666666666666664
0 0.9876302083333334 0.501953125 0.020833333333333332 0.0390625
0 0.9674479166666666 0.341064453125 0.037760416666666664 0.029459635416666668
0 0.8600260416666666 0.39453125 0.024739583333333332 0.0234375
0 0.4274088541666667 0.06986490885416667 0.031901041666666664 0.037027994791666664
0 0.9700520833333334 0.13411458333333334 0.028645833333333332 0.024251302083333332
0 0.22469138606266148 0.09697760845647611 0.03127775759043927 0.034424143552164076
0 0.06968180338541667 0.3587239583333333 0.0357666015625 0.020182291666666668
0 0.052083333333333315 0.4058967215762274 0.021196705426356544 0.022206072351421174
0 0.3397529069767442 0.1752563791989664 0.02523417312661495 0.0232154392764858
0 0.2852470930232558 0.13084423449612403 0.025234173126615023 0.031290374677002596
0 0.25950823643410853 0.16819081072351424 0.022206072351421174 0.0232154392764858
0 0.2645550710594315 0.24793079780361757 0.0282622739018088 0.031290374677002575
0 0.39577277131782945 0.19998586886304906 0.020187338501291913 0.024224806201550392
