0 0.69140625 0.28857421875 0.045572916666666664 0.056966145833333336
0 0.5794270833333334 0.7981770833333334 0.045572916666666664 0.04296875
0 0.22054036458333334 0.955078125 0.038736979166666664 0.037760416666666664
0 0.4182942708333333 0.038848876953125 0.041015625 0.04827880859375
0 0.4908854166666667 0.6220703125 0.034505208333333336 0.035807291666666664
0 0.6376953125 0.7415364583333334 0.048177083333333336 0.03515625
0 0.6490885416666666 0.4306640625 0.052083333333333336 0.07421875
0 0.6474609375 0.3074544270833333 0.055338541666666664 0.046875
0 0.9505208333333334 0.189453125 0.044270833333333336 0.039388020833333336
0 0.23828125 0.6927083333333334 0.037760416666666664 0.033854166666666664
0 0.953125 0.23128255208333334 0.046875 0.033854166666666664
0 0.6868489583333334 0.443359375 0.037760416666666664 0.029947916666666668
0 0.296875 0.5771484375 0.033528645833333336 0.03515625
0 0.953125 0.5146484375 0.040364583333333336 0.03125
0 0.3404947916666667 0.5712890625 0.037109375 0.039713541666666664
0 0.5673828125 0.10359700520833333 0.055338541666666664 0.045572916666666664
0 0.2672526041666667 0.7194010416666666 0.026692708333333332 0.033854166666666664
0 0.5930989583333334 0.5638020833333334 0.031901041666666664 0.035807291666666664
0 0.880859375 0.212890625 0.03125 0.031575520833333336
0 0.9049479166666666 0.1798095703125 0.03125 0.027099609375
0 0.8118489583333334 0.9166666666666666 0.033854166666666664 0.0390625
0 0.27197265625 0.67236328125 0.047526041666666664 0.035481770833333336
0 0.8958333333333334 0.4609375 0.03515625 0.024088541666666668
0 0.791015625 0.6057942708333334 0.03515625 0.030598958333333332
0 0.6041666666666666 0.3059895833333333 0.03515625 0.0234375
0 0.9881121810400516 0.9768955910852712 0.019869387919896713 0.017562984496124034
0 0.3577473958333333 0.4293619791666667 0.0234375 0.02734375
0 0.6318359375 0.20458984375 0.034505208333333336 0.032877604166666664
0 0.4947916666666667 0.032079060872395836 0.022135416666666668 0.035939534505208336
0 0.4912109375 0.5787760416666666 0.029947916666666668 0.024739583333333332
0 0.6966145833333334 0.16996256510416666 0.026041666666666668 0.034423828125
0 0.4130859375 0.15889485677083334 0.03125 0.027587890625
0 0.8873697916666666 0.248046875 0.02734375 0.026692708333333332
0 0.5602213541666666 0.25732421875 0.033854166666666664 0.041015625
0 0.5865885416666666 0.5970052083333334 0.033203125 0.021484375
0 0.3802083333333333 0.3037109375 0.030598958333333332 0.027018229166666668
0 0.2596028645833333 0.7115885416666666 0.036458333333333336 0.03125
0 0.4606119791666667 0.5511067708333334 0.022786458333333332 0.021484375
0 0.7063802083333334 0.14949544270833334 0.026041666666666668 0.03662109375
0 0.2579752604166667 0.6717122395833334 0.033203125 0.0263671875
0 0.7018229166666666 0.16324869791666666 0.02734375 0.055013020833333336
0 0.3199055989583333 0.5771484375 0.02880859375 0.038411458333333336
0 0.3720703125 0.728515625 0.022135416666666668 0.024739583333333332
0 0.6822916666666666 0.3740234375 0.026041666666666668 0.024739583333333332
0 0.767219799741602 0.9231972706718347 0.026243540051679542 0.027252906976744207
0 0.5880571705426356 0.44374798126614984 0.01917797157622747 0.027252906976744207
0 0.5688791989664083 0.4003452034883721 0.021196705426356655 0.019177971576227398
