0 0.2726236979166667 0.14640299479166666 0.0419921875 0.030924479166666668
0 0.8522135416666666 0.3857421875 0.045572916666666664 0.039713541666666664
0 0.7897135416666666 0.3207194010416667 0.045572916666666664 0.040852864583333336
0 0.728515625 0.12019856770833333 0.03515625 0.033203125
0 0.06672159830729167 0.012491861979166666 0.050638834635416664 0.024983723958333332
0 0.2623697916666667 0.114990234375 0.044596354166666664 0.026692708333333332
0 0.95703125 0.2784830729166667 0.0234375 0.029622395833333332
0 0.4332682291666667 0.15873209635416666 0.034505208333333336 0.022054036458333332
0 0.025655110677083332 0.044677734375 0.0328369140625 0.035970052083333336
0 0.8072916666666666 0.3854166666666667 0.037760416666666664 0.024739583333333332
0 0.24055989583333334 0.23307291666666666 0.0283203125 0.022135416666666668
0 0.3854166666666667 0.19905598958333334 0.029296875 0.023111979166666668
0 0.038365681966145836 0.037251790364583336 0.039072672526041664 0.024698893229166668
0 0.22509765625 0.10555013020833333 0.024088541666666668 0.02490234375
0 0.15511067708333334 0.024169921875 0.031901041666666664 0.023722330729166668
0 0.025639851888020832 0.19921875 0.028147379557291668 0.030598958333333332
0 0.8489583333333334 0.4404296875 0.02734375 0.032552083333333336
0 0.7688802083333334 0.014383951822916666 0.028645833333333332 0.021240234375
0 0.13419596354166666 0.3948567708333333 0.047037760416666664 0.031901041666666664
0 0.042643229166666664 0.20914713541666666 0.028727213541666668 0.026692708333333332
0 0.41568001049741604 0.1567761325096899 0.022766270994832045 0.02383872335271316
0 0.3837890625 0.12174479166666667 0.032552083333333336 0.021647135416666668
0 0.7610677083333334 0.14078776041666666 0.02734375 0.03173828125
0 0.5960286458333334 0.15787760416666666 0.024739583333333332 0.0234375
0 0.6980781653746769 0.24641674741602068 0.025234173126614873 0.03229974160206717
0 0.38416505167958653 0.07684310400516796 0.02119670542635658 0.02018733850129199
0 0.3347060723514212 0.03848716085271318 0.02321543927648584 0.016149870801033587
0 0.09750484496124028 0.13134891795865633 0.02927164082687339 0.02018733850129199
