0 0.8763020833333334 0.3557942708333333 0.045572916666666664 0.037109375
0 0.2736002604166667 0.5872395833333334 0.04296875 0.037760416666666664
0 0.29833984375 0.351806640625 0.038736979166666664 0.041178385416666664
0 0.7109375 0.24951171875 0.03515625 0.0400390625
0 0.431640625 0.5432942708333334 0.040364583333333336 0.041666666666666664
0 0.6432291666666666 0.7415364583333334 0.041666666666666664 0.0390625
0 0.6427408854166666 0.5029296875 0.050455729166666664 0.033854166666666664
0 0.4830729166666667 0.259765625 0.048177083333333336 0.0302734375
0 0.21321614583333334 0.6181640625 0.0419921875 0.040364583333333336
0 0.4895833333333333 0.036519368489583336 0.044270833333333336 0.0584716796875
0 0.6502278645833334 0.21207682291666666 0.035481770833333336 0.044921875
0 0.4557291666666667 0.056070963541666664 0.039713541666666664 0.03955078125
0 0.3564453125 0.3811848958333333 0.032552083333333336 0.032552083333333336
0 0.421875 0.21110026041666666 0.036458333333333336 0.040690104166666664
0 0.4085286458333333 0.7220052083333334 0.033854166666666664 0.033854166666666664
0 0.20052083333333334 0.8697916666666666 0.0341796875 0.0390625
0 0.9186197916666666 0.625 0.046875 0.033854166666666664
0 0.25467399971737725 0.6406590661337209 0.029855811934754506 0.037177507267441845
0 0.6842447916666666 0.232421875 0.052083333333333336 0.054361979166666664
0 0.3714192708333333 0.7291666666666666 0.041015625 0.045572916666666664
0 0.62109375 0.17399088541666666 0.037109375 0.032877604166666664
0 0.5888671875 0.3213704427083333 0.036458333333333336 0.02978515625
0 0.6927083333333334 0.18929036458333334 0.032552083333333336 0.034830729166666664
0 0.9586058624031008 0.5313534601098192 0.02904958010335908 0.031709261950904365
0 0.27001953125 0.3717447916666667 0.040364583333333336 0.025390625
0 0.6018880208333334 0.022013346354166668 0.052083333333333336 0.044026692708333336
0 0.3994140625 0.5843098958333334 0.029296875 0.02734375
0 0.6857096354166666 0.5377604166666666 0.041341145833333336 0.0390625
0 0.3675130208333333 0.2902018229166667 0.041666666666666664 0.01953125
0 0.22265625 0.65576171875 0.045247395833333336 0.0478515625
0 0.703125 0.568359375 0.024739583333333332 0.027994791666666668
0 0.7395833333333334 0.771484375 0.03125 0.03125
0 0.6907552083333334 0.6266276041666666 0.026041666666666668 0.02734375
0 0.6712239583333334 0.2967122395833333 0.033854166666666664 0.025390625
0 0.7630208333333334 0.5530598958333334 0.029947916666666668 0.033203125
0 0.6272786458333334 0.044962565104166664 0.025390625 0.027018229166666668
0 0.4205729166666667 0.3136393229166667 0.02734375 0.0263671875
0 0.9361979166666666 0.5130208333333334 0.05078125 0.034505208333333336
0 0.23095703125 0.6834309895833334 0.036458333333333336 0.0380859375
0 0.9563802083333334 0.4124348958333333 0.0234375 0.024088541666666668
0 0.6416015625 0.13981119791666666 0.03125 0.0283203125
0 0.6940104166666666 0.55078125 0.03515625 0.057291666666666664
0 0.2786862080103359 0.6471354166666666 0.030281007751937983 0.03431847545219635
0 0.35792151162790703 0.43214026162790703 0.023215439276485766 0.02422480620155043
