0 0.697265625 0.2255859375 0.0390625 0.046223958333333336
0 0.45925816577842377 0.06291762556524548 0.050677789890180826 0.037944626130490954
0 0.6468098958333334 0.4104817708333333 0.050130208333333336 0.046223958333333336
0 0.4820963541666667 0.15152994791666666 0.041015625 0.040690104166666664
0 0.1783447265625 0.8561197916666666 0.042073567708333336 0.0390625
0 0.5061848958333334 0.07395426432291667 0.046223958333333336 0.056844075520833336
0 0.4069010416666667 0.14762369791666666 0.055989583333333336 0.0625
0 0.5022786458333334 0.032806396484375 0.040364583333333336 0.043924967447916664
0 0.6868489583333334 0.3264973958333333 0.04296875 0.044921875
0 0.6389973958333334 0.17578125 0.0390625 0.029622395833333332
0 0.46484375 0.029246012369791668 0.04296875 0.04681396484375
0 0.9850260416666666 0.93359375 0.029947916666666668 0.041666666666666664
0 0.396484375 0.6907552083333334 0.034505208333333336 0.040364583333333336
0 0.90625 0.845703125 0.040364583333333336 0.02734375
0 0.2576497395833333 0.8385416666666666 0.034830729166666664 0.0390625
0 0.970703125 0.794921875 0.036458333333333336 0.0390625
0 0.6149088541666666 0.6240234375 0.028645833333333332 0.03515625
0 0.4635416666666667 0.75 0.045572916666666664 0.04296875
0 0.4772135416666667 0.5732421875 0.033854166666666664 0.02734375
0 0.9466145833333334 0.8333333333333334 0.02734375 0.033854166666666664
0 0.6868489583333334 0.4251302083333333 0.024739583333333332 0.024088541666666668
0 0.5924479166666666 0.6829427083333334 0.028645833333333332 0.026041666666666668
0 0.23372395833333334 0.92578125 0.038736979166666664 0.041666666666666664
0 0.6497395833333334 0.30078125 0.026041666666666668 0.029947916666666668
0 0.66943359375 0.7721354166666666 0.0322265625 0.02734375
0 0.319580078125 0.7994791666666666 0.034016927083333336 0.03515625
0 0.693359375 0.2770182291666667 0.028645833333333332 0.042643229166666664
0 0.0145721435546875 0.171875 0.025705973307291668 0.03515625
0 0.8033854166666666 0.7565104166666666 0.026041666666666668 0.024739583333333332
0 0.015889485677083332 0.027821858723958332 0.031778971354166664 0.03631591796875
0 0.3273111979166667 0.9427083333333334 0.050455729166666664 0.041666666666666664
0 0.6979166666666666 0.2893880208333333 0.03125 0.041015625
0 0.43783056766795864 0.16058144581718345 0.03970344799741602 0.03625898336563308
0 0.49609375 0.29150390625 0.026041666666666668 0.027669270833333332
0 0.6334635416666666 0.5875651041666666 0.024088541666666668 0.0234375
0 0.46743782299741604 0.08643208979328165 0.04037467700258398 0.03330910852713179
0 0.8706799095607236 0.8056060239018089 0.02927164082687339 0.028262273901808726
0 0.5845243863049095 0.2933523094315245 0.024224806201550358 0.027252906976744207
