0 0.5963541666666666 0.7291666666666666 0.048177083333333336 0.032552083333333336
0 0.2540690104166667 0.8138020833333334 0.045247395833333336 0.045572916666666664
0 0.3909505208333333 0.6795247395833334 0.035807291666666664 0.032877604166666664
0 0.24251302083333334 0.6442057291666666 0.036458333333333336 0.044921875
0 0.51171875 0.6048177083333334 0.029296875 0.033854166666666664
0 0.6551106770833334 0.054860432942708336 0.050455729166666664 0.07387288411458333
0 0.4973958333333333 0.544921875 0.04296875 0.047526041666666664
0 0.68798828125 0.056874593098958336 0.052408854166666664 0.06593831380208333
0 0.09928385416666667 0.7858072916666666 0.04248046875 0.03515625
0 0.5152994791666666 0.7955729166666666 0.039713541666666664 0.03125
0 0.4039713541666667 0.9602864583333334 0.037109375 0.044270833333333336
0 0.5655167453972868 0.5838607275516795 0.024565467538759655 0.02889312822997418
0 0.304931640625 0.9322916666666666 0.05810546875 0.032552083333333336
0 0.83203125 0.9348958333333334 0.041666666666666664 0.04296875
0 0.2698567708333333 0.5149739583333334 0.027994791666666668 0.026692708333333332
0 0.66357421875 0.013997395833333334 0.041341145833333336 0.027994791666666668
0 0.7760416666666666 0.059000651041666664 0.02734375 0.027425130208333332
0 0.13333737080103356 0.8108395914082688 0.03515625 0.033854166666666664
0 0.7864583333333334 0.5559895833333334 0.02734375 0.020833333333333332
0 0.5849609375 0.4892578125 0.028645833333333332 0.032552083333333336
0 0.018915812174479168 0.67822265625 0.029632568359375 0.023763020833333332
0 0.859375 0.58203125 0.029947916666666668 0.036458333333333336
0 0.9440104166666666 0.5914713541666666 0.029947916666666668 0.029296875
0 0.5413411458333334 0.578125 0.021484375 0.025390625
0 0.20930989583333334 0.12272135416666667 0.032552083333333336 0.018391927083333332
0 0.916015625 0.859375 0.033854166666666664 0.016927083333333332
0 0.7843790374677001 0.39630773578811374 0.024224806201550358 0.02523417312661495
