0 0.037770589192708336 0.3919270833333333 0.058736165364583336 0.046223958333333336
0 0.023000081380208332 0.2657877604166667 0.045308430989583336 0.048502604166666664
0 0.139404296875 0.2916666666666667 0.035970052083333336 0.0390625
0 0.6775716145833334 0.458984375 0.039388020833333336 0.043619791666666664
0 0.1610107421875 0.038838704427083336 0.038004557291666664 0.049031575520833336
0 0.3264973958333333 0.7903645833333334 0.056640625 0.036458333333333336
0 0.5667317708333334 0.8756510416666666 0.043619791666666664 0.03125
0 0.5576171875 0.8151041666666666 0.030598958333333332 0.040364583333333336
0 0.018208821614583332 0.151123046875 0.036417643229166664 0.049641927083333336
0 0.3984375 0.5260416666666666 0.037760416666666664 0.027994791666666668
0 0.783203125 0.74609375 0.048177083333333336 0.037760416666666664
0 0.15380859375 0.2664388020833333 0.041015625 0.036458333333333336
0 0.9694010416666666 0.30517578125 0.037760416666666664 0.028645833333333332
0 0.4436848958333333 0.8645833333333334 0.045572916666666664 0.05078125
0 0.17304208050710593 0.6398957323966408 0.04171461159560715 0.05081657784237733
0 0.0252685546875 0.12434895833333333 0.040690104166666664 0.035481770833333336
0 0.07391357421875 0.018163045247395832 0.030558268229166668 0.031707763671875
0 0.014078776041666666 0.416015625 0.028157552083333332 0.042317708333333336
0 0.4873046875 0.67919921875 0.039713541666666664 0.030924479166666668
0 0.48828125 0.3136393229166667 0.026692708333333332 0.028645833333333332
0 0.24951171875 0.5791015625 0.037760416666666664 0.045572916666666664
0 0.9622395833333334 0.6145833333333334 0.029947916666666668 0.030598958333333332
0 0.16556803385416666 0.3678385416666667 0.038004557291666664 0.029296875
0 0.12410481770833333 0.345703125 0.026041666666666668 0.03125
0 0.045491536458333336 0.6207682291666666 0.03271484375 0.03515625
0 0.4208984375 0.6946614583333334 0.032552083333333336 0.020833333333333332
0 0.9537760416666666 0.4925130208333333 0.053385416666666664 0.022135416666666668
0 0.2916666666666667 0.8470052083333334 0.027018229166666668 0.033854166666666664
0 0.6751302083333334 0.359375 0.024739583333333332 0.01953125
0 0.02081298828125 0.716796875 0.034505208333333336 0.033854166666666664
0 0.058512369791666664 0.7688802083333334 0.027587890625 0.02734375
0 0.2978515625 0.324951171875 0.055013020833333336 0.028483072916666668
0 0.021199544270833332 0.19514973958333334 0.028238932291666668 0.0361328125
0 0.17236328125 0.3392740885416667 0.016927083333333332 0.01806640625
0 0.15665690104166666 0.6217447916666666 0.045084635416666664 0.044921875
0 0.5201822916666666 0.4560546875 0.028645833333333332 0.022786458333333332
0 0.14697265625 0.014801025390625 0.024088541666666668 0.02435302734375
0 0.9388020833333334 0.4264322916666667 0.024739583333333332 0.026692708333333332
0 0.6506379198966408 0.28275395671834624 0.027252906976744207 0.030281007751937983
