0 0.4703776041666667 0.23974609375 0.045572916666666664 0.037434895833333336
0 0.5065104166666666 0.642578125 0.036458333333333336 0.038411458333333336
0 0.6783854166666666 0.54296875 0.03515625 0.032552083333333336
0 0.29443359375 0.13777669270833334 0.0576171875 0.040852864583333336
0 0.5159505208333334 0.5263671875 0.04296875 0.04296875
0 0.28759765625 0.3555501302083333 0.051106770833333336 0.044759114583333336
0 0.2867838541666667 0.073486328125 0.037109375 0.035481770833333336
0 0.81640625 0.8704427083333334 0.0390625 0.052083333333333336
0 0.3098958333333333 0.4791666666666667 0.030924479166666668 0.053385416666666664
0 0.09499104817708333 0.6005859375 0.0347900390625 0.03125
0 0.2892252604166667 0.4088541666666667 0.0537109375 0.061848958333333336
0 0.30908203125 0.5546875 0.028971354166666668 0.041666666666666664
0 0.8313802083333334 0.830078125 0.028645833333333332 0.028645833333333332
0 0.5169270833333334 0.400390625 0.043619791666666664 0.028645833333333332
0 0.24837239583333334 0.5472005208333334 0.029947916666666668 0.033854166666666664
0 0.0103607177734375 0.7838541666666666 0.020721435546875 0.029947916666666668
0 0.9817708333333334 0.5696614583333334 0.03515625 0.03125
0 0.3175455729166667 0.3074544270833333 0.029622395833333332 0.027669270833333332
0 0.609375 0.31396484375 0.02734375 0.031575520833333336
0 0.28955078125 0.10725911458333333 0.0341796875 0.0205078125
0 0.9674479166666666 0.7369791666666666 0.028645833333333332 0.018229166666666668
0 0.2638346354166667 0.08133951822916667 0.020182291666666668 0.026285807291666668
0 0.2236328125 0.035105387369791664 0.0224609375 0.02288818359375
0 0.2847424095607235 0.605751372739018 0.026243540051679615 0.026243540051679615
