0 0.024129231770833332 0.20475260416666666 0.048258463541666664 0.062174479166666664
0 0.4606119791666667 0.036458333333333336 0.052734375 0.062337239583333336
0 0.6565755208333334 0.30615234375 0.047526041666666664 0.043619791666666664
0 0.26318359375 0.806640625 0.0576171875 0.037760416666666664
0 0.64794921875 0.4261067708333333 0.056966145833333336 0.059244791666666664
0 0.5602213541666666 0.053059895833333336 0.030598958333333332 0.035563151041666664
0 0.4182942708333333 0.4381510416666667 0.055338541666666664 0.035807291666666664
0 0.025299072265625 0.3759765625 0.03924560546875 0.039713541666666664
0 0.6175130208333334 0.15450032552083334 0.052083333333333336 0.047770182291666664
0 0.6881510416666666 0.08673095703125 0.04296875 0.041219075520833336
0 0.384765625 0.322998046875 0.045572916666666664 0.038248697916666664
0 0.92578125 0.8580729166666666 0.0546875 0.041666666666666664
0 0.7350260416666666 0.3414713541666667 0.04296875 0.05078125
0 0.6373697916666666 0.1868896484375 0.032552083333333336 0.042236328125
0 0.0167236328125 0.2893880208333333 0.033447265625 0.042643229166666664
0 0.6419270833333334 0.5494791666666666 0.043619791666666664 0.048828125
0 0.5983072916666666 0.3277994791666667 0.040364583333333336 0.027994791666666668
0 0.69140625 0.5481770833333334 0.0390625 0.036458333333333336
0 0.6927083333333334 0.4300130208333333 0.0390625 0.04296875
0 0.020060221354166668 0.9368489583333334 0.040120442708333336 0.045572916666666664
0 0.689453125 0.3378092447916667 0.032552083333333336 0.028157552083333332
0 0.6380208333333334 0.11637369791666667 0.03125 0.036946614583333336
0 0.011250813802083334 0.3349609375 0.022501627604166668 0.026692708333333332
0 0.33203125 0.23030598958333334 0.027994791666666668 0.021484375
0 0.68212890625 0.19189453125 0.048502604166666664 0.050455729166666664
0 0.5901692708333334 0.23974609375 0.03125 0.028645833333333332
0 0.5950520833333334 0.2862955729166667 0.033203125 0.021809895833333332
0 0.3743489583333333 0.3951822916666667 0.024088541666666668 0.03125
0 0.009829203287760416 0.6184895833333334 0.017003377278645832 0.045572916666666664
0 0.8463541666666666 0.9778645833333334 0.053385416666666664 0.036458333333333336
0 0.3427734375 0.6155598958333334 0.031901041666666664 0.029947916666666668
0 0.12727864583333334 0.646484375 0.0361328125 0.024739583333333332
0 0.2933182432978036 0.12789877563791988 0.03129794492894056 0.023050155442506454
0 0.2890625 0.14957682291666666 0.029947916666666668 0.040364583333333336
0 0.44140625 0.3811848958333333 0.037760416666666664 0.024739583333333332
0 0.005330403645833333 0.39453125 0.010660807291666666 0.040364583333333336
0 0.5478515625 0.3935546875 0.026041666666666668 0.018229166666666668
0 0.3597005208333333 0.3133138020833333 0.029947916666666668 0.0302734375
0 0.30029296875 0.4934895833333333 0.025716145833333332 0.020833333333333332
