0 0.7923177083333334 0.2626953125 0.0390625 0.029296875
0 0.951171875 0.14689127604166666 0.048177083333333336 0.051920572916666664
0 0.4811197916666667 0.2703450520833333 0.0390625 0.029296875
0 0.8743489583333334 0.028920491536458332 0.044270833333333336 0.045186360677083336
0 0.8411458333333334 0.037506103515625 0.03125 0.02606201171875
0 0.127197265625 0.46875 0.038736979166666664 0.029296875
0 0.047495524088541664 0.23307291666666666 0.029520670572916668 0.0302734375
0 0.07596842447916667 0.13818359375 0.028238932291666668 0.027669270833333332
0 0.12418619791666667 0.2867838541666667 0.033528645833333336 0.027018229166666668
0 0.4850260416666667 0.161376953125 0.037760416666666664 0.03662109375
0 0.642578125 0.4469401041666667 0.039713541666666664 0.02734375
0 0.1767578125 0.4908854166666667 0.028971354166666668 0.024088541666666668
0 0.22135416666666666 0.039937337239583336 0.04296875 0.026652018229166668
0 0.71484375 0.4814453125 0.03125 0.029947916666666668
0 0.051706949869791664 0.478515625 0.025655110677083332 0.029947916666666668
0 0.6907552083333334 0.2635091145833333 0.026041666666666668 0.026041666666666668
0 0.5179036458333334 0.208984375 0.031901041666666664 0.0302734375
0 0.7428385416666666 0.2955729166666667 0.026041666666666668 0.031901041666666664
0 0.2736002604166667 0.31201171875 0.029622395833333332 0.027018229166666668
0 0.4765625 0.031494140625 0.031901041666666664 0.028645833333333332
0 0.9225260416666666 0.14469401041666666 0.036458333333333336 0.02734375
0 0.20475260416666666 0.16748046875 0.027669270833333332 0.03515625
0 0.2526041666666667 0.12150065104166667 0.024739583333333332 0.024088541666666668
0 0.6617838541666666 0.3733723958333333 0.029296875 0.029947916666666668
0 0.9342447916666666 0.11319986979166667 0.018229166666666668 0.02685546875
0 0.4596354166666667 0.36328125 0.032552083333333336 0.0234375
0 0.037038167317708336 0.4508463541666667 0.032857259114583336 0.022135416666666668
0 0.048350016276041664 0.353515625 0.048482259114583336 0.026692708333333332
0 0.2688802083333333 0.010943094889322916 0.032877604166666664 0.018437703450520832
0 0.7688802083333334 0.2626953125 0.0234375 0.029296875
0 0.791015625 0.373046875 0.029947916666666668 0.025390625
0 0.15380859375 0.4417317708333333 0.024088541666666668 0.020833333333333332
0 0.2849934895833333 0.13289388020833334 0.026041666666666668 0.0341796875
