0 0.6373697916666666 0.4541015625 0.040364583333333336 0.039713541666666664
0 0.4947916666666667 0.02752685546875 0.0625 0.054728190104166664
0 0.6529947916666666 0.6868489583333334 0.037760416666666664 0.044270833333333336
0 0.2760416666666667 0.18212890625 0.042317708333333336 0.039388020833333336
0 0.4873046875 0.24479166666666666 0.078125 0.064453125
0 0.3701171875 0.4365234375 0.040364583333333336 0.038411458333333336
0 0.4296875 0.6139322916666666 0.044270833333333336 0.026041666666666668
0 0.689453125 0.6705729166666666 0.041666666666666664 0.03515625
0 0.7115885416666666 0.24348958333333334 0.036458333333333336 0.037109375
0 0.70703125 0.3185221354166667 0.02734375 0.026041666666666668
0 0.482421875 0.419921875 0.047526041666666664 0.05859375
0 0.6668294270833334 0.24088541666666666 0.038736979166666664 0.035807291666666664
0 0.4817708333333333 0.0792236328125 0.06966145833333333 0.071533203125
0 0.3125813802083333 0.6495768229166666 0.048014322916666664 0.044596354166666664
0 0.4166666666666667 0.4322916666666667 0.057291666666666664 0.056640625
0 0.22981770833333334 0.978515625 0.042317708333333336 0.04296875
0 0.4879557291666667 0.2864583333333333 0.0546875 0.037760416666666664
0 0.1923828125 0.9817708333333334 0.039388020833333336 0.036458333333333336
0 0.4788411458333333 0.34375 0.050130208333333336 0.038411458333333336
0 0.7115885416666666 0.4664713541666667 0.03515625 0.04296875
0 0.4156901041666667 0.3282063802083333 0.039713541666666664 0.02783203125
0 0.3938802083333333 0.09895833333333333 0.03515625 0.029459635416666668
0 0.6256510416666666 0.6666666666666666 0.0390625 0.040364583333333336
0 0.2766927083333333 0.8606770833333334 0.035807291666666664 0.036458333333333336
0 0.7154947916666666 0.5543619791666666 0.028645833333333332 0.037109375
0 0.6012369791666666 0.032374064127604164 0.022135416666666668 0.035186767578125
0 0.66015625 0.15791829427083334 0.032552083333333336 0.031819661458333336
0 0.6901041666666666 0.5651041666666666 0.033854166666666664 0.02734375
0 0.6953125 0.5423177083333334 0.03515625 0.036458333333333336
0 0.010986328125 0.7903645833333334 0.01715087890625 0.040364583333333336
0 0.48642653827519383 0.475913981750646 0.040364583333333336 0.034505208333333336
0 0.5045572916666666 0.3740234375 0.027994791666666668 0.033203125
0 0.625 0.7513020833333334 0.029947916666666668 0.03125
0 0.6142578125 0.779296875 0.03515625 0.026041666666666668
0 0.3391927083333333 0.6539713541666666 0.026692708333333332 0.043619791666666664
0 0.014882405598958334 0.4664713541666667 0.029764811197916668 0.033854166666666664
0 0.4811197916666667 0.1357421875 0.034505208333333336 0.0224609375
0 0.246891149870801 0.8040919735142119 0.02927164082687339 0.025234173126614873
0 0.28120962532299737 0.8368963985788113 0.02523417312661495 0.026243540051679542
