0 0.763671875 0.4348958333333333 0.040364583333333336 0.037109375
0 0.6171875 0.1776123046875 0.047526041666666664 0.038004557291666664
0 0.4244791666666667 0.5377604166666666 0.038411458333333336 0.041015625
0 0.8444010416666666 0.4482421875 0.04296875 0.037109375
0 0.3202311197916667 0.034342447916666664 0.059407552083333336 0.055094401041666664
0 0.4127604166666667 0.18424479166666666 0.046223958333333336 0.038411458333333336
0 0.9108072916666666 0.4951171875 0.061197916666666664 0.057942708333333336
0 0.5208333333333334 0.08616129557291667 0.038411458333333336 0.036824544270833336
0 0.251953125 0.056131998697916664 0.042317708333333336 0.057332356770833336
0 0.5172526041666666 0.16170247395833334 0.046223958333333336 0.031412760416666664
0 0.3994140625 0.025705973307291668 0.054036458333333336 0.04608154296875
0 0.2747395833333333 0.12239583333333333 0.02734375 0.030924479166666668
0 0.4280598958333333 0.4996744791666667 0.042317708333333336 0.034505208333333336
0 0.4313151041666667 0.23356119791666666 0.029947916666666668 0.024739583333333332
0 0.3802083333333333 0.016164143880208332 0.046223958333333336 0.032328287760416664
0 0.6321614583333334 0.127197265625 0.029296875 0.024088541666666668
0 0.5651041666666666 0.1904296875 0.029296875 0.021484375
0 0.3675130208333333 0.021321614583333332 0.031901041666666664 0.042643229166666664
0 0.4274088541666667 0.470703125 0.048828125 0.022786458333333332
0 0.05713016795865633 0.3438206556847545 0.033309108527131835 0.02119670542635658
0 0.2458817829457364 0.24793079780361757 0.02927164082687339 0.02927164082687339
