0 0.46484375 0.02130126953125 0.051432291666666664 0.0426025390625
0 0.8118489583333334 0.23111979166666666 0.0390625 0.042317708333333336
0 0.64404296875 0.11124674479166667 0.046549479166666664 0.03662109375
0 0.4078776041666667 0.4078776041666667 0.052734375 0.045572916666666664
0 0.7682291666666666 0.24186197916666666 0.040364583333333336 0.046549479166666664
0 0.4791666666666667 0.08748372395833333 0.041015625 0.039713541666666664
0 0.6798502604166666 0.08902994791666667 0.045247395833333336 0.0478515625
0 0.6484375 0.053558349609375 0.048177083333333336 0.047017415364583336
0 0.20166015625 0.623046875 0.046549479166666664 0.064453125
0 0.6482747395833334 0.2928059895833333 0.0419921875 0.0458984375
0 0.23291015625 0.4840494791666667 0.0439453125 0.052734375
0 0.2659505208333333 0.6350911458333334 0.042317708333333336 0.047526041666666664
0 0.23616536458333334 0.6848958333333334 0.040690104166666664 0.045572916666666664
0 0.6883138020833334 0.3102213541666667 0.0595703125 0.049479166666666664
0 0.9817708333333334 0.3111979166666667 0.033854166666666664 0.0224609375
0 0.4661458333333333 0.1328125 0.037760416666666664 0.027994791666666668
0 0.638671875 0.18131510416666666 0.039713541666666664 0.022786458333333332
0 0.16373697916666666 0.6087239583333334 0.0478515625 0.04296875
0 0.37890625 0.2775065104166667 0.032552083333333336 0.024739583333333332
0 0.9173177083333334 0.4977213541666667 0.032552083333333336 0.029947916666666668
0 0.5992838541666666 0.16398111979166666 0.03125 0.024576822916666668
0 0.6842447916666666 0.011474609375 0.048177083333333336 0.02294921875
0 0.4371744791666667 0.10050455729166667 0.033854166666666664 0.031575520833333336
0 0.7571614583333334 0.4156901041666667 0.0234375 0.024088541666666668
0 0.8984375 0.544921875 0.028645833333333332 0.02734375
0 0.6775716145833334 0.1668701171875 0.023763020833333332 0.028564453125
0 0.27826101219315247 0.5038734455749354 0.04728127018733841 0.06446321866925064
0 0.712890625 0.3274739583333333 0.028645833333333332 0.025390625
0 0.6603190104166666 0.012003580729166666 0.038736979166666664 0.024007161458333332
0 0.97265625 0.5042317708333334 0.0234375 0.022786458333333332
0 0.6795247395833334 0.2643229166666667 0.0263671875 0.034830729166666664
0 0.7742853682170542 0.31858648255813954 0.02826227390180887 0.023215439276485766
0 0.4502785852713178 0.2706415536175711 0.02018733850129199 0.02018733850129199
0 0.4003149224806201 0.24288396317829455 0.015140503875968955 0.019177971576227398
0 0.6703205749354005 0.44425266472868213 0.026243540051679688 0.030281007751937983
