0 0.826171875 0.135009765625 0.049479166666666664 0.052571614583333336
0 0.6769205729166666 0.39453125 0.0302734375 0.037760416666666664
0 0.9212239583333334 0.7688802083333334 0.0390625 0.0390625
0 0.8131510416666666 0.1953125 0.0390625 0.0419921875
0 0.13484700520833334 0.595703125 0.045084635416666664 0.033203125
0 0.7532552083333334 0.30224609375 0.041666666666666664 0.035481770833333336
0 0.5345052083333334 0.5725911458333334 0.050130208333333336 0.033854166666666664
0 0.87109375 0.7623697916666666 0.037760416666666664 0.032552083333333336
0 0.4313151041666667 0.5218098958333334 0.028645833333333332 0.029296875
0 0.970703125 0.5712890625 0.036458333333333336 0.045572916666666664
0 0.6525065104166666 0.5686848958333334 0.037434895833333336 0.02734375
0 0.2503255208333333 0.5817057291666666 0.036783854166666664 0.026041666666666668
0 0.3358561197916667 0.5625 0.037272135416666664 0.029947916666666668
0 0.6829427083333334 0.6953125 0.032552083333333336 0.033854166666666664
0 0.7161458333333334 0.3971354166666667 0.028645833333333332 0.026041666666666668
0 0.9212239583333334 0.8131510416666666 0.03515625 0.03515625
0 0.061319986979166664 0.3316243489583333 0.034098307291666664 0.033365885416666664
0 0.6494140625 0.1678466796875 0.035807291666666664 0.033447265625
0 0.2789713541666667 0.23697916666666666 0.033854166666666664 0.026041666666666668
0 0.6236979166666666 0.69140625 0.029947916666666668 0.045572916666666664
0 0.96875 0.7623697916666666 0.029947916666666668 0.03515625
0 0.591796875 0.6048177083333334 0.034505208333333336 0.036458333333333336
0 0.4889322916666667 0.5843098958333334 0.022786458333333332 0.027994791666666668
0 0.9088541666666666 0.833984375 0.033854166666666664 0.02734375
0 0.8567708333333334 0.15380859375 0.0234375 0.0302734375
0 0.3626302083333333 0.5152994791666666 0.026041666666666668 0.022786458333333332
0 0.8528645833333334 0.3226725260416667 0.026041666666666668 0.030436197916666668
0 0.5764973958333334 0.4866536458333333 0.026692708333333332 0.024088541666666668
0 0.6028645833333334 0.16499837239583334 0.044270833333333336 0.028076171875
0 0.6139322916666666 0.6018880208333334 0.0234375 0.030598958333333332
0 0.71484375 0.3074544270833333 0.026041666666666668 0.024739583333333332
0 0.9889322916666666 0.1513671875 0.01953125 0.055338541666666664
0 0.9505208333333334 0.3502604166666667 0.029947916666666668 0.025390625
0 0.7919492894056847 0.19796713501291988 0.02927164082687339 0.05854328165374678
0 0.010617574055989584 0.5618489583333334 0.0181121826171875 0.032552083333333336
0 0.3155924479166667 0.5625 0.023111979166666668 0.028645833333333332
0 0.34681847545219635 0.1374051195090439 0.027252906976744207 0.026243540051679577
0 0.18431040051679584 0.09551639211886305 0.02321543927648584 0.02725290697674419
0 0.2615269702842377 0.15607840762273903 0.024224806201550358 0.027252906976744207
