0 0.6681315104166666 0.11832682291666667 0.0517578125 0.039876302083333336
0 0.5302734375 0.6038411458333334 0.041015625 0.042317708333333336
0 0.8138020833333334 0.085205078125 0.046875 0.052571614583333336
0 0.5699869791666666 0.2932942708333333 0.031901041666666664 0.036783854166666664
0 0.7506510416666666 0.5172526041666666 0.041666666666666664 0.029296875
0 0.5813802083333334 0.6083984375 0.029947916666666668 0.0234375
0 0.7278645833333334 0.5364583333333334 0.032552083333333336 0.027994791666666668
0 0.919921875 0.5442708333333334 0.032552083333333336 0.020833333333333332
0 0.4996744791666667 0.2571614583333333 0.02734375 0.02734375
0 0.2809244791666667 0.25537109375 0.035807291666666664 0.035481770833333336
0 0.927734375 0.3102213541666667 0.024739583333333332 0.023763020833333332
0 0.6103515625 0.6106770833333334 0.030598958333333332 0.0234375
0 0.25390625 0.39453125 0.0361328125 0.0234375
0 0.3935546875 0.3329264322916667 0.034505208333333336 0.022298177083333332
0 0.6302083333333334 0.4697265625 0.029947916666666668 0.033203125
0 0.6240234375 0.24918619791666666 0.030598958333333332 0.01953125
0 0.6953125 0.5166015625 0.022135416666666668 0.025390625
0 0.6907552083333334 0.22249348958333334 0.029947916666666668 0.026692708333333332
0 0.6790364583333334 0.24348958333333334 0.024739583333333332 0.02734375
0 0.5520833333333334 0.3821614583333333 0.026041666666666668 0.022135416666666668
0 0.560546875 0.6376953125 0.02734375 0.025390625
0 0.361328125 0.24430338541666666 0.03125 0.021484375
0 0.666015625 0.15275065104166666 0.03515625 0.023274739583333332
0 0.6629231770833334 0.23942057291666666 0.0283203125 0.0263671875
0 0.8463541666666666 0.390625 0.0234375 0.0234375
0 0.2448724160206718 0.151031572997416 0.017159237726098137 0.025234173126614967
0 0.2706112726098191 0.2025092861757106 0.026243540051679542 0.023215439276485766
