0 0.3170572916666667 0.9296875 0.05859375 0.05859375
0 0.8359375 0.2755533854166667 0.049479166666666664 0.046875
0 0.9788411458333334 0.8587239583333334 0.042317708333333336 0.04296875
0 0.8203125 0.23795572916666666 0.04296875 0.043294270833333336
0 0.2970377604166667 0.8893229166666666 0.048502604166666664 0.053385416666666664
0 0.96875 0.6661783854166666 0.044270833333333336 0.037434895833333336
0 0.3883463541666667 0.5126953125 0.048177083333333336 0.041015625
0 0.2853190104166667 0.8483072916666666 0.051432291666666664 0.04296875
0 0.85546875 0.3164876302083333 0.046875 0.04150390625
0 0.8046875 0.31787109375 0.036458333333333336 0.052408854166666664
0 0.356201171875 0.6533203125 0.046712239583333336 0.039713541666666664
0 0.4124348958333333 0.8619791666666666 0.055338541666666664 0.0625
0 0.6556380713016795 0.03458816567748708 0.051571079618862946 0.06634127200419897
0 0.9147135416666666 0.7845052083333334 0.044270833333333336 0.040364583333333336
0 0.4830729166666667 0.5852864583333334 0.035807291666666664 0.044270833333333336
0 0.5237630208333334 0.14864095052083334 0.047526041666666664 0.051025390625
0 0.658203125 0.29150390625 0.040364583333333336 0.0546875
0 0.7174479166666666 0.4345703125 0.02734375 0.033854166666666664
0 0.4567057291666667 0.5979817708333334 0.032552083333333336 0.047526041666666664
0 0.022440592447916668 0.92578125 0.044881184895833336 0.07161458333333333
0 0.5651041666666666 0.3014322916666667 0.033854166666666664 0.025716145833333332
0 0.4772135416666667 0.8151041666666666 0.046875 0.053385416666666664
0 0.60546875 0.2703450520833333 0.044921875 0.032552083333333336
0 0.634765625 0.3006184895833333 0.037109375 0.049479166666666664
0 0.6573893229166666 0.24039713541666666 0.0498046875 0.0615234375
0 0.3740234375 0.23421223958333334 0.029296875 0.0361328125
0 0.3649088541666667 0.6276041666666666 0.044921875 0.028645833333333332
0 0.14884440104166666 0.9375 0.034016927083333336 0.029947916666666668
0 0.9615885416666666 0.9772135416666666 0.02734375 0.0390625
0 0.9889322916666666 0.7799479166666666 0.016927083333333332 0.0390625
0 0.84765625 0.5305989583333334 0.03125 0.020833333333333332
0 0.6061197916666666 0.4186197916666667 0.031901041666666664 0.026041666666666668
0 0.3665364583333333 0.24853515625 0.025390625 0.030598958333333332
0 0.4085286458333333 0.5576171875 0.026041666666666668 0.024739583333333332
0 0.6340199551841085 0.018056706864704456 0.056451368701550354 0.028748504875242248
0 0.8903625645994833 0.5800125161498708 0.03431847545219643 0.027252906976744134
