0 0.7486979166666666 0.2809244791666667 0.036458333333333336 0.036783854166666664
0 0.677734375 0.10595703125 0.036458333333333336 0.04443359375
0 0.4339192708333333 0.0349273681640625 0.035807291666666664 0.033986409505208336
0 0.8932291666666666 0.5625 0.041666666666666664 0.031901041666666664
0 0.7766927083333334 0.2822265625 0.036458333333333336 0.0419921875
0 0.7291666666666666 0.025665283203125 0.028645833333333332 0.035746256510416664
0 0.6959635416666666 0.027486165364583332 0.040364583333333336 0.054972330729166664
0 0.2526041666666667 0.23063151041666666 0.031575520833333336 0.04296875
0 0.6526692708333334 0.040313720703125 0.031901041666666664 0.032816569010416664
0 0.5992838541666666 0.165283203125 0.027994791666666668 0.02587890625
0 0.3186848958333333 0.2685546875 0.026692708333333332 0.039713541666666664
0 0.4908854166666667 0.20084635416666666 0.020182291666666668 0.029296875
0 0.27880859375 0.22737630208333334 0.023763020833333332 0.031901041666666664
0 0.3094075520833333 0.008412679036458334 0.039713541666666664 0.0164794921875
0 0.3270670572916667 0.2887369791666667 0.02294921875 0.032877604166666664
0 0.4235026041666667 0.23030598958333334 0.029296875 0.028645833333333332
