0 0.470703125 0.4534505208333333 0.0546875 0.06380208333333333
0 0.66748046875 0.4596354166666667 0.0439453125 0.038411458333333336
0 0.6946614583333334 0.14388020833333334 0.040364583333333336 0.044270833333333336
0 0.2630208333333333 0.71875 0.045572916666666664 0.033854166666666664
0 0.6402994791666666 0.4348958333333333 0.03515625 0.034505208333333336
0 0.025238037109375 0.5895182291666666 0.043436686197916664 0.047526041666666664
0 0.4479166666666667 0.2794596354166667 0.048828125 0.0576171875
0 0.4729817708333333 0.3987630208333333 0.043619791666666664 0.03125
0 0.4684244791666667 0.061655680338541664 0.05078125 0.059794108072916664
0 0.9583333333333334 0.09228515625 0.048177083333333336 0.0322265625
0 0.027150472005208332 0.6720377604166666 0.041890462239583336 0.049153645833333336
0 0.5703125 0.4078776041666667 0.044270833333333336 0.039713541666666664
0 0.4358723958333333 0.4189453125 0.043619791666666664 0.068359375
0 0.043619791666666664 0.8229166666666666 0.037109375 0.03515625
0 0.010986328125 0.5341796875 0.02197265625 0.038411458333333336
0 0.4391276041666667 0.2265625 0.050130208333333336 0.043619791666666664
0 0.6412760416666666 0.142822265625 0.037760416666666664 0.042805989583333336
0 0.6798502604166666 0.3462727864583333 0.0361328125 0.039876302083333336
0 0.020848592122395832 0.3280436197916667 0.040985107421875 0.05029296875
0 0.9615885416666666 0.9778645833333334 0.03515625 0.040364583333333336
0 0.64990234375 0.6018880208333334 0.041341145833333336 0.049479166666666664
0 0.055989583333333336 0.6920572916666666 0.023193359375 0.036458333333333336
0 0.027661700581395332 0.3486807574289406 0.045815164728682155 0.05386991279069764
0 0.07269287109375 0.7317708333333334 0.0225830078125 0.02734375
0 0.2705078125 0.8313802083333334 0.031901041666666664 0.01953125
0 0.892578125 0.9309895833333334 0.040364583333333336 0.016927083333333332
0 0.26657380490956073 0.07835715439276485 0.024224806201550358 0.03330910852713178
0 0.9897852067183462 0.8298308301033591 0.017159237726098137 0.02018733850129199
