0 0.6686197916666666 0.08546956380208333 0.0390625 0.050740559895833336
0 0.63671875 0.7122395833333334 0.0390625 0.0390625
0 0.787109375 0.1279296875 0.029947916666666668 0.038248697916666664
0 0.8313802083333334 0.12369791666666667 0.046875 0.045572916666666664
0 0.65625 0.7649739583333334 0.048177083333333336 0.059895833333333336
0 0.5628255208333334 0.5250651041666666 0.031901041666666664 0.02734375
0 0.8567708333333334 0.16280110677083334 0.03515625 0.037679036458333336
0 0.9147135416666666 0.7005208333333334 0.033854166666666664 0.028645833333333332
0 0.8776041666666666 0.5198567708333334 0.0390625 0.02734375
0 0.5550130208333334 0.19482421875 0.036458333333333336 0.02734375
0 0.904296875 0.5087890625 0.032552083333333336 0.026041666666666668
0 0.9713541666666666 0.455078125 0.024739583333333332 0.024739583333333332
0 0.61328125 0.4088541666666667 0.03515625 0.033203125
0 0.5432942708333334 0.14558919270833334 0.043619791666666664 0.03173828125
0 0.50390625 0.5237630208333334 0.024088541666666668 0.026692708333333332
0 0.591796875 0.4007161458333333 0.030598958333333332 0.024739583333333332
0 0.53515625 0.50390625 0.027994791666666668 0.024088541666666668
0 0.9290364583333334 0.4378255208333333 0.044270833333333336 0.029296875
0 0.75390625 0.135986328125 0.022135416666666668 0.026529947916666668
0 0.9876302083333334 0.4166666666666667 0.018229166666666668 0.02734375
0 0.5413411458333334 0.19384765625 0.028645833333333332 0.031901041666666664
0 0.6184895833333334 0.724609375 0.022135416666666668 0.026041666666666668
0 0.6468098958333334 0.07737223307291667 0.0234375 0.029825846354166668
0 0.6155598958333334 0.3753255208333333 0.024088541666666668 0.028645833333333332
0 0.8752220607235142 0.32767078488372087 0.026243540051679542 0.02725290697674417
