0 0.69140625 0.19401041666666666 0.045572916666666664 0.044921875
0 0.4915364583333333 0.1748046875 0.053385416666666664 0.053059895833333336
0 0.42578125 0.10611979166666667 0.050130208333333336 0.05712890625
0 0.4290364583333333 0.19173177083333334 0.049479166666666664 0.034505208333333336
0 0.3645833333333333 0.166015625 0.033854166666666664 0.033203125
0 0.6409505208333334 0.19986979166666666 0.042317708333333336 0.03515625
0 0.72265625 0.6090494791666666 0.036458333333333336 0.033203125
0 0.6484375 0.4635416666666667 0.037760416666666664 0.036458333333333336
0 0.69140625 0.61328125 0.03515625 0.041015625
0 0.578125 0.6227213541666666 0.035807291666666664 0.036458333333333336
0 0.324462890625 0.8118489583333334 0.02880859375 0.03515625
0 0.3997395833333333 0.022532145182291668 0.040364583333333336 0.044291178385416664
0 0.71875 0.2716471354166667 0.03515625 0.03515625
0 0.2804361979166667 0.978515625 0.034830729166666664 0.0390625
0 0.29443359375 0.93359375 0.043294270833333336 0.049479166666666664
0 0.29833984375 0.2747395833333333 0.038411458333333336 0.048177083333333336
0 0.3610026041666667 0.4983723958333333 0.031901041666666664 0.037109375
0 0.3916015625 0.861328125 0.037760416666666664 0.032552083333333336
0 0.2716471354166667 0.8580729166666666 0.047200520833333336 0.045572916666666664
0 0.2677408854166667 0.5999348958333334 0.0390625 0.037109375
0 0.3509928385416667 0.3102213541666667 0.04150390625 0.0390625
0 0.3203125 0.66796875 0.034505208333333336 0.04296875
0 0.2565104166666667 0.3206380208333333 0.03515625 0.037109375
0 0.4534505208333333 0.021586100260416668 0.05078125 0.043172200520833336
0 0.3655598958333333 0.9518229166666666 0.041015625 0.03515625
0 0.798828125 0.23583984375 0.03515625 0.034830729166666664
0 0.69140625 0.548828125 0.03515625 0.02734375
0 0.8639322916666666 0.7799479166666666 0.037760416666666664 0.02734375
0 0.67138671875 0.048553466796875 0.033528645833333336 0.06972249348958333
0 0.3678385416666667 0.3639322916666667 0.032552083333333336 0.024739583333333332
0 0.400390625 0.4964192708333333 0.030598958333333332 0.027994791666666668
0 0.6907552083333334 0.3841145833333333 0.03125 0.034505208333333336
0 0.31982421875 0.3492838541666667 0.034830729166666664 0.029947916666666668
0 0.4264322916666667 0.5608723958333334 0.035807291666666664 0.027994791666666668
0 0.5641276041666666 0.011683146158854166 0.050130208333333336 0.021392822265625
0 0.24723307291666666 0.4300130208333333 0.0263671875 0.0234375
0 0.3577473958333333 0.011477152506510416 0.033203125 0.020665486653645832
0 0.5986328125 0.44921875 0.044270833333333336 0.029947916666666668
0 0.18798828125 0.990234375 0.040364583333333336 0.01953125
0 0.8248697916666666 0.77734375 0.024739583333333332 0.028645833333333332
0 0.3084309895833333 0.802734375 0.027018229166666668 0.024739583333333332
0 0.56640625 0.14908854166666666 0.033854166666666664 0.02685546875
0 0.4729893410852713 0.34129723837209297 0.015140503875968955 0.02422480620155043
0 0.5073078165374677 0.3438206556847545 0.015140503875969102 0.02119670542635658
0 0.30947189922480617 0.4634306363049096 0.027252906976744134 0.036337209302325535
0 0.682937661498708 0.7314175549095608 0.02321543927648584 0.025234173126615023
0 0.9398215439276485 0.7339409722222222 0.026243540051679542 0.03028100775193791
