0 0.022084554036458332 0.6083984375 0.04388427734375 0.04296875
0 0.48046875 0.5572916666666666 0.043619791666666664 0.037109375
0 0.0231170654296875 0.3544921875 0.036773681640625 0.036458333333333336
0 0.021937052408854168 0.6471354166666666 0.035715738932291664 0.045572916666666664
0 0.023681640625 0.17582194010416666 0.038167317708333336 0.037679036458333336
0 0.9798177083333334 0.6389973958333334 0.0390625 0.041015625
0 0.6328125 0.5110677083333334 0.029947916666666668 0.03125
0 0.4016927083333333 0.0513916015625 0.032552083333333336 0.027750651041666668
0 0.6691080729166666 0.2693684895833333 0.031575520833333336 0.031901041666666664
0 0.8196614583333334 0.5966796875 0.033854166666666664 0.038411458333333336
0 0.4443359375 0.5934244791666666 0.03125 0.031901041666666664
0 0.4876302083333333 0.027303059895833332 0.0390625 0.0284423828125
0 0.4850260416666667 0.478515625 0.034505208333333336 0.030598958333333332
0 0.26171875 0.619140625 0.0341796875 0.055989583333333336
0 0.5696614583333334 0.5358072916666666 0.04296875 0.031901041666666664
0 0.6516927083333334 0.474609375 0.02734375 0.029296875
0 0.986328125 0.5950520833333334 0.022135416666666668 0.028645833333333332
0 0.5657552083333334 0.5579427083333334 0.037760416666666664 0.033203125
0 0.067138671875 0.7115885416666666 0.026936848958333332 0.036458333333333336
0 0.83203125 0.5670572916666666 0.024739583333333332 0.024088541666666668
0 0.5686848958333334 0.4749348958333333 0.022135416666666668 0.033854166666666664
0 0.3870442708333333 0.2877604166666667 0.024739583333333332 0.02734375
0 0.7317708333333334 0.5556640625 0.020833333333333332 0.0234375
0 0.9856770833333334 0.6705729166666666 0.024739583333333332 0.026041666666666668
0 0.3626302083333333 0.2936197916666667 0.022135416666666668 0.025390625
0 0.011576334635416666 0.3289388020833333 0.02294921875 0.029622395833333332
0 0.4342447916666667 0.038421630859375 0.03125 0.029927571614583332
0 0.5738932291666666 0.2999674479166667 0.021484375 0.035481770833333336
0 0.4612630208333333 0.03033447265625 0.035807291666666664 0.053751627604166664
0 0.22705078125 0.6848958333333334 0.0244140625 0.03125
