0 0.6953125 0.01361083984375 0.046875 0.0272216796875
0 0.11686197916666667 0.5530598958333334 0.043294270833333336 0.03515625
0 0.6432291666666666 0.16341145833333334 0.049479166666666664 0.053059895833333336
0 0.6510416666666666 0.047566731770833336 0.0390625 0.034098307291666664
0 0.6422526041666666 0.321533203125 0.026692708333333332 0.025553385416666668
0 0.96875 0.5133463541666666 0.036458333333333336 0.033203125
0 0.951171875 0.67578125 0.03515625 0.033854166666666664
0 0.7298177083333334 0.4270833333333333 0.03515625 0.03515625
0 0.703125 0.3544921875 0.033854166666666664 0.026041666666666668
0 0.7630208333333334 0.19449869791666666 0.033854166666666664 0.029622395833333332
0 0.9283854166666666 0.5185546875 0.028645833333333332 0.03125
0 0.3490832424903101 0.39503467175387597 0.02774497335271316 0.03480044815891473
0 0.21761067708333334 0.3285319010416667 0.026041666666666668 0.025227864583333332
0 0.7115885416666666 0.5276692708333334 0.024739583333333332 0.024088541666666668
0 0.6901041666666666 0.5289713541666666 0.026041666666666668 0.026692708333333332
0 0.3310546875 0.3935546875 0.024739583333333332 0.02734375
0 0.3671875 0.2587890625 0.018229166666666668 0.024088541666666668
0 0.837890625 0.451171875 0.028645833333333332 0.020833333333333332
0 0.2978515625 0.20426432291666666 0.021809895833333332 0.0224609375
0 0.6609334625322999 0.5386738937338501 0.0390625 0.029296875
0 0.9466145833333334 0.5065104166666666 0.028645833333333332 0.024088541666666668
0 0.27313468992248063 0.1480034722222222 0.02321543927648584 0.015140503875968991
0 0.6294412144702842 0.06775880167958657 0.025234173126615023 0.026243540051679587
