0 0.6437174479166666 0.22249348958333334 0.0576171875 0.058919270833333336
0 0.6985677083333334 0.22037760416666666 0.052083333333333336 0.062174479166666664
0 0.24283854166666666 0.6412760416666666 0.036458333333333336 0.052083333333333336
0 0.4362017017926356 0.06640341115552326 0.056633054748062094 0.05583250060562015
0 0.6583658854166666 0.11783854166666667 0.053059895833333336 0.052734375
0 0.5865885416666666 0.4407552083333333 0.03515625 0.044270833333333336
0 0.5891927083333334 0.11962890625 0.055989583333333336 0.05615234375
0 0.154541015625 0.8802083333333334 0.052571614583333336 0.0546875
0 0.708984375 0.30322265625 0.045572916666666664 0.043294270833333336
0 0.37890625 0.8053385416666666 0.046875 0.05078125
0 0.28466796875 0.3191731770833333 0.037434895833333336 0.042643229166666664
0 0.28515625 0.6790364583333334 0.031901041666666664 0.03515625
0 0.27099609375 0.642578125 0.050455729166666664 0.046875
0 0.3834635416666667 0.7239583333333334 0.04296875 0.049479166666666664
0 0.5625 0.6484375 0.04296875 0.030598958333333332
0 0.369140625 0.8828125 0.048828125 0.044270833333333336
0 0.4007161458333333 0.5719401041666666 0.040364583333333336 0.034505208333333336
0 0.5514322916666666 0.447265625 0.041015625 0.036458333333333336
0 0.3961588541666667 0.06660970052083333 0.032552083333333336 0.045817057291666664
0 0.921875 0.8424479166666666 0.037760416666666664 0.02734375
0 0.626953125 0.6966145833333334 0.041666666666666664 0.022135416666666668
0 0.2470703125 0.765625 0.02734375 0.03515625
0 0.5823567708333334 0.0809326171875 0.049479166666666664 0.036376953125
0 0.94140625 0.14957682291666666 0.0390625 0.035481770833333336
0 0.703125 0.3348795572916667 0.024739583333333332 0.033365885416666664
0 0.44921875 0.4270833333333333 0.045572916666666664 0.049479166666666664
0 0.2522786458333333 0.31689453125 0.027669270833333332 0.027669270833333332
0 0.5612345062177003 0.06490371270389211 0.03215085998062032 0.024570829800549098
0 0.6399739583333334 0.2888997395833333 0.042317708333333336 0.0400390625
0 0.2571614583333333 0.5927734375 0.02734375 0.026692708333333332
0 0.6435042191537468 0.31823446584302323 0.03721031169250644 0.03866127664728684
0 0.6201171875 0.4143880208333333 0.027994791666666668 0.035807291666666664
0 0.3317057291666667 0.580078125 0.034505208333333336 0.024739583333333332
0 0.3343098958333333 0.8600260416666666 0.033203125 0.029947916666666668
0 0.9850260416666666 0.9791666666666666 0.028645833333333332 0.024739583333333332
0 0.6920572916666666 0.3997395833333333 0.029947916666666668 0.022135416666666668
0 0.4163411458333333 0.53515625 0.02734375 0.0234375
0 0.5869140625 0.4957682291666667 0.0234375 0.0234375
0 0.5533854166666666 0.6259765625 0.03125 0.029947916666666668
0 0.38971656976744184 0.3781391311369509 0.024224806201550358 0.019177971576227398
0 0.5441497093023255 0.5229832848837209 0.012112403100775252 0.01816860465116273
