0 0.7454427083333334 0.5374348958333334 0.037760416666666664 0.038411458333333336
0 0.384765625 0.2726236979166667 0.035807291666666664 0.036783854166666664
0 0.14469401041666666 0.3157552083333333 0.03759765625 0.027669270833333332
0 0.4231770833333333 0.5003255208333334 0.03515625 0.034505208333333336
0 0.7291666666666666 0.139892578125 0.041666666666666664 0.032063802083333336
0 0.6324869791666666 0.24755859375 0.033203125 0.031575520833333336
0 0.69140625 0.4313151041666667 0.03125 0.031901041666666664
0 0.4625651041666667 0.353515625 0.03125 0.033203125
0 0.11409505208333333 0.4615885416666667 0.038248697916666664 0.033203125
0 0.7819010416666666 0.045084635416666664 0.032552083333333336 0.03173828125
0 0.17582194010416666 0.330078125 0.025634765625 0.028645833333333332
0 0.9752604166666666 0.5061848958333334 0.029947916666666668 0.029296875
0 0.5807291666666666 0.5348307291666666 0.029296875 0.028645833333333332
0 0.6790364583333334 0.23128255208333334 0.026041666666666668 0.028971354166666668
0 0.15071614583333334 0.4752604166666667 0.02587890625 0.03125
0 0.3619791666666667 0.24951171875 0.028645833333333332 0.033203125
0 0.6927083333333334 0.339111328125 0.029947916666666668 0.025553385416666668
0 0.6220703125 0.533203125 0.024739583333333332 0.027994791666666668
0 0.6630859375 0.4127604166666667 0.038411458333333336 0.025390625
0 0.7526041666666666 0.061116536458333336 0.03125 0.038492838541666664
0 0.3561197916666667 0.19742838541666666 0.029296875 0.025390625
0 0.034144083658854164 0.4508463541666667 0.027821858723958332 0.021484375
0 0.058919270833333336 0.3753255208333333 0.031412760416666664 0.026041666666666668
0 0.8098958333333334 0.14021809895833334 0.0234375 0.024251302083333332
0 0.9309895833333334 0.3958333333333333 0.044270833333333336 0.046223958333333336
0 0.12898763020833334 0.009312947591145834 0.04443359375 0.014577229817708334
0 0.13411458333333334 0.4375 0.03173828125 0.022786458333333332
0 0.4358723958333333 0.3522135416666667 0.033203125 0.027994791666666668
0 0.23600260416666666 0.010777791341145834 0.0322265625 0.020924886067708332
0 0.3743489583333333 0.3528645833333333 0.024739583333333332 0.0234375
0 0.060791015625 0.3450520833333333 0.03076171875 0.037109375
0 0.1923828125 0.011210123697916666 0.029622395833333332 0.021199544270833332
0 0.85546875 0.3056640625 0.03125 0.023111979166666668
0 0.3623046875 0.4186197916666667 0.0390625 0.026041666666666668
0 0.23876953125 0.005421956380208333 0.029296875 0.010843912760416666
0 0.4918619791666667 0.4915364583333333 0.022786458333333332 0.029947916666666668
0 0.7024739583333334 0.359375 0.0234375 0.051432291666666664
0 0.20550710594315247 0.1444706879844961 0.03936531007751939 0.034318475452196386
0 0.16059027777777776 0.13690043604651161 0.026243540051679542 0.0232154392764858
