0 0.15763346354166666 0.20231119791666666 0.03759765625 0.037760416666666664
0 0.7252604166666666 0.4306640625 0.0390625 0.03515625
0 0.896484375 0.2766927083333333 0.049479166666666664 0.032877604166666664
0 0.591796875 0.20540364583333334 0.031901041666666664 0.0283203125
0 0.8294270833333334 0.046254475911458336 0.044270833333333336 0.045023600260416664
0 0.6979166666666666 0.4576822916666667 0.036458333333333336 0.029947916666666668
0 0.5651041666666666 0.23356119791666666 0.02734375 0.037434895833333336
0 0.6455078125 0.4306640625 0.039713541666666664 0.047526041666666664
0 0.4065755208333333 0.06551106770833333 0.030598958333333332 0.03271484375
0 0.74609375 0.10782877604166667 0.028645833333333332 0.036458333333333336
0 0.8704427083333334 0.623046875 0.032552083333333336 0.03125
0 0.8665364583333334 0.248046875 0.033854166666666664 0.0322265625
0 0.9134114583333334 0.63671875 0.0390625 0.027994791666666668
0 0.9466145833333334 0.23193359375 0.033854166666666664 0.0244140625
0 0.9674479166666666 0.06258138020833333 0.03515625 0.027425130208333332
0 0.9095052083333334 0.236328125 0.03515625 0.027669270833333332
0 0.9856770833333334 0.6178385416666666 0.028645833333333332 0.029947916666666668
0 0.3844401041666667 0.053883870442708336 0.041015625 0.02960205078125
0 0.4407552083333333 0.10945638020833333 0.033854166666666664 0.020670572916666668
0 0.8626302083333334 0.142333984375 0.040364583333333336 0.025553385416666668
0 0.2880859375 0.08797200520833333 0.022786458333333332 0.022623697916666668
0 0.51171875 0.21175130208333334 0.024088541666666668 0.021809895833333332
0 0.6256510416666666 0.16414388020833334 0.037760416666666664 0.02685546875
0 0.6334635416666666 0.197265625 0.030598958333333332 0.023111979166666668
0 0.9388020833333334 0.13623046875 0.040364583333333336 0.035319010416666664
0 0.1081031976744186 0.01476703811369509 0.03431847545219643 0.027252906976744182
