0 0.7884114583333334 0.24088541666666666 0.04296875 0.054036458333333336
0 0.8333333333333334 0.24267578125 0.048177083333333336 0.040690104166666664
0 0.6194661458333334 0.2744140625 0.0390625 0.028645833333333332
0 0.4869791666666667 0.3024088541666667 0.035807291666666664 0.0380859375
0 0.826171875 0.15376790364583334 0.03515625 0.035888671875
0 0.619140625 0.3102213541666667 0.022135416666666668 0.028971354166666668
0 0.13712565104166666 0.06864420572916667 0.037272135416666664 0.035237630208333336
0 0.7291666666666666 0.2916666666666667 0.032552083333333336 0.029947916666666668
0 0.9790606831395348 0.1988339288598191 0.028009932170542633 0.02595839389534882
0 0.9153645833333334 0.19677734375 0.029947916666666668 0.048502604166666664
0 0.9563802083333334 0.18770345052083334 0.036458333333333336 0.047770182291666664
0 0.7682291666666666 0.031428019205729164 0.03125 0.025685628255208332
0 0.046875 0.10587565104166667 0.0419921875 0.028483072916666668
0 0.93359375 0.24495442708333334 0.032552083333333336 0.02734375
0 0.5445963541666666 0.27099609375 0.026041666666666668 0.0224609375
0 0.3636067708333333 0.20345052083333334 0.026041666666666668 0.025065104166666668
