0 0.6383463541666666 0.22509765625 0.037109375 0.035807291666666664
0 0.7063802083333334 0.033294677734375 0.0390625 0.040181477864583336
0 0.10262044270833333 0.20393880208333334 0.02783203125 0.028645833333333332
0 0.4908854166666667 0.09128824869791667 0.042317708333333336 0.031453450520833336
0 0.697265625 0.06294759114583333 0.037760416666666664 0.028889973958333332
0 0.6236979166666666 0.14689127604166666 0.03125 0.03271484375
0 0.65283203125 0.054962158203125 0.036783854166666664 0.048441569010416664
0 0.7220052083333334 0.16650390625 0.028645833333333332 0.0341796875
0 0.9348958333333334 0.01934814453125 0.0390625 0.038126627604166664
0 0.3230794270833333 0.06519571940104167 0.042643229166666664 0.054667154947916664
0 0.9759114583333334 0.16194661458333334 0.046875 0.038736979166666664
0 0.2794596354166667 0.131103515625 0.041015625 0.03515625
0 0.08805338541666667 0.0640869140625 0.04248046875 0.031656901041666664
0 0.7513020833333334 0.12703450520833334 0.040364583333333336 0.027669270833333332
0 0.0888671875 0.023600260416666668 0.032552083333333336 0.026529947916666668
0 0.6769205729166666 0.15897623697916666 0.027669270833333332 0.029052734375
0 0.15535481770833334 0.0227813720703125 0.035970052083333336 0.029795328776041668
0 0.8899739583333334 0.009490966796875 0.046875 0.01898193359375
0 0.8795572916666666 0.013651529947916666 0.024739583333333332 0.027303059895833332
