0 0.8548177083333334 0.4078776041666667 0.041666666666666664 0.041015625
0 0.7740885416666666 0.41796875 0.04296875 0.037760416666666664
0 0.6940104166666666 0.0126953125 0.04296875 0.025390625
0 0.6526692708333334 0.053507486979166664 0.042317708333333336 0.038330078125
0 0.3893229166666667 0.19775390625 0.03515625 0.047200520833333336
0 0.8444010416666666 0.3483072916666667 0.033854166666666664 0.027994791666666668
0 0.2490234375 0.355224609375 0.043619791666666664 0.04736328125
0 0.2727864583333333 0.3834635416666667 0.038736979166666664 0.044921875
0 0.6888020833333334 0.3321940104166667 0.037760416666666664 0.044596354166666664
0 0.3116861979166667 0.055094401041666664 0.040364583333333336 0.029459635416666668
0 0.9654947916666666 0.21956380208333334 0.028645833333333332 0.031575520833333336
0 0.9778645833333334 0.4401041666666667 0.028645833333333332 0.029947916666666668
0 0.916015625 0.11271158854166667 0.026041666666666668 0.021321614583333332
0 0.6650390625 0.14697265625 0.029296875 0.035319010416666664
0 0.16817220052083334 0.4026692708333333 0.045166015625 0.021484375
0 0.8971354166666666 0.3567708333333333 0.02734375 0.020833333333333332
0 0.07462565104166667 0.2716471354166667 0.026692708333333332 0.027994791666666668
0 0.923828125 0.14884440104166666 0.022135416666666668 0.024576822916666668
0 0.7701822916666666 0.3561197916666667 0.033854166666666664 0.01953125
0 0.74609375 0.3297526041666667 0.022135416666666668 0.020833333333333332
0 0.7161458333333334 0.3359375 0.018229166666666668 0.0234375
0 0.22330729166666666 0.359375 0.021158854166666668 0.026041666666666668
0 0.6712239583333334 0.21565755208333334 0.0234375 0.029622395833333332
0 0.2765299479166667 0.21891276041666666 0.031901041666666664 0.025716145833333332
