0 0.8795572916666666 0.09413655598958333 0.036458333333333336 0.0389404296875
0 0.931640625 0.2884114583333333 0.037760416666666664 0.037760416666666664
0 0.3541666666666667 0.5852864583333334 0.042317708333333336 0.033203125
0 0.9153645833333334 0.09993489583333333 0.04296875 0.047037760416666664
0 0.890625 0.29296875 0.0390625 0.0322265625
0 0.9596354166666666 0.3108723958333333 0.0390625 0.035807291666666664
0 0.49609375 0.5426432291666666 0.034505208333333336 0.037760416666666664
0 0.4768880208333333 0.5745442708333334 0.029296875 0.037109375
0 0.8776041666666666 0.134033203125 0.036458333333333336 0.033854166666666664
0 0.08852132161458333 0.5530598958333334 0.036173502604166664 0.033203125
0 0.8899739583333334 0.7376302083333334 0.037760416666666664 0.033854166666666664
0 0.8059895833333334 0.3916015625 0.02734375 0.03125
0 0.7227016715116279 0.3177524931363049 0.03251170865633076 0.03901455507105944
0 0.23014322916666666 0.5166015625 0.038411458333333336 0.035807291666666664
0 0.9537760416666666 0.6671549479166666 0.04296875 0.0380859375
0 0.7994791666666666 0.7506510416666666 0.045572916666666664 0.029947916666666668
0 0.3253580729166667 0.3505859375 0.0283203125 0.026692708333333332
0 0.7180989583333334 0.2958984375 0.046875 0.027994791666666668
0 0.8645833333333334 0.7591145833333334 0.033854166666666664 0.04296875
0 0.962890625 0.7220052083333334 0.026041666666666668 0.028645833333333332
0 0.057047526041666664 0.23567708333333334 0.021402994791666668 0.026041666666666668
0 0.09293619791666667 0.23128255208333334 0.029947916666666668 0.019856770833333332
0 0.15283203125 0.4345703125 0.042643229166666664 0.033203125
0 0.3629683462532299 0.38722343346253235 0.019177971576227398 0.023215439276485766
