0 0.89453125 0.2604166666666667 0.0390625 0.036458333333333336
0 0.148193359375 0.17606608072916666 0.042805989583333336 0.034912109375
0 0.7643229166666666 0.043253580729166664 0.052083333333333336 0.057454427083333336
0 0.828125 0.3279622395833333 0.029947916666666668 0.0419921875
0 0.80078125 0.044026692708333336 0.04296875 0.054524739583333336
0 0.85546875 0.20963541666666666 0.041666666666666664 0.038736979166666664
0 0.065673828125 0.5006510416666666 0.03662109375 0.039713541666666664
0 0.030934651692708332 0.490234375 0.04034423828125 0.032552083333333336
0 0.6712239583333334 0.5738932291666666 0.04296875 0.035807291666666664
0 0.908203125 0.014892578125 0.055989583333333336 0.02978515625
0 0.8795572916666666 0.6223958333333334 0.04296875 0.037760416666666664
0 0.966796875 0.5026041666666666 0.048177083333333336 0.039713541666666664
0 0.9251302083333334 0.65283203125 0.036458333333333336 0.0302734375
0 0.136962890625 0.41796875 0.03955078125 0.032552083333333336
0 0.12646484375 0.3828125 0.035481770833333336 0.024739583333333332
0 0.244140625 0.3155924479166667 0.0283203125 0.034830729166666664
0 0.3152669270833333 0.435546875 0.032877604166666664 0.03125
0 0.8548177083333334 0.24918619791666666 0.041666666666666664 0.0380859375
0 0.8997395833333334 0.21110026041666666 0.032552083333333336 0.044596354166666664
0 0.67578125 0.6526692708333334 0.033854166666666664 0.027994791666666668
0 0.15348307291666666 0.3014322916666667 0.034505208333333336 0.0302734375
0 0.2501627604166667 0.23616536458333334 0.037434895833333336 0.03125
0 0.98828125 0.6920572916666666 0.0234375 0.026041666666666668
0 0.3746744791666667 0.22770182291666666 0.028645833333333332 0.02734375
0 0.3460286458333333 0.3694661458333333 0.024088541666666668 0.021484375
0 0.830078125 0.15116373697916666 0.02734375 0.032307942708333336
0 0.55859375 0.3733723958333333 0.020833333333333332 0.028645833333333332
0 0.78515625 0.3125 0.03125 0.044270833333333336
0 0.4007161458333333 0.3301595052083333 0.021484375 0.021321614583333332
0 0.98828125 0.7786458333333334 0.018229166666666668 0.032552083333333336
0 0.294921875 0.22835286458333334 0.023763020833333332 0.0302734375
0 0.5478515625 0.3356119791666667 0.032552083333333336 0.03125
0 0.12076822916666667 0.126953125 0.027669270833333332 0.033203125
0 0.5159505208333334 0.3216145833333333 0.024088541666666668 0.021809895833333332
0 0.7916666666666666 0.16092936197916666 0.015625 0.026774088541666668
0 0.3212890625 0.4140625 0.026041666666666668 0.039713541666666664
0 0.3343098958333333 0.23307291666666666 0.01953125 0.0283203125
0 0.4677734375 0.3311360677083333 0.0234375 0.020670572916666668
0 0.02252197265625 0.1611328125 0.030029296875 0.027669270833333332
0 0.7154947916666666 0.1806640625 0.01953125 0.024739583333333332
0 0.7428385416666666 0.3072916666666667 0.024739583333333332 0.019856770833333332
0 0.7975260416666666 0.3277994791666667 0.022135416666666668 0.028645833333333332
0 0.90234375 0.09724934895833333 0.022135416666666668 0.02001953125
0 0.25648013565891475 0.06977753552971576 0.01614987080103362 0.02220607235142119
0 0.24335836563307492 0.16465802648578812 0.01816860465116273 0.020187338501292007
0 0.3140140503875969 0.29385699289405687 0.01816860465116273 0.0141311369509044
0 0.09195332687338498 0.12276929909560723 0.018168604651162806 0.017159237726098193
