0 0.95703125 0.4088541666666667 0.053385416666666664 0.032552083333333336
0 0.7278645833333334 0.5709635416666666 0.029947916666666668 0.037109375
0 0.6515299479166666 0.4905598958333333 0.039388020833333336 0.038411458333333336
0 0.5696614583333334 0.23779296875 0.029947916666666668 0.040690104166666664
0 0.7506510416666666 0.8196614583333334 0.041666666666666664 0.0390625
0 0.09334309895833333 0.703125 0.034830729166666664 0.02734375
0 0.9563802083333334 0.3759765625 0.048177083333333336 0.048828125
0 0.9192708333333334 0.4287109375 0.040364583333333336 0.029947916666666668
0 0.4576822916666667 0.4609375 0.030598958333333332 0.024739583333333332
0 0.6533203125 0.4375 0.031901041666666664 0.029296875
0 0.2775065104166667 0.6691080729166666 0.030924479166666668 0.028971354166666668
0 0.4830729166666667 0.6396484375 0.03125 0.028645833333333332
0 0.75390625 0.046427408854166664 0.028645833333333332 0.02685546875
0 0.14241536458333334 0.6409505208333334 0.0380859375 0.02734375
0 0.7076822916666666 0.685546875 0.0390625 0.0390625
0 0.3876953125 0.5846354166666666 0.029296875 0.026692708333333332
0 0.9830729166666666 0.5374348958333334 0.033854166666666664 0.0390625
0 0.7688802083333334 0.09822591145833333 0.022135416666666668 0.02587890625
0 0.20784505208333334 0.3346354166666667 0.028645833333333332 0.033203125
0 0.16536458333333334 0.4703776041666667 0.026692708333333332 0.026692708333333332
0 0.6726888020833334 0.1710205078125 0.0244140625 0.028401692708333332
0 0.9283854166666666 0.1044921875 0.036458333333333336 0.029459635416666668
0 0.640625 0.1519775390625 0.028645833333333332 0.032633463541666664
0 0.5963541666666666 0.24365234375 0.024739583333333332 0.027669270833333332
0 0.6985677083333334 0.2623697916666667 0.029947916666666668 0.020833333333333332
0 0.91015625 0.5413411458333334 0.029947916666666668 0.038411458333333336
0 0.6158854166666666 0.740234375 0.039713541666666664 0.041666666666666664
0 0.697265625 0.20328776041666666 0.01953125 0.013671875
0 0.904296875 0.3779296875 0.0234375 0.028645833333333332
0 0.8346354166666666 0.68115234375 0.032552083333333336 0.030924479166666668
0 0.6603190104166666 0.7942708333333334 0.027018229166666668 0.05078125
0 0.7493489583333334 0.0106201171875 0.032552083333333336 0.018961588541666668
0 0.6953125 0.20589192708333334 0.029947916666666668 0.020833333333333332
0 0.3134765625 0.2556966145833333 0.020833333333333332 0.020833333333333332
