0 0.7220052083333334 0.3492838541666667 0.0390625 0.043619791666666664
0 0.6824544270833334 0.3485514322916667 0.0400390625 0.03857421875
0 0.912109375 0.347900390625 0.048177083333333336 0.04638671875
0 0.8151041666666666 0.06318155924479167 0.040364583333333336 0.049092610677083336
0 0.06368001302083333 0.5179036458333334 0.042887369791666664 0.037109375
0 0.9602864583333334 0.3356119791666667 0.048177083333333336 0.061848958333333336
0 0.9075520833333334 0.047770182291666664 0.045572916666666664 0.042154947916666664
0 0.1649169921875 0.5517578125 0.039632161458333336 0.041666666666666664
0 0.6324869791666666 0.3782552083333333 0.033854166666666664 0.041015625
0 0.2840169270833333 0.2138671875 0.029947916666666668 0.0322265625
0 0.058430989583333336 0.2294921875 0.023681640625 0.036783854166666664
0 0.8483072916666666 0.4990234375 0.037760416666666664 0.033203125
0 0.853515625 0.4469401041666667 0.032552083333333336 0.032552083333333336
0 0.419921875 0.48046875 0.03125 0.02734375
0 0.1697998046875 0.024759928385416668 0.039632161458333336 0.049519856770833336
0 0.13720703125 0.10489908854166667 0.033203125 0.02978515625
0 0.5989583333333334 0.5533854166666666 0.044921875 0.033854166666666664
0 0.15791829427083334 0.4983723958333333 0.026285807291666668 0.033203125
0 0.23583984375 0.008453369140625 0.045572916666666664 0.016520182291666668
0 0.24495442708333334 0.3128255208333333 0.025390625 0.026692708333333332
0 0.8561197916666666 0.4791666666666667 0.03125 0.032552083333333336
0 0.4293619791666667 0.3035481770833333 0.029296875 0.0341796875
0 0.22086588541666666 0.20247395833333334 0.030924479166666668 0.021158854166666668
0 0.9166666666666666 0.12687174479166666 0.036458333333333336 0.040852864583333336
0 0.9596354166666666 0.2877604166666667 0.04296875 0.033528645833333336
0 0.2952473958333333 0.2643229166666667 0.0263671875 0.0224609375
0 0.4739583333333333 0.4169921875 0.0234375 0.028645833333333332
0 0.1732849594234496 0.5747827337693798 0.04122885376291981 0.031656270187338485
0 0.814453125 0.5862630208333334 0.055989583333333336 0.030598958333333332
0 0.6292317708333334 0.5061848958333334 0.022786458333333332 0.030598958333333332
0 0.546673126614987 0.26105256782945735 0.02321543927648569 0.02725290697674417
