0 0.751953125 0.4612630208333333 0.046875 0.045572916666666664
0 0.4488932291666667 0.23616536458333334 0.055989583333333336 0.057291666666666664
0 0.7180989583333334 0.3348795572916667 0.052083333333333336 0.04052734375
0 0.4505208333333333 0.2972005208333333 0.057942708333333336 0.055989583333333336
0 0.4329427083333333 0.5091145833333334 0.044921875 0.032552083333333336
0 0.66796875 0.15873209635416666 0.045572916666666664 0.045817057291666664
0 0.2451171875 0.9401041666666666 0.051106770833333336 0.05078125
0 0.6940104166666666 0.4697265625 0.036458333333333336 0.029947916666666668
0 0.2960611979166667 0.9537760416666666 0.044921875 0.048177083333333336
0 0.4072265625 0.4371744791666667 0.038411458333333336 0.03515625
0 0.6896158854166666 0.3759765625 0.054361979166666664 0.042317708333333336
0 0.70703125 0.1783447265625 0.048177083333333336 0.051839192708333336
0 0.4791666666666667 0.2760416666666667 0.041015625 0.044921875
0 0.9765625 0.6569010416666666 0.04296875 0.036458333333333336
0 0.7454427083333334 0.13094075520833334 0.0546875 0.048665364583333336
0 0.6461588541666666 0.55859375 0.042317708333333336 0.029947916666666668
0 0.251953125 0.6687825520833334 0.048177083333333336 0.0556640625
0 0.853515625 0.916015625 0.055989583333333336 0.0390625
0 0.5797526041666666 0.3720703125 0.035807291666666664 0.038411458333333336
0 0.7630208333333334 0.41796875 0.037760416666666664 0.033203125
0 0.7220052083333334 0.4459635416666667 0.029947916666666668 0.033203125
0 0.70703125 0.11018880208333333 0.0390625 0.03515625
0 0.2685546875 0.9147135416666666 0.030598958333333332 0.045572916666666664
0 0.2731119791666667 0.6818033854166666 0.036783854166666664 0.054361979166666664
0 0.9759114583333334 0.8815104166666666 0.03125 0.03125
0 0.6350911458333334 0.2158203125 0.025390625 0.030598958333333332
0 0.3694661458333333 0.716796875 0.029296875 0.0234375
0 0.837890625 0.7415364583333334 0.029947916666666668 0.0234375
0 0.6507161458333334 0.2786458333333333 0.025390625 0.028971354166666668
0 0.2613932291666667 0.9225260416666666 0.051432291666666664 0.06380208333333333
0 0.7004098029715763 0.29587572674418605 0.02321543927648569 0.02018733850129199
0 0.6514555071059431 0.40387798772609823 0.026243540051679688 0.02018733850129199
