0 0.7415364583333334 0.18359375 0.0390625 0.038411458333333336
0 0.9537760416666666 0.11376953125 0.048177083333333336 0.050618489583333336
0 0.8919270833333334 0.3019205729166667 0.037760416666666664 0.027994791666666668
0 0.12125651041666667 0.2957356770833333 0.033365885416666664 0.039388020833333336
0 0.9759114583333334 0.5559895833333334 0.036458333333333336 0.048177083333333336
0 0.5647786458333334 0.1781005859375 0.034505208333333336 0.031819661458333336
0 0.2576497395833333 0.4453125 0.040690104166666664 0.032552083333333336
0 0.9798177083333334 0.5110677083333334 0.0390625 0.047526041666666664
0 0.7819010416666666 0.15279134114583334 0.03125 0.030354817708333332
0 0.5709635416666666 0.14697265625 0.031901041666666664 0.025553385416666668
0 0.962890625 0.08984375 0.044270833333333336 0.058756510416666664
0 0.7877604166666666 0.10986328125 0.037760416666666664 0.0263671875
0 0.6979166666666666 0.21207682291666666 0.028645833333333332 0.022786458333333332
0 0.4934895833333333 0.1533203125 0.025390625 0.021484375
0 0.9869791666666666 0.10693359375 0.01953125 0.029459635416666668
0 0.6653645833333334 0.3116861979166667 0.03515625 0.02734375
0 0.7330729166666666 0.07145182291666667 0.018229166666666668 0.027994791666666668
0 0.8450520833333334 0.116943359375 0.026041666666666668 0.02392578125
0 0.6504461401808785 0.08441335594315245 0.018168604651162806 0.023215439276485794
