0 0.2760416666666667 0.5016276041666666 0.057291666666666664 0.07356770833333333
0 0.4716796875 0.07666015625 0.0625 0.06429036458333333
0 0.65478515625 0.3037109375 0.044596354166666664 0.041015625
0 0.4619140625 0.025797526041666668 0.057942708333333336 0.051595052083333336
0 0.6927083333333334 0.1678466796875 0.037760416666666664 0.042561848958333336
0 0.2931315104166667 0.4166666666666667 0.04296875 0.049479166666666664
0 0.7337239583333334 0.08951822916666667 0.040364583333333336 0.045572916666666664
0 0.7018229166666666 0.2548828125 0.05859375 0.0634765625
0 0.96875 0.7057291666666666 0.036458333333333336 0.04296875
0 0.66748046875 0.7174479166666666 0.034830729166666664 0.036458333333333336
0 0.6067708333333334 0.2955729166666667 0.040364583333333336 0.037434895833333336
0 0.2506510416666667 0.7708333333333334 0.045247395833333336 0.052083333333333336
0 0.2918294270833333 0.755859375 0.04296875 0.052083333333333336
0 0.5712890625 0.5904947916666666 0.046223958333333336 0.0390625
0 0.84765625 0.548828125 0.03125 0.026692708333333332
0 0.642578125 0.109619140625 0.039713541666666664 0.034342447916666664
0 0.6953125 0.115966796875 0.028645833333333332 0.03564453125
0 0.3896484375 0.3515625 0.031901041666666664 0.030598958333333332
0 0.3063151041666667 0.6149088541666666 0.0419921875 0.056640625
0 0.3942057291666667 0.6604817708333334 0.035807291666666664 0.024088541666666668
0 0.6396484375 0.513671875 0.040364583333333336 0.029296875
0 0.9791666666666666 0.9583333333333334 0.032552083333333336 0.028645833333333332
0 0.6383463541666666 0.4371744791666667 0.03515625 0.0234375
0 0.25732421875 0.4716796875 0.048828125 0.032552083333333336
0 0.9856770833333334 0.6256510416666666 0.026041666666666668 0.034505208333333336
0 0.732421875 0.20052083333333334 0.02734375 0.033203125
0 0.7083333333333334 0.4202473958333333 0.03515625 0.035807291666666664
0 0.5856119791666666 0.010035196940104166 0.045572916666666664 0.020070393880208332
0 0.984375 0.6946614583333334 0.03125 0.036458333333333336
0 0.5305989583333334 0.59765625 0.038411458333333336 0.031901041666666664
0 0.9895833333333334 0.5533854166666666 0.015625 0.022786458333333332
0 0.4081980781653747 0.23127624354005163 0.026243540051679542 0.026243540051679577
0 0.5838279231266149 0.4205325419896641 0.028262273901808726 0.02523417312661495
