0 0.6484375 0.31103515625 0.040364583333333336 0.0458984375
0 0.6031901041666666 0.3197428385416667 0.041015625 0.038899739583333336
0 0.53515625 0.7252604166666666 0.038411458333333336 0.036458333333333336
0 0.5631510416666666 0.3321126302083333 0.041666666666666664 0.03564453125
0 0.6165364583333334 0.6803385416666666 0.049479166666666664 0.046875
0 0.486328125 0.5123697916666666 0.041666666666666664 0.040364583333333336
0 0.3136393229166667 0.5966796875 0.042643229166666664 0.036458333333333336
0 0.3133138020833333 0.4772135416666667 0.038411458333333336 0.05078125
0 0.4518229166666667 0.5048828125 0.029947916666666668 0.0390625
0 0.8854166666666666 0.6165364583333334 0.045572916666666664 0.033854166666666664
0 0.2766927083333333 0.4869791666666667 0.030598958333333332 0.036458333333333336
0 0.5657552083333334 0.2721354166666667 0.036458333333333336 0.045247395833333336
0 0.2522786458333333 0.740234375 0.036458333333333336 0.05078125
0 0.6298828125 0.2916666666666667 0.03125 0.040364583333333336
0 0.6848958333333334 0.4986979166666667 0.024739583333333332 0.024739583333333332
0 0.2736002604166667 0.6048177083333334 0.042643229166666664 0.04296875
0 0.6070963541666666 0.6272786458333334 0.026692708333333332 0.025390625
0 0.6471354166666666 0.010477701822916666 0.05078125 0.020955403645833332
0 0.9680989583333334 0.4134114583333333 0.0234375 0.022786458333333332
0 0.6692708333333334 0.6295572916666666 0.037760416666666664 0.017578125
0 0.6044921875 0.27001953125 0.026041666666666668 0.029947916666666668
0 0.8111979166666666 0.4886067708333333 0.02734375 0.020833333333333332
0 0.45703125 0.3782552083333333 0.030598958333333332 0.02734375
0 0.9895833333333334 0.6875 0.016927083333333332 0.040364583333333336
0 0.908203125 0.6155598958333334 0.037760416666666664 0.037760416666666664
0 0.7447916666666666 0.5947265625 0.018229166666666668 0.051432291666666664
0 0.744140625 0.5921223958333334 0.015625 0.026692708333333332
0 0.4449869791666667 0.6002604166666666 0.024088541666666668 0.020833333333333332
0 0.888656734496124 0.23127624354005163 0.048449612403100716 0.03633720930232557
0 0.3854873223514212 0.23279029392764858 0.033309108527131905 0.03532784237726098
