0 0.9205729166666666 0.024129231770833332 0.040364583333333336 0.048258463541666664
0 0.8509114583333334 0.6549479166666666 0.045572916666666664 0.033854166666666664
0 0.09895833333333333 0.24348958333333334 0.043131510416666664 0.0341796875
0 0.5045572916666666 0.0180511474609375 0.0390625 0.034047444661458336
0 0.462890625 0.18863932291666666 0.037109375 0.040690104166666664
0 0.9615885416666666 0.21175130208333334 0.048177083333333336 0.053385416666666664
0 0.2664388020833333 0.2568359375 0.033203125 0.03515625
0 0.201171875 0.5315755208333334 0.0390625 0.041666666666666664
0 0.8828125 0.02398681640625 0.041666666666666664 0.0479736328125
0 0.7897135416666666 0.2677408854166667 0.044270833333333336 0.043294270833333336
0 0.9368489583333334 0.7506510416666666 0.040364583333333336 0.044270833333333336
0 0.22314453125 0.145751953125 0.029296875 0.027018229166666668
0 0.4661458333333333 0.06899007161458333 0.029947916666666668 0.034383138020833336
0 0.4772135416666667 0.3199869791666667 0.03125 0.027994791666666668
0 0.2591145833333333 0.039408365885416664 0.0322265625 0.032674153645833336
0 0.5296223958333334 0.2421875 0.035807291666666664 0.024088541666666668
0 0.5719401041666666 0.2731119791666667 0.034505208333333336 0.0283203125
0 0.4694010416666667 0.43359375 0.03125 0.031901041666666664
0 0.3974609375 0.21158854166666666 0.030598958333333332 0.029947916666666668
0 0.423828125 0.22330729166666666 0.035807291666666664 0.033203125
0 0.91015625 0.6149088541666666 0.029947916666666668 0.028645833333333332
0 0.7578125 0.09114583333333333 0.033854166666666664 0.031575520833333336
0 0.4807942708333333 0.3961588541666667 0.028645833333333332 0.029296875
0 0.5592447916666666 0.20670572916666666 0.02734375 0.025065104166666668
0 0.4163411458333333 0.390625 0.043619791666666664 0.02734375
0 0.2610677083333333 0.3704427083333333 0.024088541666666668 0.042317708333333336
0 0.3040364583333333 0.4095052083333333 0.0244140625 0.033203125
0 0.46484375 0.2711588541666667 0.024739583333333332 0.026041666666666668
0 0.8893229166666666 0.7486979166666666 0.03125 0.029947916666666668
0 0.4537760416666667 0.4319661458333333 0.029947916666666668 0.026041666666666668
0 0.9876302083333334 0.16682942708333334 0.01953125 0.029296875
0 0.5341796875 0.458984375 0.026041666666666668 0.016927083333333332
0 0.5224609375 0.2838541666666667 0.02734375 0.043619791666666664
0 0.8391927083333334 0.18098958333333334 0.029947916666666668 0.0263671875
