0 0.8463541666666666 0.350830078125 0.041666666666666664 0.04248046875
0 0.5904947916666666 0.4967447916666667 0.037109375 0.045572916666666664
0 0.1549072265625 0.58203125 0.038818359375 0.039713541666666664
0 0.71875 0.16231282552083334 0.03515625 0.038004557291666664
0 0.9524739583333334 0.13671875 0.04296875 0.04150390625
0 0.16064453125 0.22265625 0.046875 0.035807291666666664
0 0.953125 0.6946614583333334 0.037760416666666664 0.041666666666666664
0 0.8092447916666666 0.3515625 0.03515625 0.037760416666666664
0 0.9544270833333334 0.4163411458333333 0.037760416666666664 0.032552083333333336
0 0.8190104166666666 0.07454427083333333 0.04296875 0.038899739583333336
0 0.791015625 0.515625 0.033854166666666664 0.030598958333333332
0 0.4176432291666667 0.3860677083333333 0.033854166666666664 0.029296875
0 0.427734375 0.5843098958333334 0.032552083333333336 0.039713541666666664
0 0.978515625 0.15771484375 0.037760416666666664 0.0458984375
0 0.892578125 0.6622721354166666 0.048177083333333336 0.025716145833333332
0 0.421875 0.3551432291666667 0.03125 0.026692708333333332
0 0.4563802083333333 0.244140625 0.030598958333333332 0.027994791666666668
0 0.7311197916666666 0.5625 0.041666666666666664 0.024739583333333332
0 0.63671875 0.23893229166666666 0.040364583333333336 0.022786458333333332
0 0.3873697916666667 0.13004557291666666 0.030598958333333332 0.03369140625
0 0.17582194010416666 0.13875325520833334 0.026936848958333332 0.023274739583333332
0 0.6697591145833334 0.5716145833333334 0.023763020833333332 0.018880208333333332
0 0.7591145833333334 0.3570963541666667 0.01953125 0.01953125
0 0.3064778645833333 0.451171875 0.0263671875 0.022135416666666668
0 0.3408203125 0.3369140625 0.027994791666666668 0.0234375
0 0.3434244791666667 0.08203125 0.028645833333333332 0.026204427083333332
0 0.8684895833333334 0.66845703125 0.036458333333333336 0.036783854166666664
0 0.1103515625 0.45703125 0.038899739583333336 0.022786458333333332
0 0.9322916666666666 0.3501790364583333 0.03125 0.035970052083333336
0 0.9133862241602065 0.5487221414728682 0.02321543927648584 0.023215439276485766
0 0.7745982719638241 0.4528322835917313 0.024224806201550503 0.025234173126615023
0 0.4319182009043927 0.19544371770025837 0.02321543927648584 0.02725290697674417
