0 0.4905598958333333 0.8450520833333334 0.044270833333333336 0.033854166666666664
0 0.681640625 0.27099609375 0.040364583333333336 0.038411458333333336
0 0.779296875 0.7311197916666666 0.036458333333333336 0.033854166666666664
0 0.7643229166666666 0.8567708333333334 0.044270833333333336 0.037760416666666664
0 0.6370442708333334 0.6044921875 0.036458333333333336 0.036458333333333336
0 0.4547526041666667 0.24072265625 0.0390625 0.045572916666666664
0 0.022501627604166668 0.9283854166666666 0.042805989583333336 0.048177083333333336
0 0.6018880208333334 0.6110026041666666 0.033203125 0.042317708333333336
0 0.2550455729166667 0.935546875 0.042643229166666664 0.048177083333333336
0 0.8912760416666666 0.806640625 0.037760416666666664 0.03125
0 0.6520182291666666 0.12483723958333333 0.039713541666666664 0.03369140625
0 0.6481119791666666 0.783203125 0.034505208333333336 0.033854166666666664
0 0.7682291666666666 0.7649739583333334 0.036458333333333336 0.028645833333333332
0 0.7662760416666666 0.8001302083333334 0.033854166666666664 0.029947916666666668
0 0.7154947916666666 0.21630859375 0.037760416666666664 0.048828125
0 0.4202473958333333 0.2888997395833333 0.024739583333333332 0.031575520833333336
0 0.5777994791666666 0.24820963541666666 0.038411458333333336 0.037760416666666664
0 0.6474609375 0.8489583333333334 0.033203125 0.049479166666666664
0 0.42065492772932817 0.8684214510658915 0.025554647125323033 0.029811652131782978
0 0.744140625 0.76953125 0.022135416666666668 0.03515625
0 0.4137369791666667 0.2610677083333333 0.029947916666666668 0.025065104166666668
0 0.5641276041666666 0.1573486328125 0.040364583333333336 0.029378255208333332
0 0.6083984375 0.10237630208333333 0.029296875 0.02880859375
0 0.4329427083333333 0.12223307291666667 0.0234375 0.0263671875
0 0.4505208333333333 0.8626302083333334 0.036458333333333336 0.029947916666666668
0 0.5270182291666666 0.24560546875 0.0234375 0.017252604166666668
0 0.5404251453488372 0.206546753875969 0.022206072351421174 0.023215439276485766
0 0.6903161337209301 0.35795179263565896 0.02927164082687339 0.029271640826873318
0 0.5384064114987079 0.3508862241602067 0.024224806201550358 0.02119670542635658
0 0.9149002745478035 0.7793624838501292 0.026243540051679837 0.022206072351421174
0 0.8053839631782945 0.49774911175710584 0.025234173126614873 0.0282622739018088
