0 0.919921875 0.033732096354166664 0.053385416666666664 0.060791015625
0 0.705078125 0.4518229166666667 0.03515625 0.031901041666666664
0 0.4593098958333333 0.4798177083333333 0.05078125 0.03125
0 0.4671223958333333 0.525390625 0.047526041666666664 0.037109375
0 0.6302083333333334 0.4124348958333333 0.0390625 0.04296875
0 0.20247395833333334 0.0555419921875 0.037760416666666664 0.035725911458333336
0 0.9420572916666666 0.19791666666666666 0.0390625 0.038411458333333336
0 0.8912760416666666 0.4036458333333333 0.048177083333333336 0.045572916666666664
0 0.133056640625 0.66015625 0.045247395833333336 0.05078125
0 0.37109375 0.6181640625 0.040364583333333336 0.030598958333333332
0 0.5963541666666666 0.4065755208333333 0.038411458333333336 0.031901041666666664
0 0.8450520833333334 0.3658854166666667 0.03515625 0.029947916666666668
0 0.23225911458333334 0.046427408854166664 0.035481770833333336 0.048421223958333336
0 0.4443359375 0.4326171875 0.030598958333333332 0.029296875
0 0.14693196614583334 0.4388020833333333 0.045328776041666664 0.04296875
0 0.8072916666666666 0.21516927083333334 0.033854166666666664 0.0380859375
0 0.105224609375 0.6868489583333334 0.040690104166666664 0.033854166666666664
0 0.7337239583333334 0.4498697916666667 0.029947916666666668 0.034505208333333336
0 0.12833658854166666 0.0306243896484375 0.035807291666666664 0.032094319661458336
0 0.3528645833333333 0.2854817708333333 0.028645833333333332 0.023111979166666668
0 0.17415364583333334 0.31396484375 0.0283203125 0.0322265625
0 0.1962890625 0.646484375 0.029622395833333332 0.025390625
0 0.9368489583333334 0.228515625 0.040364583333333336 0.034830729166666664
0 0.7877604166666666 0.1982421875 0.02734375 0.030598958333333332
0 0.21826171875 0.3766276041666667 0.026041666666666668 0.020833333333333332
0 0.24527994791666666 0.4690755208333333 0.030924479166666668 0.02734375
0 0.876953125 0.58203125 0.037760416666666664 0.026692708333333332
0 0.3681640625 0.4459635416666667 0.025390625 0.018880208333333332
0 0.7395833333333334 0.8541666666666666 0.03515625 0.041666666666666664
0 0.1279296875 0.11572265625 0.03271484375 0.02490234375
0 0.12687174479166666 0.16487630208333334 0.02978515625 0.03515625
0 0.2639973958333333 0.23095703125 0.0244140625 0.024739583333333332
