0 0.5393880208333334 0.4407552083333333 0.039713541666666664 0.037109375
0 0.6769205729166666 0.3492838541666667 0.035481770833333336 0.047526041666666664
0 0.7799479166666666 0.67724609375 0.040364583333333336 0.0322265625
0 0.763671875 0.16825358072916666 0.03125 0.041422526041666664
0 0.13712565104166666 0.6051432291666666 0.04345703125 0.02734375
0 0.5390625 0.7259114583333334 0.037760416666666664 0.04296875
0 0.5738932291666666 0.443359375 0.0390625 0.030598958333333332
0 0.7604166666666666 0.765625 0.0390625 0.03125
0 0.2822265625 0.22493489583333334 0.045247395833333336 0.022135416666666668
0 0.11075846354166667 0.21012369791666666 0.034016927083333336 0.0322265625
0 0.23258463541666666 0.3212076822916667 0.026692708333333332 0.03271484375
0 0.275390625 0.4928385416666667 0.0361328125 0.031901041666666664
0 0.13738493217054262 0.3633784015665375 0.04299903100775193 0.03860576146640823
0 0.037485758463541664 0.5716145833333334 0.03619384765625 0.020182291666666668
0 0.5885416666666666 0.5914713541666666 0.031901041666666664 0.034505208333333336
0 0.3103841145833333 0.6318359375 0.037434895833333336 0.026692708333333332
0 0.83984375 0.30859375 0.03515625 0.040364583333333336
0 0.100830078125 0.17842610677083334 0.033365885416666664 0.027587890625
0 0.83203125 0.5546875 0.029947916666666668 0.021484375
0 0.5576171875 0.7740885416666666 0.024088541666666668 0.02734375
0 0.5068359375 0.732421875 0.028645833333333332 0.032552083333333336
0 0.314453125 0.3860677083333333 0.0244140625 0.028645833333333332
0 0.051676432291666664 0.2659505208333333 0.04443359375 0.038411458333333336
0 0.251953125 0.244140625 0.030924479166666668 0.027994791666666668
0 0.07157389322916667 0.5052083333333334 0.028076171875 0.01953125
0 0.08231608072916667 0.4143880208333333 0.030029296875 0.031901041666666664
0 0.23649088541666666 0.6028645833333334 0.023763020833333332 0.026692708333333332
0 0.9720052083333334 0.4615885416666667 0.028645833333333332 0.027994791666666668
0 0.07328287760416667 0.09210205078125 0.031819661458333336 0.030965169270833332
0 0.1868896484375 0.015625 0.050048828125 0.019612630208333332
0 0.7680373869509044 0.30243661175710596 0.021196705426356505 0.025234173126614984
0 0.8326368701550387 0.4689821543927648 0.03532784237726094 0.033309108527131835
0 0.4435259205426356 0.6552103520671834 0.02826227390180887 0.026243540051679542
0 0.007984092377260943 0.701641230620155 0.013121770025839771 0.018168604651162806
