0 0.9537760416666666 0.0733642578125 0.040364583333333336 0.033284505208333336
0 0.810546875 0.15804036458333334 0.037760416666666664 0.0419921875
0 0.7467447916666666 0.064178466796875 0.053385416666666664 0.054097493489583336
0 0.9615885416666666 0.10310872395833333 0.037760416666666664 0.030436197916666668
0 0.8723958333333334 0.08066813151041667 0.037760416666666664 0.0396728515625
0 0.5289713541666666 0.5559895833333334 0.033203125 0.027994791666666668
0 0.6201171875 0.2814127604166667 0.030598958333333332 0.035807291666666664
0 0.21940104166666666 0.118408203125 0.029622395833333332 0.02783203125
0 0.6233723958333334 0.4342447916666667 0.039713541666666664 0.029296875
0 0.9755859375 0.2516276041666667 0.048828125 0.0498046875
0 0.5914713541666666 0.390625 0.037109375 0.026692708333333332
0 0.20914713541666666 0.029703776041666668 0.0341796875 0.040445963541666664
0 0.4833984375 0.5589192708333334 0.029296875 0.029947916666666668
0 0.7825520833333334 0.061533610026041664 0.026041666666666668 0.040995279947916664
0 0.2626953125 0.4248046875 0.032877604166666664 0.028645833333333332
0 0.7513020833333334 0.2888997395833333 0.04296875 0.047526041666666664
0 0.353515625 0.28271484375 0.027994791666666668 0.027669270833333332
0 0.11092122395833333 0.3658854166666667 0.02880859375 0.030598958333333332
0 0.14493815104166666 0.2701822916666667 0.028645833333333332 0.033528645833333336
0 0.09619140625 0.4798177083333333 0.0302734375 0.029296875
0 0.986328125 0.6043294270833334 0.024739583333333332 0.041341145833333336
0 0.0701904296875 0.3850911458333333 0.024658203125 0.037760416666666664
0 0.5247395833333334 0.49609375 0.024739583333333332 0.029296875
0 0.7766927083333334 0.2835286458333333 0.040364583333333336 0.044270833333333336
0 0.3538411458333333 0.18050130208333334 0.033203125 0.0302734375
0 0.6318359375 0.4713541666666667 0.028645833333333332 0.030598958333333332
0 0.18717447916666666 0.16239420572916666 0.027994791666666668 0.020263671875
0 0.9469476744186046 0.5991816557655039 0.028141149870801 0.02727057089793276
0 0.17754227985707363 0.07540948754441214 0.034732946745801074 0.027092039123062007
0 0.4619140625 0.5621744791666666 0.029947916666666668 0.028645833333333332
0 0.8274739583333334 0.3307291666666667 0.032552083333333336 0.024739583333333332
0 0.9765625 0.2737630208333333 0.036458333333333336 0.031901041666666664
