0 0.4990234375 0.1544189453125 0.057291666666666664 0.066162109375
0 0.6276041666666666 0.028493245442708332 0.052734375 0.05645751953125
0 0.64599609375 0.20572916666666666 0.0478515625 0.055989583333333336
0 0.2556966145833333 0.4345703125 0.039713541666666664 0.034505208333333336
0 0.4514973958333333 0.11100260416666667 0.052083333333333336 0.07470703125
0 0.3655598958333333 0.3948567708333333 0.03515625 0.04296875
0 0.9049479166666666 0.689453125 0.046875 0.03515625
0 0.10028076171875 0.6726888020833334 0.0347900390625 0.041341145833333336
0 0.6292317708333334 0.6285807291666666 0.038411458333333336 0.034505208333333336
0 0.5283203125 0.64453125 0.031901041666666664 0.032552083333333336
0 0.2696940104166667 0.5983072916666666 0.052408854166666664 0.02734375
0 0.4176432291666667 0.4059244791666667 0.044270833333333336 0.033203125
0 0.6481119791666666 0.4807942708333333 0.039713541666666664 0.046223958333333336
0 0.2509765625 0.018890380859375 0.053059895833333336 0.036885579427083336
0 0.2711588541666667 0.3243815104166667 0.032877604166666664 0.030924479166666668
0 0.6253255208333334 0.4807942708333333 0.030598958333333332 0.042317708333333336
0 0.9010416666666666 0.2522786458333333 0.032552083333333336 0.0263671875
0 0.8671875 0.21695963541666666 0.028645833333333332 0.027018229166666668
0 0.916015625 0.4537760416666667 0.028645833333333332 0.025390625
0 0.466796875 0.205078125 0.028645833333333332 0.035481770833333336
0 0.6471354166666666 0.3267415364583333 0.035807291666666664 0.027506510416666668
0 0.9720052083333334 0.3658854166666667 0.03125 0.025390625
0 0.8411458333333334 0.4615885416666667 0.028645833333333332 0.030598958333333332
0 0.6402994791666666 0.142822265625 0.037760416666666664 0.04248046875
0 0.6546223958333334 0.10359700520833333 0.025390625 0.027669270833333332
0 0.90234375 0.7421875 0.03125 0.02734375
0 0.21630859375 0.4635416666666667 0.029296875 0.026041666666666668
0 0.3899739583333333 0.15087890625 0.029947916666666668 0.030436197916666668
0 0.12060546875 0.5406901041666666 0.027994791666666668 0.028645833333333332
0 0.8346354166666666 0.7434895833333334 0.0390625 0.03515625
0 0.39955915899547806 0.22250736837855298 0.03544644299095608 0.029650153423772602
0 0.890625 0.8235677083333334 0.053385416666666664 0.028645833333333332
0 0.4205729166666667 0.20963541666666666 0.046223958333333336 0.026041666666666668
