0 0.4895833333333333 0.029703776041666668 0.06575520833333333 0.059407552083333336
0 0.24202473958333334 0.880859375 0.056640625 0.0625
0 0.2926432291666667 0.9069010416666666 0.051432291666666664 0.06510416666666667
0 0.375 0.25244140625 0.040364583333333336 0.044921875
0 0.4192708333333333 0.1767578125 0.046875 0.04296875
0 0.6920572916666666 0.24869791666666666 0.03515625 0.044270833333333336
0 0.71875 0.31298828125 0.0390625 0.043294270833333336
0 0.662109375 0.03173828125 0.06901041666666667 0.0634765625
0 0.81640625 0.2897135416666667 0.036458333333333336 0.038736979166666664
0 0.6435546875 0.3782552083333333 0.0390625 0.037760416666666664
0 0.4772135416666667 0.4521484375 0.043619791666666664 0.033854166666666664
0 0.4544270833333333 0.5078125 0.048177083333333336 0.056640625
0 0.6536458333333334 0.5110677083333334 0.05078125 0.039713541666666664
0 0.4427083333333333 0.4466145833333333 0.035807291666666664 0.033203125
0 0.6726888020833334 0.3444010416666667 0.034830729166666664 0.034505208333333336
0 0.72945433624031 0.21892790092054262 0.04183825904392761 0.04084655604005168
0 0.4807942708333333 0.494140625 0.036458333333333336 0.034505208333333336
0 0.6681315104166666 0.31103515625 0.053059895833333336 0.036783854166666664
0 0.5872395833333334 0.6451822916666666 0.028645833333333332 0.034505208333333336
0 0.7135416666666666 0.09651692708333333 0.03515625 0.035807291666666664
0 0.23893229166666666 0.4375 0.03125 0.026041666666666668
0 0.7799479166666666 0.7701822916666666 0.03515625 0.026041666666666668
0 0.3597005208333333 0.7727864583333334 0.026041666666666668 0.032552083333333336
0 0.6673177083333334 0.1767578125 0.032552083333333336 0.0341796875
0 0.4251302083333333 0.71484375 0.030598958333333332 0.026041666666666668
0 0.9388020833333334 0.3717447916666667 0.036458333333333336 0.026041666666666668
0 0.6031901041666666 0.14811197916666666 0.048828125 0.024251302083333332
0 0.4912109375 0.0799560546875 0.026041666666666668 0.040445963541666664
0 0.701171875 0.20572916666666666 0.049479166666666664 0.043619791666666664
0 0.8997395833333334 0.8033854166666666 0.037760416666666664 0.02734375
0 0.40264656007751937 0.28023053940568476 0.01917797157622732 0.017159237726098175
0 0.4142542797157623 0.3291848352713178 0.024224806201550358 0.018168604651162806
0 0.5702014696382429 0.3539143249354006 0.053496447028423745 0.04138404392764857
0 0.4556383236434108 0.11721778100775193 0.030281007751938056 0.03633720930232557
