0 0.4609375 0.12459309895833333 0.041015625 0.031901041666666664
0 0.027470906575520832 0.114501953125 0.036936442057291664 0.037760416666666664
0 0.4817708333333333 0.024698893229166668 0.035807291666666664 0.049397786458333336
0 0.6481119791666666 0.1025390625 0.036458333333333336 0.03662109375
0 0.4837239583333333 0.3551432291666667 0.027994791666666668 0.031901041666666664
0 0.036397298177083336 0.012837727864583334 0.048299153645833336 0.025675455729166668
0 0.7630208333333334 0.3766276041666667 0.029947916666666668 0.033203125
0 0.6455078125 0.376953125 0.0234375 0.035807291666666664
0 0.05712890625 0.1171875 0.02294921875 0.031087239583333332
0 0.018961588541666668 0.3128255208333333 0.029825846354166668 0.0302734375
0 0.3912760416666667 0.13883463541666666 0.01953125 0.024088541666666668
0 0.5227864583333334 0.3448079427083333 0.0234375 0.024576822916666668
0 0.010579427083333334 0.06831868489583333 0.021158854166666668 0.023763020833333332
0 0.011372884114583334 0.4827473958333333 0.022745768229166668 0.029296875
0 0.010030110677083334 0.20540364583333334 0.020060221354166668 0.020833333333333332
0 0.837890625 0.3017578125 0.024739583333333332 0.0234375
0 0.3424479166666667 0.23063151041666666 0.028645833333333332 0.018229166666666668
0 0.8346354166666666 0.23177083333333334 0.020833333333333332 0.0244140625
0 0.41021681201550386 0.34735343992248063 0.024224806201550503 0.022206072351421174
0 0.55859375 0.2994085109819122 0.03028100775193791 0.02725290697674417
0 0.607548045865633 0.14598473837209303 0.04138404392764864 0.03330910852713178
0 0.8114401647286823 0.17525637919896642 0.027252906976744207 0.031290374677002596
0 0.9724341892764857 0.07431968669250645 0.03028100775193791 0.027252906976744196
