0 0.5774739583333334 0.096435546875 0.034505208333333336 0.029622395833333332
0 0.4713541666666667 0.22591145833333334 0.056640625 0.046223958333333336
0 0.9381510416666666 0.4368489583333333 0.041666666666666664 0.038411458333333336
0 0.043497721354166664 0.314453125 0.044759114583333336 0.031901041666666664
0 0.8756510416666666 0.4371744791666667 0.037760416666666664 0.047526041666666664
0 0.12052408854166667 0.3616536458333333 0.040364583333333336 0.041666666666666664
0 0.12744140625 0.16080729166666666 0.042643229166666664 0.027994791666666668
0 0.091552734375 0.12662760416666666 0.03515625 0.044921875
0 0.08416748046875 0.075439453125 0.0435791015625 0.041178385416666664
0 0.3824869791666667 0.08634440104166667 0.037760416666666664 0.041829427083333336
0 0.5827365451388888 0.2927807554102067 0.03851996527777768 0.04454588582041341
0 0.06764729817708333 0.331298828125 0.034627278645833336 0.030110677083333332
0 0.193359375 0.064208984375 0.028971354166666668 0.031656901041666664
0 0.051991780598958336 0.3792317708333333 0.031758626302083336 0.025390625
0 0.61328125 0.09676106770833333 0.030598958333333332 0.027994791666666668
0 0.845703125 0.08624267578125 0.029947916666666668 0.035847981770833336
0 0.324951171875 0.4007161458333333 0.02783203125 0.029947916666666668
0 0.11962890625 0.2526041666666667 0.02978515625 0.0400390625
0 0.2999674479166667 0.4007161458333333 0.028971354166666668 0.024088541666666668
0 0.611784863533592 0.29108123385012924 0.036458333333333336 0.037760416666666664
0 0.11979166666666667 0.224609375 0.041015625 0.03125
0 0.3411458333333333 0.08168538411458333 0.0390625 0.028361002604166668
0 0.4563802083333333 0.19270833333333334 0.029947916666666668 0.03125
0 0.24348958333333334 0.07080078125 0.03125 0.02490234375
0 0.329833984375 0.07525634765625 0.03759765625 0.027058919270833332
0 0.7286720768733851 0.1379098029715762 0.021196705426356655 0.017159237726098193
0 0.678203730620155 0.15708777454780362 0.027252906976744058 0.02725290697674419
0 0.6453993055555555 0.006187419250645994 0.050468346253230045 0.012112403100775193
0 0.44705870478036175 0.14951752260981913 0.01917797157622732 0.022206072351421174
0 0.37842175387596894 0.1787891634366925 0.025234173126614873 0.026243540051679577
