0 0.4759114583333333 0.10538736979166667 0.039713541666666664 0.041666666666666664
0 0.4375 0.2833658854166667 0.032552083333333336 0.045572916666666664
0 0.044759114583333336 0.5843098958333334 0.0361328125 0.027994791666666668
0 0.2786458333333333 0.4059244791666667 0.03515625 0.037760416666666664
0 0.8235677083333334 0.6373697916666666 0.03125 0.046875
0 0.09733072916666667 0.3162434895833333 0.025716145833333332 0.0322265625
0 0.4599609375 0.21533203125 0.039713541666666664 0.025390625
0 0.26953125 0.3639322916666667 0.039388020833333336 0.034505208333333336
0 0.5084635416666666 0.3736979166666667 0.021484375 0.031901041666666664
0 0.3694661458333333 0.21793619791666666 0.03125 0.0361328125
0 0.8138020833333334 0.4938151041666667 0.045572916666666664 0.030598958333333332
0 0.9596354166666666 0.6243489583333334 0.040364583333333336 0.033203125
0 0.060994466145833336 0.5462239583333334 0.028401692708333332 0.021484375
0 0.3792317708333333 0.28662109375 0.029296875 0.030598958333333332
0 0.5875651041666666 0.3489583333333333 0.022786458333333332 0.0234375
0 0.7161458333333334 0.3557942708333333 0.01953125 0.025390625
0 0.6604817708333334 0.3482259114583333 0.025390625 0.04443359375
