0 0.4674479166666667 0.2713216145833333 0.048177083333333336 0.0390625
0 0.2716471354166667 0.6686197916666666 0.0400390625 0.044270833333333336
0 0.30419921875 0.37109375 0.031575520833333336 0.03125
0 0.2659505208333333 0.3623046875 0.041341145833333336 0.050130208333333336
0 0.4723307291666667 0.8274739583333334 0.06575520833333333 0.04296875
0 0.6922200520833334 0.3182779947916667 0.053059895833333336 0.055501302083333336
0 0.5963541666666666 0.8001302083333334 0.044270833333333336 0.041666666666666664
0 0.23388671875 0.7044270833333334 0.0361328125 0.033854166666666664
0 0.4827473958333333 0.24088541666666666 0.041666666666666664 0.045247395833333336
0 0.6731770833333334 0.28466796875 0.036458333333333336 0.041666666666666664
0 0.4124348958333333 0.024322509765625 0.047526041666666664 0.048197428385416664
0 0.5491536458333334 0.8059895833333334 0.034505208333333336 0.052083333333333336
0 0.7571614583333334 0.4111328125 0.03515625 0.046875
0 0.7265625 0.4186197916666667 0.05078125 0.05078125
0 0.611328125 0.498046875 0.028645833333333332 0.031901041666666664
0 0.4586588541666667 0.6155598958333334 0.035807291666666664 0.041666666666666664
0 0.265625 0.6155598958333334 0.044596354166666664 0.046875
0 0.5862630208333334 0.6145833333333334 0.029947916666666668 0.03125
0 0.45703125 0.6881510416666666 0.0390625 0.026041666666666668
0 0.3428548177083333 0.9615885416666666 0.042154947916666664 0.048177083333333336
0 0.7141927083333334 0.7076822916666666 0.033854166666666664 0.040364583333333336
0 0.7259114583333334 0.6363932291666666 0.029947916666666668 0.033854166666666664
0 0.384765625 0.67919921875 0.0390625 0.0361328125
0 0.5970052083333334 0.3216145833333333 0.037109375 0.039713541666666664
0 0.9329427083333334 0.3134765625 0.03125 0.0263671875
0 0.5777994791666666 0.66064453125 0.024739583333333332 0.023763020833333332
0 0.2517903645833333 0.4384765625 0.0302734375 0.029947916666666668
0 0.5826822916666666 0.3697916666666667 0.024739583333333332 0.027994791666666668
0 0.4814453125 0.591796875 0.027994791666666668 0.025390625
0 0.7584635416666666 0.4820963541666667 0.032552083333333336 0.020833333333333332
0 0.2699810491359819 0.6355756419573644 0.03848842256136953 0.03744246608527132
0 0.4169921875 0.287109375 0.033203125 0.033528645833333336
0 0.4609375 0.3919270833333333 0.025390625 0.024088541666666668
0 0.5537109375 0.6966145833333334 0.041015625 0.026041666666666668
0 0.3766276041666667 0.026804606119791668 0.024739583333333332 0.04144287109375
0 0.6711381621447027 0.15405967377260985 0.03330910852713176 0.031290374677002596
0 0.5873607073643411 0.008206153100775193 0.027252906976744207 0.01614987080103359
0 0.6176417151162791 0.023851340439276485 0.015140503875968955 0.015140503875968991
