0 0.3795572916666667 0.1962890625 0.048828125 0.039713541666666664
0 0.6570638020833334 0.15673828125 0.045247395833333336 0.043294270833333336
0 0.470703125 0.10530598958333333 0.049479166666666664 0.038736979166666664
0 0.646484375 0.23372395833333334 0.04296875 0.0400390625
0 0.4104817708333333 0.125732421875 0.04296875 0.03955078125
0 0.6233723958333334 0.14689127604166666 0.046223958333333336 0.038411458333333336
0 0.2980143229166667 0.5227864583333334 0.037760416666666664 0.033854166666666664
0 0.6482747395833334 0.3412272135416667 0.0458984375 0.034993489583333336
0 0.87890625 0.4739583333333333 0.0390625 0.031901041666666664
0 0.5654296875 0.4371744791666667 0.050130208333333336 0.034505208333333336
0 0.014302571614583334 0.4576822916666667 0.028605143229166668 0.044270833333333336
0 0.6497395833333334 0.5091145833333334 0.03515625 0.027994791666666668
0 0.2685546875 0.4986979166666667 0.027669270833333332 0.029296875
0 0.6451822916666666 0.11393229166666667 0.037760416666666664 0.029947916666666668
0 0.014628092447916666 0.7721354166666666 0.029256184895833332 0.036458333333333336
0 0.439453125 0.4010416666666667 0.041015625 0.041015625
0 0.4150390625 0.4098307291666667 0.045572916666666664 0.04296875
0 0.4248046875 0.00982666015625 0.048828125 0.0196533203125
0 0.5693359375 0.24788411458333334 0.034505208333333336 0.0380859375
0 0.6756184895833334 0.3058268229166667 0.023763020833333332 0.02734375
0 0.5764973958333334 0.23372395833333334 0.050130208333333336 0.0302734375
0 0.6881510416666666 0.3860677083333333 0.026041666666666668 0.033854166666666664
0 0.6344401041666666 0.4391276041666667 0.0234375 0.022135416666666668
0 0.6788736979166666 0.3404947916666667 0.027669270833333332 0.03515625
0 0.015726725260416668 0.7903645833333334 0.027384440104166668 0.02734375
0 0.580078125 0.3365885416666667 0.032552083333333336 0.016276041666666668
0 0.8040364583333334 0.5452473958333334 0.04296875 0.046223958333333336
0 0.8311228197674417 0.5144036660206718 0.016149870801033472 0.025234173126615023
0 0.9507328003875969 0.5880874515503876 0.02927164082687324 0.02119670542635658
0 0.5883700742894057 0.48513202519379844 0.025234173126615023 0.019177971576227398
