0 0.5553385416666666 0.5572916666666666 0.046875 0.0390625
0 0.7428385416666666 0.537109375 0.03515625 0.034505208333333336
0 0.7311197916666666 0.22330729166666666 0.04296875 0.0439453125
0 0.4195963541666667 0.76953125 0.037760416666666664 0.033854166666666664
0 0.65283203125 0.26025390625 0.0380859375 0.0419921875
0 0.6927083333333334 0.24967447916666666 0.048177083333333336 0.045572916666666664
0 0.3277180989583333 0.5361328125 0.043131510416666664 0.037109375
0 0.3893229166666667 0.7805989583333334 0.038411458333333336 0.033854166666666664
0 0.23193359375 0.6168619791666666 0.046223958333333336 0.036458333333333336
0 0.5784505208333334 0.3423665364583333 0.046223958333333336 0.032063802083333336
0 0.5833333333333334 0.5393880208333334 0.046875 0.032552083333333336
0 0.2705078125 0.6263020833333334 0.0322265625 0.044921875
0 0.44763025880167956 0.5630803859819121 0.036203468184754506 0.0348736272609819
0 0.6966145833333334 0.20963541666666666 0.029947916666666668 0.0302734375
0 0.67578125 0.1708984375 0.0390625 0.0673828125
0 0.3873697916666667 0.08601888020833333 0.021484375 0.033528645833333336
0 0.4349463016795865 0.5356003714470284 0.03330910852713176 0.027252906976744207
0 0.5691921027131782 0.07179626937984496 0.027252906976744207 0.0222060723514212
