0 0.69140625 0.3292643229166667 0.059895833333333336 0.0537109375
0 0.2752278645833333 0.29345703125 0.0439453125 0.035807291666666664
0 0.24690755208333334 0.4498697916666667 0.044596354166666664 0.032552083333333336
0 0.8365885416666666 0.8567708333333334 0.045572916666666664 0.040364583333333336
0 0.4205729166666667 0.13338216145833334 0.045572916666666664 0.042805989583333336
0 0.2960611979166667 0.2513020833333333 0.041341145833333336 0.037760416666666664
0 0.28564453125 0.4147135416666667 0.0498046875 0.046875
0 0.3805338541666667 0.046590169270833336 0.044921875 0.048828125
0 0.4166666666666667 0.031901041666666664 0.041015625 0.040852864583333336
0 0.19026692708333334 0.775390625 0.049479166666666664 0.05078125
0 0.09944661458333333 0.7486979166666666 0.044921875 0.0390625
0 0.8131510416666666 0.8346354166666666 0.046875 0.0390625
0 0.22998046875 0.626953125 0.039713541666666664 0.05078125
0 0.2275390625 0.5358072916666666 0.035807291666666664 0.04296875
0 0.27587890625 0.8919270833333334 0.037109375 0.052083333333333336
0 0.2584635416666667 0.5485026041666666 0.044596354166666664 0.044921875
0 0.23486328125 0.8938802083333334 0.037760416666666664 0.045572916666666664
0 0.4417317708333333 0.4388020833333333 0.037760416666666664 0.042317708333333336
0 0.7337239583333334 0.08553059895833333 0.037760416666666664 0.03515625
0 0.24186197916666666 0.4182942708333333 0.047526041666666664 0.035807291666666664
0 0.23470052083333334 0.3363444010416667 0.032877604166666664 0.032389322916666664
0 0.2639973958333333 0.8313802083333334 0.035807291666666664 0.03515625
0 0.10432942708333333 0.95703125 0.04638671875 0.04296875
0 0.019846598307291668 0.6486002604166666 0.03826904296875 0.056966145833333336
0 0.17578125 0.3548177083333333 0.042643229166666664 0.033854166666666664
0 0.28173828125 0.7747395833333334 0.048828125 0.041666666666666664
0 0.79296875 0.18538411458333334 0.033854166666666664 0.041666666666666664
0 0.3412272135416667 0.24820963541666666 0.023274739583333332 0.027994791666666668
0 0.011248270670572916 0.83203125 0.020228068033854168 0.04296875
0 0.19775390625 0.8606770833333334 0.034830729166666664 0.033854166666666664
0 0.011250813802083334 0.5413411458333334 0.022501627604166668 0.030598958333333332
0 0.7063802083333334 0.057657877604166664 0.037760416666666664 0.035237630208333336
0 0.6520182291666666 0.4300130208333333 0.026692708333333332 0.028645833333333332
0 0.3401692708333333 0.8313802083333334 0.026692708333333332 0.026041666666666668
0 0.7584635416666666 0.5598958333333334 0.02734375 0.028645833333333332
0 0.2540690104166667 0.85546875 0.041666666666666664 0.03515625
0 0.4098307291666667 0.10432942708333333 0.021484375 0.035481770833333336
0 0.18001302083333334 0.24674479166666666 0.029296875 0.0244140625
0 0.2672526041666667 0.775390625 0.030924479166666668 0.033854166666666664
0 0.7213541666666666 0.145751953125 0.0234375 0.028157552083333332
0 0.7518875161498708 0.3281754683462532 0.01917797157622747 0.022206072351421174
