0 0.0560302734375 0.31298828125 0.044108072916666664 0.03515625
0 0.5263671875 0.29736328125 0.037760416666666664 0.040364583333333336
0 0.5660807291666666 0.2958984375 0.027994791666666668 0.0400390625
0 0.15152994791666666 0.038533528645833336 0.0302734375 0.036214192708333336
0 0.0579833984375 0.093505859375 0.027913411458333332 0.034505208333333336
0 0.3116861979166667 0.12630208333333334 0.031575520833333336 0.021484375
0 0.5517578125 0.21516927083333334 0.033203125 0.026041666666666668
0 0.09275309244791667 0.27294921875 0.0325927734375 0.033854166666666664
0 0.2823893229166667 0.22054036458333334 0.033528645833333336 0.044270833333333336
0 0.4606119791666667 0.3567708333333333 0.028645833333333332 0.027994791666666668
0 0.063232421875 0.27099609375 0.037516276041666664 0.023111979166666668
0 0.24723307291666666 0.14583333333333334 0.026692708333333332 0.026204427083333332
0 0.4026692708333333 0.19514973958333334 0.024739583333333332 0.026041666666666668
0 0.5323502099483204 0.01981387273901809 0.02220607235142132 0.023215439276485783
0 0.5167050226098191 0.04201994509043927 0.011103036175710587 0.019177971576227387
0 0.15484697997416022 0.20099523578811365 0.026243540051679542 0.026243540051679577
