0 0.794921875 0.611328125 0.04296875 0.038411458333333336
0 0.6705729166666666 0.13460286458333334 0.045572916666666664 0.051432291666666664
0 0.7018229166666666 0.08677164713541667 0.059895833333333336 0.0416259765625
0 0.2898763020833333 0.26318359375 0.035807291666666664 0.040364583333333336
0 0.689453125 0.0211334228515625 0.0390625 0.036509195963541664
0 0.24104817708333334 0.4436848958333333 0.038411458333333336 0.035807291666666664
0 0.6427408854166666 0.039052327473958336 0.0556640625 0.040547688802083336
0 0.2589518229166667 0.2666015625 0.038736979166666664 0.045572916666666664
0 0.2574869791666667 0.50390625 0.0361328125 0.037109375
0 0.734375 0.08976236979166667 0.026041666666666668 0.037109375
0 0.6705729166666666 0.06327311197916667 0.033854166666666664 0.038167317708333336
0 0.61328125 0.17867024739583334 0.031901041666666664 0.042399088541666664
0 0.07051595052083333 0.3974609375 0.032145182291666664 0.027994791666666668
0 0.2646484375 0.2848307291666667 0.041666666666666664 0.037434895833333336
0 0.6337890625 0.08477783203125 0.022786458333333332 0.0208740234375
0 0.75 0.5810546875 0.032552083333333336 0.026692708333333332
0 0.9169190083979327 0.26206193475452194 0.020187338501292135 0.023215439276485766
0 0.8992550872093023 0.2332949773901809 0.015140503875968806 0.016149870801033583
