0 0.91015625 0.3296712239583333 0.040364583333333336 0.04248046875
0 0.144775390625 0.267578125 0.038411458333333336 0.02734375
0 0.7884114583333334 0.5113932291666666 0.045572916666666664 0.0390625
0 0.4889322916666667 0.3961588541666667 0.031901041666666664 0.033203125
0 0.9309895833333334 0.16495768229166666 0.032552083333333336 0.030436197916666668
0 0.306640625 0.3407389322916667 0.0361328125 0.026204427083333332
0 0.24658203125 0.3766276041666667 0.027018229166666668 0.03515625
0 0.0814208984375 0.3221842447916667 0.032307942708333336 0.034016927083333336
0 0.15218098958333334 0.3870442708333333 0.033854166666666664 0.032552083333333336
0 0.18229166666666666 0.3916015625 0.027669270833333332 0.028645833333333332
0 0.3460286458333333 0.08721923828125 0.033854166666666664 0.024129231770833332
0 0.9759114583333334 0.1644287109375 0.037760416666666664 0.028889973958333332
0 0.4296875 0.384765625 0.029947916666666668 0.033854166666666664
0 0.9635416666666666 0.3369140625 0.024739583333333332 0.032552083333333336
0 0.4202473958333333 0.18896484375 0.03515625 0.030924479166666668
0 0.7194010416666666 0.3279622395833333 0.033854166666666664 0.025065104166666668
0 0.3642578125 0.121826171875 0.028645833333333332 0.02734375
0 0.453125 0.1748046875 0.0234375 0.0263671875
0 0.012532552083333334 0.23551432291666666 0.025065104166666668 0.026041666666666668
0 0.3802083333333333 0.14640299479166666 0.027994791666666668 0.02587890625
0 0.697265625 0.2970377604166667 0.028645833333333332 0.020182291666666668
0 0.17679850260416666 0.019658406575520832 0.039632161458333336 0.032216389973958336
0 0.079833984375 0.2552083333333333 0.038411458333333336 0.0283203125
0 0.127685546875 0.19514973958333334 0.027669270833333332 0.0263671875
