0 0.2771809895833333 0.7454427083333334 0.042317708333333336 0.049479166666666664
0 0.3772786458333333 0.16259765625 0.055338541666666664 0.052734375
0 0.2727864583333333 0.5784505208333334 0.049153645833333336 0.040364583333333336
0 0.6764322916666666 0.058064778645833336 0.040364583333333336 0.040120442708333336
0 0.64208984375 0.19140625 0.050455729166666664 0.0576171875
0 0.27490234375 0.3792317708333333 0.055338541666666664 0.043619791666666664
0 0.689453125 0.121337890625 0.044270833333333336 0.049153645833333336
0 0.6414388020833334 0.23583984375 0.050455729166666664 0.054361979166666664
0 0.7220052083333334 0.3319498697916667 0.024739583333333332 0.039225260416666664
0 0.3935546875 0.3148600260416667 0.026692708333333332 0.038899739583333336
0 0.6442057291666666 0.13883463541666666 0.044270833333333336 0.043131510416666664
0 0.2574869791666667 0.7096354166666666 0.047526041666666664 0.044270833333333336
0 0.6848958333333334 0.22737630208333334 0.052083333333333336 0.060872395833333336
0 0.24772135416666666 0.38671875 0.031575520833333336 0.041666666666666664
0 0.6129557291666666 0.14013671875 0.047526041666666664 0.048828125
0 0.4647882348191214 0.14788077105539404 0.028131056201550358 0.02951704316052972
0 0.3499348958333333 0.3307291666666667 0.03125 0.035807291666666664
0 0.4391276041666667 0.2584635416666667 0.041666666666666664 0.043619791666666664
0 0.6357421875 0.3014322916666667 0.030598958333333332 0.0322265625
0 0.6165364583333334 0.09138997395833333 0.025390625 0.032063802083333336
0 0.2783203125 0.23095703125 0.0224609375 0.0244140625
0 0.5042317708333334 0.0419921875 0.036458333333333336 0.034912109375
0 0.3723958333333333 0.3776041666666667 0.020182291666666668 0.026692708333333332
0 0.9420572916666666 0.6788736979166666 0.0234375 0.028971354166666668
0 0.35833282864987065 0.20937676639211886 0.0234375 0.0361328125
0 0.6435546875 0.010119120279947916 0.030598958333333332 0.0169525146484375
0 0.3961588541666667 0.2757161458333333 0.0234375 0.038736979166666664
0 0.4352213541666667 0.15824381510416666 0.035807291666666664 0.031168619791666668
0 0.8424479166666666 0.3815104166666667 0.020833333333333332 0.020833333333333332
0 0.005900065104166667 0.5631510416666666 0.011800130208333334 0.029296875
