0 0.751953125 0.3140462239583333 0.044270833333333336 0.039876302083333336
0 0.2294921875 0.025965372721354168 0.055338541666666664 0.035064697265625
0 0.306640625 0.14013671875 0.039713541666666664 0.034505208333333336
0 0.4137369791666667 0.059814453125 0.03125 0.0400390625
0 0.9453125 0.189453125 0.045572916666666664 0.03515625
0 0.578125 0.23177083333333334 0.038411458333333336 0.0390625
0 0.2942708333333333 0.029408772786458332 0.052408854166666664 0.051859537760416664
0 0.4222005208333333 0.020060221354166668 0.037760416666666664 0.040120442708333336
0 0.9095052083333334 0.20572916666666666 0.041666666666666664 0.029947916666666668
0 0.5901692708333334 0.3487141927083333 0.033854166666666664 0.03173828125
0 0.9749348958333334 0.029703776041666668 0.050130208333333336 0.059407552083333336
0 0.5009765625 0.018641153971354168 0.027994791666666668 0.034495035807291664
0 0.4134114583333333 0.22981770833333334 0.035807291666666664 0.037109375
0 0.2776692708333333 0.17574055989583334 0.034830729166666664 0.033284505208333336
0 0.9303385416666666 0.08284505208333333 0.036458333333333336 0.031901041666666664
0 0.7890625 0.09389241536458333 0.024739583333333332 0.026896158854166668
0 0.6240234375 0.2796223958333333 0.032552083333333336 0.029296875
0 0.6730143229166666 0.4423828125 0.023763020833333332 0.026041666666666668
0 0.505859375 0.3304036458333333 0.027994791666666668 0.029296875
0 0.9759114583333334 0.5335286458333334 0.03125 0.033203125
0 0.5465494791666666 0.30322265625 0.036458333333333336 0.030598958333333332
0 0.4658203125 0.015752156575520832 0.026692708333333332 0.025054931640625
0 0.3649088541666667 0.0631103515625 0.024088541666666668 0.030436197916666668
0 0.9361979166666666 0.4381510416666667 0.04296875 0.033203125
0 0.15096028645833334 0.21061197916666666 0.029622395833333332 0.02734375
0 0.6686197916666666 0.3600260416666667 0.024739583333333332 0.050130208333333336
0 0.2696940104166667 0.3525390625 0.0263671875 0.030598958333333332
0 0.6256510416666666 0.5400390625 0.024739583333333332 0.033854166666666664
0 0.6946614583333334 0.09814453125 0.024739583333333332 0.024576822916666668
0 0.4537760416666667 0.23453776041666666 0.033854166666666664 0.023111979166666668
0 0.857421875 0.11564127604166667 0.029947916666666668 0.028645833333333332
0 0.6419270833333334 0.3994140625 0.029947916666666668 0.039713541666666664
0 0.6194661458333334 0.3977864583333333 0.041015625 0.028645833333333332
0 0.490234375 0.0762939453125 0.026692708333333332 0.022867838541666668
0 0.244140625 0.3385416666666667 0.022135416666666668 0.022135416666666668
0 0.6513671875 0.15340169270833334 0.01953125 0.020833333333333332
0 0.6827458817829456 0.5356003714470284 0.024224806201550358 0.025234173126615023
