0 0.3857421875 0.18701171875 0.0390625 0.034830729166666664
0 0.6373697916666666 0.4182942708333333 0.046875 0.039713541666666664
0 0.72265625 0.21484375 0.046875 0.040690104166666664
0 0.2648111979166667 0.6946614583333334 0.0517578125 0.049479166666666664
0 0.67578125 0.3678385416666667 0.0390625 0.0390625
0 0.505859375 0.009287516276041666 0.051432291666666664 0.018575032552083332
0 0.7493489583333334 0.8033854166666666 0.04296875 0.03125
0 0.5764973958333334 0.7604166666666666 0.056640625 0.033854166666666664
0 0.6940104166666666 0.08642578125 0.045572916666666664 0.052571614583333336
0 0.6778971354166666 0.2848307291666667 0.0556640625 0.044596354166666664
0 0.2985026041666667 0.4853515625 0.044921875 0.042317708333333336
0 0.5830078125 0.2942708333333333 0.041666666666666664 0.0400390625
0 0.3850911458333333 0.3444010416666667 0.0390625 0.033203125
0 0.5891927083333334 0.5029296875 0.037760416666666664 0.03515625
0 0.6106770833333334 0.3961588541666667 0.038411458333333336 0.037760416666666664
0 0.6409505208333334 0.3408203125 0.034505208333333336 0.035807291666666664
0 0.5826822916666666 0.939453125 0.048177083333333336 0.029947916666666668
0 0.3916015625 0.9368489583333334 0.059244791666666664 0.07291666666666667
0 0.6848958333333334 0.4127604166666667 0.024739583333333332 0.041015625
0 0.6946614583333334 0.322265625 0.036458333333333336 0.0390625
0 0.6979166666666666 0.18408203125 0.045572916666666664 0.034505208333333336
0 0.3447265625 0.9212239583333334 0.044921875 0.045572916666666664
0 0.8782552083333334 0.7291666666666666 0.045572916666666664 0.037760416666666664
0 0.3577473958333333 0.376953125 0.022786458333333332 0.026692708333333332
0 0.6350911458333334 0.2976888020833333 0.028645833333333332 0.028645833333333332
0 0.4619140625 0.7513020833333334 0.021484375 0.026041666666666668
0 0.5504557291666666 0.7936197916666666 0.031901041666666664 0.028645833333333332
0 0.6681315104166666 0.521484375 0.030924479166666668 0.035807291666666664
0 0.6500651041666666 0.098876953125 0.035807291666666664 0.038411458333333336
0 0.5500141311369509 0.3937843184754522 0.017159237726098286 0.022206072351421247
