0 0.908203125 0.4768880208333333 0.0390625 0.036458333333333336
0 0.036529541015625 0.5465494791666666 0.04998779296875 0.053385416666666664
0 0.021565755208333332 0.50390625 0.038004557291666664 0.046875
0 0.028778076171875 0.4560546875 0.027567545572916668 0.043619791666666664
0 0.818359375 0.4840494791666667 0.032552083333333336 0.031901041666666664
0 0.7975260416666666 0.5309244791666666 0.026041666666666668 0.027994791666666668
0 0.4205729166666667 0.447265625 0.035807291666666664 0.029947916666666668
0 0.9322916666666666 0.7604166666666666 0.03125 0.024739583333333332
0 0.2955729166666667 0.5263671875 0.033203125 0.03125
0 0.7877604166666666 0.6868489583333334 0.022135416666666668 0.033854166666666664
0 0.5921223958333334 0.2638346354166667 0.025390625 0.027994791666666668
0 0.13875325520833334 0.7272135416666666 0.04931640625 0.02734375
0 0.3329264322916667 0.4095052083333333 0.026204427083333332 0.027994791666666668
0 0.5113932291666666 0.439453125 0.029296875 0.022786458333333332
0 0.9811197916666666 0.419921875 0.032552083333333336 0.024739583333333332
0 0.006678263346354167 0.4514973958333333 0.013356526692708334 0.046223958333333336
0 0.5595703125 0.3544921875 0.020182291666666668 0.033854166666666664
0 0.8463541666666666 0.5143229166666666 0.024739583333333332 0.025390625
0 0.3011067708333333 0.5042317708333334 0.021158854166666668 0.034505208333333336
0 0.7190830910852712 0.3019319282945736 0.02422480620155021 0.024224806201550392
0 0.6257166505167958 0.39782178617571057 0.02927164082687339 0.024224806201550358
