0 0.69140625 0.055521647135416664 0.061197916666666664 0.07027180989583333
0 0.9420572916666666 0.6875 0.046875 0.049479166666666664
0 0.25146484375 0.5120442708333334 0.050130208333333336 0.044270833333333336
0 0.736328125 0.09474690755208333 0.044270833333333336 0.044881184895833336
0 0.3356119791666667 0.15030924479166666 0.04296875 0.038248697916666664
0 0.2705078125 0.6468098958333334 0.052408854166666664 0.048828125
0 0.7662760416666666 0.017374674479166668 0.059895833333333336 0.034749348958333336
0 0.2869466145833333 0.5445963541666666 0.048828125 0.057942708333333336
0 0.4609375 0.21012369791666666 0.06966145833333333 0.05859375
0 0.24332682291666666 0.3162434895833333 0.0322265625 0.025065104166666668
0 0.6979166666666666 0.22330729166666666 0.028645833333333332 0.026041666666666668
0 0.6448567708333334 0.0362548828125 0.034505208333333336 0.02783203125
0 0.3668619791666667 0.1646728515625 0.026692708333333332 0.035888671875
0 0.7347686531007751 0.3385656391311369 0.043483527131782974 0.04096768007105944
0 0.6458333333333334 0.208984375 0.039713541666666664 0.033854166666666664
0 0.6888020833333334 0.14558919270833334 0.02734375 0.035807291666666664
0 0.5944010416666666 0.4046223958333333 0.033854166666666664 0.03125
0 0.763671875 0.3362630208333333 0.036458333333333336 0.033203125
0 0.265625 0.5452473958333334 0.037109375 0.043619791666666664
0 0.6360677083333334 0.15962727864583334 0.025390625 0.031005859375
0 0.9192708333333334 0.736328125 0.0390625 0.055989583333333336
0 0.7135416666666666 0.3372395833333333 0.0390625 0.033203125
0 0.31785973837209297 0.4139716569767442 0.025234173126614873 0.022206072351421247
