0 0.8567708333333334 0.4944661458333333 0.045572916666666664 0.042317708333333336
0 0.7734375 0.4677734375 0.040364583333333336 0.041015625
0 0.7819010416666666 0.3889973958333333 0.0390625 0.03515625
0 0.7727864583333334 0.4195963541666667 0.040364583333333336 0.031901041666666664
0 0.012898763020833334 0.5074869791666666 0.025797526041666668 0.044270833333333336
0 0.6337890625 0.22981770833333334 0.035807291666666664 0.037434895833333336
0 0.5592447916666666 0.1328125 0.029947916666666668 0.026041666666666668
0 0.79296875 0.07704671223958333 0.03125 0.029825846354166668
0 0.6126302083333334 0.2561848958333333 0.038411458333333336 0.034505208333333336
0 0.6490885416666666 0.17757161458333334 0.022786458333333332 0.027994791666666668
0 0.6123046875 0.236328125 0.03125 0.032877604166666664
0 0.78515625 0.044148763020833336 0.03125 0.026123046875
