0 0.2840169270833333 0.3304850260416667 0.036458333333333336 0.03759765625
0 0.69140625 0.16796875 0.04296875 0.055013020833333336
0 0.78125 0.5983072916666666 0.040364583333333336 0.037760416666666664
0 0.26513671875 0.5458984375 0.044596354166666664 0.047526041666666664
0 0.64892578125 0.5377604166666666 0.047200520833333336 0.042317708333333336
0 0.77734375 0.9609375 0.040364583333333336 0.036458333333333336
0 0.0233154296875 0.9654947916666666 0.046630859375 0.06380208333333333
0 0.7220052083333334 0.8125 0.041666666666666664 0.036458333333333336
0 0.7083333333333334 0.4169921875 0.048177083333333336 0.051432291666666664
0 0.69140625 0.5406901041666666 0.032552083333333336 0.037760416666666664
0 0.2898763020833333 0.5914713541666666 0.046875 0.037109375
0 0.21891276041666666 0.974609375 0.041666666666666664 0.049479166666666664
0 0.3212890625 0.5348307291666666 0.025390625 0.025390625
0 0.7845052083333334 0.4371744791666667 0.032552083333333336 0.03515625
0 0.619140625 0.376953125 0.044921875 0.041015625
0 0.2794596354166667 0.97265625 0.031575520833333336 0.040364583333333336
0 0.2835286458333333 0.89453125 0.036458333333333336 0.052083333333333336
0 0.7122395833333334 0.059092203776041664 0.07942708333333333 0.054829915364583336
0 0.2503255208333333 0.8828125 0.054036458333333336 0.07291666666666667
0 0.4000651041666667 0.052174886067708336 0.034505208333333336 0.033182779947916664
0 0.3929036458333333 0.7389322916666666 0.044270833333333336 0.041666666666666664
0 0.5361328125 0.8307291666666666 0.041015625 0.040364583333333336
0 0.68115234375 0.9459635416666666 0.037434895833333336 0.026041666666666668
0 0.5305989583333334 0.8072916666666666 0.041015625 0.037760416666666664
0 0.794921875 0.5631510416666666 0.033854166666666664 0.020833333333333332
0 0.2506510416666667 0.9781901041666666 0.0400390625 0.043619791666666664
0 0.5416666666666666 0.7220052083333334 0.03515625 0.022135416666666668
0 0.3990885416666667 0.7845052083333334 0.027994791666666668 0.024739583333333332
0 0.3170572916666667 0.3671875 0.025716145833333332 0.0234375
0 0.6868489583333334 0.2957356770833333 0.029947916666666668 0.019205729166666668
0 0.2779947916666667 0.24934895833333334 0.028971354166666668 0.021484375
0 0.291015625 0.6599934895833334 0.027994791666666668 0.023763020833333332
0 0.4446614583333333 0.6201171875 0.027994791666666668 0.022786458333333332
0 0.9095052083333334 0.982421875 0.053385416666666664 0.03125
0 0.3432112504037468 0.7420890867248063 0.027018229166666668 0.026097181847545208
0 0.6978863856589147 0.34129723837209297 0.022206072351421174 0.026243540051679615
0 0.5167050226098191 0.5946483365633074 0.027252906976744058 0.02422480620155043
