0 0.5244140625 0.8111979166666666 0.043619791666666664 0.05078125
0 0.6573893229166666 0.7272135416666666 0.0537109375 0.046875
0 0.28564453125 0.24072265625 0.041341145833333336 0.039388020833333336
0 0.5745442708333334 0.5009765625 0.041015625 0.046875
0 0.6490885416666666 0.8645833333333334 0.046875 0.040364583333333336
0 0.4576822916666667 0.8372395833333334 0.040364583333333336 0.040364583333333336
0 0.615234375 0.5380859375 0.046223958333333336 0.033854166666666664
0 0.0369873046875 0.041341145833333336 0.051432291666666664 0.038411458333333336
0 0.5367838541666666 0.7766927083333334 0.034505208333333336 0.032552083333333336
0 0.66552734375 0.6861979166666666 0.0478515625 0.048177083333333336
0 0.859375 0.8932291666666666 0.037760416666666664 0.028645833333333332
0 0.6396484375 0.7688802083333334 0.038411458333333336 0.03515625
0 0.4723307291666667 0.87890625 0.0625 0.05859375
0 0.7897135416666666 0.6468098958333334 0.036458333333333336 0.044921875
0 0.4065755208333333 0.93359375 0.044270833333333336 0.045572916666666664
0 0.31640625 0.2858072916666667 0.030598958333333332 0.0234375
0 0.5615234375 0.4293619791666667 0.028645833333333332 0.024739583333333332
0 0.012029012044270834 0.5611979166666666 0.019561767578125 0.032552083333333336
0 0.8971354166666666 0.69921875 0.03125 0.0390625
0 0.2638346354166667 0.13362630208333334 0.0263671875 0.02392578125
0 0.7623697916666666 0.6448567708333334 0.028645833333333332 0.033203125
0 0.3929036458333333 0.22770182291666666 0.026692708333333332 0.01953125
0 0.9251302083333334 0.69921875 0.036458333333333336 0.029947916666666668
0 0.3704427083333333 0.2900390625 0.028645833333333332 0.029622395833333332
0 0.4228515625 0.9290364583333334 0.045572916666666664 0.059895833333333336
0 0.2540690104166667 0.24365234375 0.0244140625 0.0244140625
0 0.3098958333333333 0.17154947916666666 0.0234375 0.021809895833333332
0 0.2667643229166667 0.17561848958333334 0.024739583333333332 0.0302734375
0 0.4606119791666667 0.873046875 0.040364583333333336 0.0390625
0 0.6028645833333334 0.3302408854166667 0.020833333333333332 0.025065104166666668
0 0.65380859375 0.7421875 0.0439453125 0.048177083333333336
0 0.5475260416666666 0.578125 0.024088541666666668 0.041666666666666664
0 0.9817708333333334 0.8795572916666666 0.026041666666666668 0.03125
0 0.5495094476744186 0.6360323804909561 0.024224806201550358 0.022206072351421174
0 0.8139635820413437 0.3145490148578811 0.020187338501292135 0.017159237726098175
0 0.21793241279069764 0.32514736757105944 0.02321543927648569 0.024224806201550392
