0 0.6223958333333334 0.3526204427083333 0.039713541666666664 0.04345703125
0 0.9309895833333334 0.6051432291666666 0.04296875 0.036458333333333336
0 0.2841796875 0.13004557291666666 0.059244791666666664 0.051432291666666664
0 0.065521240234375 0.3929036458333333 0.05743408203125 0.032552083333333336
0 0.9264322916666666 0.5413411458333334 0.03515625 0.033854166666666664
0 0.055959065755208336 0.057688395182291664 0.04010009765625 0.03778076171875
0 0.16670735677083334 0.4401041666666667 0.039306640625 0.0390625
0 0.6272786458333334 0.2716471354166667 0.03515625 0.033528645833333336
0 0.13557942708333334 0.4505208333333333 0.030924479166666668 0.035807291666666664
0 0.296875 0.21028645833333334 0.03125 0.0439453125
0 0.26318359375 0.059326171875 0.033203125 0.038167317708333336
0 0.5657552083333334 0.2734375 0.032552083333333336 0.031901041666666664
0 0.18265787760416666 0.118408203125 0.042236328125 0.025227864583333332
0 0.98828125 0.6427408854166666 0.0234375 0.0556640625
0 0.6015625 0.2734375 0.028645833333333332 0.033528645833333336
0 0.2869466145833333 0.046875 0.026041666666666668 0.038818359375
0 0.7779947916666666 0.5706380208333334 0.03125 0.030598958333333332
0 0.4583333333333333 0.2701822916666667 0.034505208333333336 0.0205078125
0 0.4873046875 0.2724609375 0.0390625 0.0322265625
0 0.5462239583333334 0.35546875 0.026041666666666668 0.031901041666666664
0 0.5436197916666666 0.18277994791666666 0.034505208333333336 0.0302734375
0 0.3756510416666667 0.12508138020833334 0.048828125 0.0224609375
0 0.21419270833333334 0.25048828125 0.01953125 0.034505208333333336
0 0.5201822916666666 0.1806640625 0.034505208333333336 0.026692708333333332
0 0.6541341145833334 0.23063151041666666 0.0419921875 0.0341796875
0 0.9895833333333334 0.5680338541666666 0.018229166666666668 0.022135416666666668
0 0.8658854166666666 0.5524088541666666 0.026041666666666668 0.0390625
0 0.9912109375 0.5703125 0.017578125 0.046875
