0 0.7630208333333334 0.19222005208333334 0.04296875 0.038411458333333336
0 0.9322916666666666 0.013590494791666666 0.045572916666666664 0.027180989583333332
0 0.7649739583333334 0.5511067708333334 0.033854166666666664 0.029296875
0 0.7623697916666666 0.06412760416666667 0.032552083333333336 0.032063802083333336
0 0.7864583333333334 0.0645751953125 0.036458333333333336 0.036865234375
0 0.8678385416666666 0.5406901041666666 0.037760416666666664 0.030598958333333332
0 0.8938802083333334 0.009373982747395834 0.04296875 0.018747965494791668
0 0.6573893229166666 0.07845052083333333 0.025065104166666668 0.03125
0 0.15706380208333334 0.4036458333333333 0.02734375 0.022135416666666668
0 0.11165364583333333 0.4807942708333333 0.02685546875 0.0234375
0 0.64453125 0.2333984375 0.022135416666666668 0.021158854166666668
0 0.9368489583333334 0.18570963541666666 0.040364583333333336 0.03125
0 0.9140625 0.458984375 0.020833333333333332 0.03125
0 0.48490996447028417 0.38722343346253235 0.028262273901808726 0.02523417312661495
0 0.42788073320413433 0.4750383559431524 0.025234173126614873 0.017159237726098137
0 0.1351643249354005 0.3342316698966408 0.03532784237726109 0.026243540051679577
0 0.2618398740310078 0.11620841408268734 0.02018733850129199 0.024224806201550392
