0 0.2945963541666667 0.19303385416666666 0.0478515625 0.046875
0 0.2867838541666667 0.15234375 0.047526041666666664 0.0478515625
0 0.2657877604166667 0.4996744791666667 0.0380859375 0.036458333333333336
0 0.2805989583333333 0.07607014973958333 0.0390625 0.043172200520833336
0 0.2662760416666667 0.11653645833333333 0.047526041666666664 0.035807291666666664
0 0.3779296875 0.4661458333333333 0.046875 0.039713541666666664
0 0.2696940104166667 0.2550455729166667 0.047526041666666664 0.044596354166666664
0 0.466796875 0.7604166666666666 0.03515625 0.028645833333333332
0 0.82421875 0.65625 0.028645833333333332 0.03125
0 0.29541015625 0.5419921875 0.03125 0.029296875
0 0.6201171875 0.6927083333333334 0.026041666666666668 0.02734375
0 0.8470052083333334 0.6681315104166666 0.024739583333333332 0.034830729166666664
0 0.09765625 0.2508138020833333 0.027506510416666668 0.0224609375
0 0.5341796875 0.5240885416666666 0.02734375 0.026692708333333332
0 0.9908854166666666 0.68359375 0.018229166666666668 0.028645833333333332
0 0.9114583333333334 0.4850260416666667 0.022135416666666668 0.024088541666666668
0 0.14225260416666666 0.15995279947916666 0.033040364583333336 0.035563151041666664
0 0.28531522529069764 0.26370341771640826 0.03483829941860472 0.03053587290051681
0 0.9920132053805775 0.432614624343832 0.013369422572178399 0.025395751312335957
