0 0.2556966145833333 0.19091796875 0.055013020833333336 0.051432291666666664
0 0.5110677083333334 0.3935546875 0.046875 0.043619791666666664
0 0.47265625 0.4293619791666667 0.036458333333333336 0.041666666666666664
0 0.4293619791666667 0.45703125 0.044921875 0.047526041666666664
0 0.970703125 0.755859375 0.0390625 0.040364583333333336
0 0.5130208333333334 0.640625 0.038411458333333336 0.034505208333333336
0 0.8763020833333334 0.5729166666666666 0.046875 0.046223958333333336
0 0.084716796875 0.5865885416666666 0.038411458333333336 0.036458333333333336
0 0.12589518229166666 0.3997395833333333 0.03271484375 0.022135416666666668
0 0.71484375 0.8548177083333334 0.036458333333333336 0.04296875
0 0.8203125 0.6634114583333334 0.02734375 0.03125
0 0.865234375 0.9615885416666666 0.053385416666666664 0.033854166666666664
0 0.1595458984375 0.6305338541666666 0.032145182291666664 0.048828125
0 0.6178385416666666 0.2950846354166667 0.02734375 0.0205078125
0 0.14957682291666666 0.4016927083333333 0.02783203125 0.03515625
0 0.556640625 0.7356770833333334 0.029296875 0.028645833333333332
0 0.73046875 0.8671875 0.033854166666666664 0.029947916666666668
0 0.084716796875 0.6783854166666666 0.0322265625 0.01953125
0 0.2706705729166667 0.357421875 0.029622395833333332 0.024088541666666668
0 0.451171875 0.44140625 0.0703125 0.042317708333333336
0 0.6060339954780362 0.7965217215762274 0.03633720930232561 0.04037467700258398
0 0.34814074612403095 0.28275395671834624 0.025234173126615023 0.02018733850129199
