0 0.7747395833333334 0.046864827473958336 0.049479166666666664 0.05194091796875
0 0.4309895833333333 0.4749348958333333 0.037760416666666664 0.037760416666666664
0 0.6396484375 0.521484375 0.040364583333333336 0.041015625
0 0.20458984375 0.15885416666666666 0.048177083333333336 0.031901041666666664
0 0.5641276041666666 0.3785807291666667 0.0390625 0.046223958333333336
0 0.5452473958333334 0.3479817708333333 0.042317708333333336 0.048177083333333336
0 0.103271484375 0.3763020833333333 0.0341796875 0.026041666666666668
0 0.7493489583333334 0.3818359375 0.037760416666666664 0.025390625
0 0.9368489583333334 0.15384928385416666 0.041666666666666664 0.028889973958333332
0 0.2547200520833333 0.4303385416666667 0.0361328125 0.029296875
0 0.5875651041666666 0.029642740885416668 0.031901041666666664 0.047566731770833336
0 0.6087239583333334 0.5179036458333334 0.037760416666666664 0.041015625
0 0.3902994791666667 0.2833658854166667 0.026692708333333332 0.0263671875
0 0.87109375 0.105712890625 0.040364583333333336 0.033854166666666664
0 0.5631510416666666 0.018646240234375 0.040364583333333336 0.03729248046875
0 0.13802083333333334 0.4033203125 0.0380859375 0.027994791666666668
0 0.20703125 0.22672526041666666 0.027018229166666668 0.027669270833333332
0 0.5384114583333334 0.1982421875 0.020833333333333332 0.024088541666666668
0 0.18343098958333334 0.06815592447916667 0.031901041666666664 0.02001953125
0 0.48046875 0.5022786458333334 0.024088541666666668 0.036458333333333336
0 0.3857421875 0.2586263020833333 0.026692708333333332 0.030924479166666668
0 0.5514322916666666 0.31396484375 0.026041666666666668 0.027018229166666668
0 0.07484944661458333 0.3811848958333333 0.026082356770833332 0.026692708333333332
0 0.22314453125 0.4388020833333333 0.029947916666666668 0.025390625
0 0.15140787760416666 0.13907877604166666 0.034749348958333336 0.038736979166666664
0 0.5914713541666666 0.3844401041666667 0.0234375 0.037109375
0 0.328125 0.4453125 0.029296875 0.026041666666666668
0 0.5192057291666666 0.5071614583333334 0.024088541666666668 0.033203125
0 0.7688802083333334 0.07847086588541667 0.022135416666666668 0.0230712890625
0 0.4430338541666667 0.2532552083333333 0.020182291666666668 0.024739583333333332
0 0.9638545704134366 0.11418968023255814 0.02321543927648584 0.022206072351421174
