0 0.958984375 0.15869140625 0.06901041666666667 0.06640625
0 0.06705729166666667 0.748046875 0.038736979166666664 0.037760416666666664
0 0.5335286458333334 0.8567708333333334 0.054036458333333336 0.05859375
0 0.4609375 0.6373697916666666 0.041015625 0.037109375
0 0.2869466145833333 0.336669921875 0.033203125 0.03173828125
0 0.6116536458333334 0.7252604166666666 0.03125 0.0390625
0 0.32666015625 0.412109375 0.0380859375 0.03125
0 0.9134114583333334 0.630859375 0.033854166666666664 0.024739583333333332
0 0.4934895833333333 0.5944010416666666 0.030598958333333332 0.025390625
0 0.5266927083333334 0.7890625 0.0390625 0.046875
0 0.26806640625 0.2941080729166667 0.044270833333333336 0.047200520833333336
0 0.06551106770833333 0.490234375 0.02978515625 0.026692708333333332
0 0.26806640625 0.4957682291666667 0.03125 0.026692708333333332
0 0.045247395833333336 0.08268229166666667 0.026285807291666668 0.02978515625
0 0.3260904947916667 0.3221028645833333 0.03662109375 0.040690104166666664
0 0.4951171875 0.9108072916666666 0.05859375 0.041666666666666664
0 0.59765625 0.8014322916666666 0.043619791666666664 0.032552083333333336
0 0.7506510416666666 0.4641927083333333 0.033854166666666664 0.020833333333333332
0 0.8704427083333334 0.041666666666666664 0.029947916666666668 0.032552083333333336
0 0.2685546875 0.5250651041666666 0.027994791666666668 0.022786458333333332
0 0.982421875 0.08601888020833333 0.033854166666666664 0.034993489583333336
0 0.1982421875 0.3321126302083333 0.0341796875 0.024576822916666668
0 0.12776692708333334 0.08628336588541667 0.02587890625 0.0255126953125
0 0.1767578125 0.7063802083333334 0.028971354166666668 0.026041666666666668
0 0.9583333333333334 0.302734375 0.040364583333333336 0.040690104166666664
0 0.12679036458333334 0.7044270833333334 0.034993489583333336 0.026041666666666668
0 0.3362630208333333 0.3436686197916667 0.036458333333333336 0.032063802083333336
0 0.3391927083333333 0.4615885416666667 0.029296875 0.037760416666666664
0 0.326171875 0.2926432291666667 0.022135416666666668 0.032552083333333336
0 0.826171875 0.29541015625 0.024739583333333332 0.0302734375
0 0.15234375 0.028966267903645832 0.021809895833333332 0.021901448567708332
0 0.3238118489583333 0.24983723958333334 0.021647135416666668 0.034830729166666664
0 0.17854817708333334 0.19384765625 0.0224609375 0.020833333333333332
0 0.185546875 0.11417643229166667 0.026692708333333332 0.025553385416666668
0 0.8912760416666666 0.68359375 0.020833333333333332 0.022135416666666668
0 0.864936611757106 0.41245760658914726 0.017159237726098137 0.017159237726098137
0 0.9411438145994833 0.3786438145994832 0.026243540051679542 0.022206072351421174
0 0.12355660529715758 0.32211926679586567 0.024224806201550358 0.02220607235142121
0 0.7397751130490956 0.607265423126615 0.015140503875969102 0.015140503875969028
