0 0.4296875 0.16162109375 0.049479166666666664 0.045572916666666664
0 0.7239583333333334 0.3082682291666667 0.0390625 0.046223958333333336
0 0.4899088541666667 0.093017578125 0.044270833333333336 0.044596354166666664
0 0.74609375 0.4915364583333333 0.0390625 0.037760416666666664
0 0.5563151041666666 0.5651041666666666 0.037760416666666664 0.026692708333333332
0 0.6162109375 0.3544921875 0.045572916666666664 0.033203125
0 0.23160807291666666 0.6632486979166666 0.032877604166666664 0.0302734375
0 0.90625 0.8515625 0.044270833333333336 0.03515625
0 0.9713541666666666 0.783203125 0.048177083333333336 0.045572916666666664
0 0.4518229166666667 0.12451171875 0.040364583333333336 0.03125
0 0.818359375 0.818359375 0.033854166666666664 0.036458333333333336
0 0.39453125 0.15486653645833334 0.028645833333333332 0.04150390625
0 0.9596354166666666 0.8580729166666666 0.048177083333333336 0.045572916666666664
0 0.4736328125 0.047200520833333336 0.052083333333333336 0.060465494791666664
0 0.5751953125 0.5348307291666666 0.032552083333333336 0.027994791666666668
0 0.21663411458333334 0.796875 0.032552083333333336 0.0390625
0 0.875 0.6692708333333334 0.032552083333333336 0.022135416666666668
0 0.3704427083333333 0.5009765625 0.03125 0.026692708333333332
0 0.681640625 0.12825520833333334 0.037760416666666664 0.041666666666666664
0 0.7220052083333334 0.13663736979166666 0.024739583333333332 0.035807291666666664
0 0.724609375 0.509765625 0.032552083333333336 0.033203125
0 0.447265625 0.6432291666666666 0.021484375 0.032552083333333336
0 0.9635416666666666 0.7096354166666666 0.03125 0.026041666666666668
0 0.4501953125 0.06463623046875 0.046223958333333336 0.053670247395833336
0 0.7923177083333334 0.8209635416666666 0.02734375 0.037760416666666664
0 0.4537760416666667 0.08603922526041667 0.039713541666666664 0.0362548828125
0 0.24690755208333334 0.7194010416666666 0.0234375 0.0234375
0 0.696483365633075 0.13668531472060721 0.03151243540051688 0.0348975997254522
0 0.4485677083333333 0.5667317708333334 0.025390625 0.026041666666666668
0 0.9251302083333334 0.80859375 0.02734375 0.044270833333333336
0 0.4733072916666667 0.4345703125 0.020182291666666668 0.022135416666666668
0 0.9925130208333334 0.71875 0.014973958333333334 0.041666666666666664
0 0.5436197916666666 0.4781901041666667 0.017578125 0.028645833333333332
