0 0.15348307291666666 0.24755859375 0.03515625 0.039713541666666664
0 0.8678385416666666 0.0189208984375 0.044270833333333336 0.037841796875
0 0.3863932291666667 0.2626953125 0.037109375 0.030924479166666668
0 0.5569661458333334 0.2584635416666667 0.040364583333333336 0.028645833333333332
0 0.3984375 0.12947591145833334 0.036458333333333336 0.031087239583333332
0 0.9635416666666666 0.1728515625 0.053385416666666664 0.047200520833333336
0 0.10520426432291667 0.24397786458333334 0.0467529296875 0.0302734375
0 0.9166666666666666 0.0418701171875 0.044270833333333336 0.038167317708333336
0 0.109375 0.3177083333333333 0.032552083333333336 0.033203125
0 0.875 0.08754475911458333 0.037760416666666664 0.029012044270833332
0 0.4934895833333333 0.15669759114583334 0.028645833333333332 0.024495442708333332
0 0.9348958333333334 0.09814453125 0.037760416666666664 0.04345703125
0 0.892578125 0.311279296875 0.0546875 0.054524739583333336
0 0.16239420572916666 0.010080973307291666 0.052164713541666664 0.020161946614583332
0 0.11653645833333333 0.3518880208333333 0.03515625 0.031901041666666664
