0 0.14119466145833334 0.5758463541666666 0.038899739583333336 0.045572916666666664
0 0.3561197916666667 0.26220703125 0.036458333333333336 0.0458984375
0 0.24479166666666666 0.20345052083333334 0.0361328125 0.038411458333333336
0 0.09381103515625 0.037506103515625 0.0360107421875 0.050313313802083336
0 0.9095052083333334 0.4326171875 0.049479166666666664 0.046223958333333336
0 0.18440755208333334 0.21842447916666666 0.05078125 0.034830729166666664
0 0.201171875 0.6643880208333334 0.028971354166666668 0.033203125
0 0.16194661458333334 0.04443359375 0.0361328125 0.04248046875
0 0.3153483072916667 0.21256510416666666 0.043782552083333336 0.0390625
0 0.6614583333333334 0.8235677083333334 0.045572916666666664 0.0390625
0 0.038167317708333336 0.24886067708333334 0.045979817708333336 0.0390625
0 0.3353678385416667 0.18583170572916666 0.036295572916666664 0.045328776041666664
0 0.6318359375 0.8391927083333334 0.026692708333333332 0.0390625
0 0.4241536458333333 0.2508138020833333 0.032552083333333336 0.031901041666666664
0 0.2314453125 0.4742838541666667 0.044270833333333336 0.033203125
0 0.10636393229166667 0.7278645833333334 0.042805989583333336 0.03125
0 0.7532552083333334 0.15266927083333334 0.05078125 0.051106770833333336
0 0.2923177083333333 0.2607421875 0.041015625 0.03515625
0 0.21484375 0.13753255208333334 0.028971354166666668 0.031087239583333332
0 0.2620442708333333 0.5120442708333334 0.027669270833333332 0.033854166666666664
0 0.3616536458333333 0.7174479166666666 0.037109375 0.03125
0 0.771484375 0.2421875 0.037760416666666664 0.042317708333333336
0 0.23111979166666666 0.8053385416666666 0.029947916666666668 0.032552083333333336
0 0.16670735677083334 0.013580322265625 0.037027994791666664 0.02716064453125
0 0.2547200520833333 0.2649739583333333 0.030598958333333332 0.037760416666666664
0 0.7180989583333334 0.3229166666666667 0.037760416666666664 0.021484375
0 0.2789713541666667 0.16056315104166666 0.0283203125 0.030436197916666668
0 0.916015625 0.015340169270833334 0.06380208333333333 0.0272216796875
0 0.212890625 0.4078776041666667 0.032552083333333336 0.039713541666666664
0 0.8072916666666666 0.4547526041666667 0.036458333333333336 0.036458333333333336
0 0.853515625 0.296875 0.044270833333333336 0.0380859375
0 0.4739583333333333 0.4694010416666667 0.03515625 0.029947916666666668
0 0.9075520833333334 0.6598307291666666 0.044270833333333336 0.031901041666666664
0 0.08278401692708333 0.5266927083333334 0.032674153645833336 0.020833333333333332
0 0.0638427734375 0.07206217447916667 0.029459635416666668 0.033772786458333336
0 0.09220377604166667 0.6502278645833334 0.027994791666666668 0.036783854166666664
0 0.3668619791666667 0.3243815104166667 0.027994791666666668 0.032877604166666664
0 0.2532552083333333 0.3025716145833333 0.029947916666666668 0.033203125
0 0.7571614583333334 0.3743489583333333 0.02734375 0.028645833333333332
0 0.2535807291666667 0.14851888020833334 0.0224609375 0.02587890625
0 0.0452880859375 0.0106201171875 0.06103515625 0.021240234375
0 0.9694010416666666 0.3011067708333333 0.032552083333333336 0.026041666666666668
0 0.642578125 0.322509765625 0.029296875 0.02685546875
0 0.943359375 0.4254557291666667 0.041666666666666664 0.06380208333333333
0 0.3694661458333333 0.4886067708333333 0.026692708333333332 0.0234375
0 0.5205078125 0.505859375 0.039713541666666664 0.032552083333333336
0 0.685546875 0.14591471354166666 0.032552083333333336 0.03076171875
0 0.8177083333333334 0.044911702473958336 0.041666666666666664 0.051778157552083336
0 0.7897135416666666 0.3997395833333333 0.02734375 0.039713541666666664
0 0.15665690104166666 0.08197021484375 0.031412760416666664 0.032999674479166664
0 0.8268229166666666 0.4208984375 0.024739583333333332 0.032552083333333336
0 0.5712108365633075 0.5704235303617571 0.02927164082687339 0.026243540051679542
0 0.2795037952196382 0.6516775678294574 0.027252906976744207 0.02321543927648584
0 0.31886910529715756 0.5204598675710593 0.02927164082687339 0.02119670542635658
