0 0.4456380208333333 0.06339518229166667 0.039713541666666664 0.035400390625
0 0.5032552083333334 0.048055013020833336 0.04296875 0.048014322916666664
0 0.6809895833333334 0.13606770833333334 0.036458333333333336 0.05908203125
0 0.3453776041666667 0.105712890625 0.041666666666666664 0.031412760416666664
0 0.2698567708333333 0.5162760416666666 0.040364583333333336 0.0390625
0 0.6953125 0.24886067708333334 0.03515625 0.052734375
0 0.9833984375 0.5625 0.033203125 0.030598958333333332
0 0.2529296875 0.4866536458333333 0.039713541666666664 0.029947916666666668
0 0.6796875 0.1884765625 0.046875 0.0380859375
0 0.7122395833333334 0.118896484375 0.04296875 0.044108072916666664
0 0.6468098958333334 0.043050130208333336 0.038411458333333336 0.043375651041666664
0 0.11897786458333333 0.427734375 0.03515625 0.029296875
0 0.7389322916666666 0.12605794270833334 0.0390625 0.034993489583333336
0 0.9860026041666666 0.6318359375 0.027994791666666668 0.021484375
0 0.69140625 0.20882161458333334 0.045572916666666664 0.033528645833333336
0 0.3798828125 0.3971354166666667 0.030598958333333332 0.03125
0 0.022547403971354168 0.11539713541666667 0.039377848307291664 0.048828125
0 0.10367838541666667 0.55078125 0.032552083333333336 0.033203125
0 0.6868489583333334 0.039927164713541664 0.024739583333333332 0.027079264322916668
0 0.4820963541666667 0.0223541259765625 0.046223958333333336 0.027638753255208332
0 0.6842447916666666 0.2890625 0.0234375 0.025390625
0 0.012273152669270834 0.2509765625 0.024281819661458332 0.023111979166666668
0 0.6077473958333334 0.08829752604166667 0.027994791666666668 0.03076171875
0 0.0269927978515625 0.21435546875 0.022593180338541668 0.025716145833333332
0 0.4466145833333333 0.03546142578125 0.034505208333333336 0.039591471354166664
0 0.8359375 0.65234375 0.0390625 0.020833333333333332
0 0.12153787144702839 0.27316497093023256 0.02018733850129199 0.023215439276485766
0 0.1588844476744186 0.3079881298449612 0.018168604651162806 0.022206072351421174
0 0.4288901001291989 0.16415334302325582 0.02927164082687339 0.0232154392764858
0 0.5944262758397932 0.3201005329457364 0.017159237726098137 0.02018733850129199
