0 0.4860026041666667 0.043121337890625 0.060546875 0.058614095052083336
0 0.7408854166666666 0.7994791666666666 0.053385416666666664 0.048177083333333336
0 0.6920572916666666 0.24853515625 0.03515625 0.034505208333333336
0 0.6901041666666666 0.3014322916666667 0.05078125 0.048828125
0 0.23160807291666666 0.7734375 0.041341145833333336 0.03125
0 0.2561848958333333 0.5374348958333334 0.047526041666666664 0.057291666666666664
0 0.703125 0.4951171875 0.045572916666666664 0.034505208333333336
0 0.431640625 0.13859049479166666 0.055338541666666664 0.054850260416666664
0 0.7701822916666666 0.9127604166666666 0.053385416666666664 0.057291666666666664
0 0.2532552083333333 0.9342447916666666 0.044921875 0.05078125
0 0.18766276041666666 0.7721354166666666 0.048502604166666664 0.049479166666666664
0 0.6868489583333334 0.8483072916666666 0.03515625 0.028645833333333332
0 0.2900390625 0.8834635416666666 0.043294270833333336 0.037760416666666664
0 0.646484375 0.054606119791666664 0.052083333333333336 0.056722005208333336
0 0.587890625 0.5859375 0.033854166666666664 0.030598958333333332
0 0.87890625 0.9768880208333334 0.036458333333333336 0.046223958333333336
0 0.6171875 0.18294270833333334 0.046223958333333336 0.029947916666666668
0 0.5621744791666666 0.13525390625 0.033203125 0.036783854166666664
0 0.2810872395833333 0.6888020833333334 0.0302734375 0.0390625
0 0.6617838541666666 0.4892578125 0.043619791666666664 0.0390625
0 0.6848958333333334 0.15738932291666666 0.0234375 0.047200520833333336
0 0.4205729166666667 0.7734375 0.035807291666666664 0.033854166666666664
0 0.6927083333333334 0.08544921875 0.032552083333333336 0.044596354166666664
0 0.159912109375 0.9596354166666666 0.041178385416666664 0.037760416666666664
0 0.24674479166666666 0.68701171875 0.039713541666666664 0.049153645833333336
0 0.8606770833333334 0.9440104166666666 0.024739583333333332 0.029947916666666668
0 0.2630208333333333 0.3863932291666667 0.032552083333333336 0.039713541666666664
0 0.69287109375 0.008626302083333334 0.054361979166666664 0.017252604166666668
0 0.3736979166666667 0.4752604166666667 0.02734375 0.026041666666666668
0 0.5595703125 0.1746826171875 0.024739583333333332 0.028238932291666668
0 0.013407389322916666 0.4599609375 0.026814778645833332 0.022786458333333332
0 0.3662109375 0.5071614583333334 0.034505208333333336 0.033203125
0 0.3684895833333333 0.10408528645833333 0.025390625 0.033365885416666664
0 0.3805338541666667 0.4026692708333333 0.022786458333333332 0.033854166666666664
0 0.3818359375 0.6341145833333334 0.022135416666666668 0.024739583333333332
0 0.7838541666666666 0.677734375 0.022135416666666668 0.029947916666666668
0 0.2796223958333333 0.2561848958333333 0.021158854166666668 0.027018229166666668
0 0.8092447916666666 0.2664388020833333 0.020833333333333332 0.0302734375
0 0.5654296875 0.5608723958333334 0.021484375 0.026692708333333332
0 0.4581617409560723 0.2161357396640827 0.02321543927648569 0.02018733850129199
0 0.6448946220930232 0.38924216731266154 0.031290374677002575 0.027252906976744134
0 0.3193737887596899 0.4588884851421189 0.028262273901808726 0.02119670542635658
0 0.6247072835917312 0.6865007267441859 0.025234173126615023 0.026243540051679542
