0 0.7109375 0.3583984375 0.041666666666666664 0.038411458333333336
0 0.7486979166666666 0.3544921875 0.02734375 0.034505208333333336
0 0.3466796875 0.4274088541666667 0.053385416666666664 0.041015625
0 0.6389973958333334 0.431640625 0.037109375 0.035807291666666664
0 0.267578125 0.5794270833333334 0.049153645833333336 0.046223958333333336
0 0.2789713541666667 0.6482747395833334 0.04296875 0.043294270833333336
0 0.4739583333333333 0.14090983072916666 0.059244791666666664 0.06551106770833333
0 0.7096354166666666 0.07814534505208333 0.036458333333333336 0.0391845703125
0 0.336181640625 0.5641276041666666 0.048990885416666664 0.037760416666666664
0 0.9069010416666666 0.2724609375 0.040364583333333336 0.028971354166666668
0 0.2874348958333333 0.4879557291666667 0.046875 0.031901041666666664
0 0.6604817708333334 0.07920328776041667 0.051432291666666664 0.040974934895833336
0 0.49609375 0.027140299479166668 0.057942708333333336 0.054280598958333336
0 0.6725260416666666 0.23388671875 0.046875 0.044921875
0 0.6419270833333334 0.5732421875 0.0390625 0.028645833333333332
0 0.4983723958333333 0.057952880859375 0.057291666666666664 0.06231689453125
0 0.6246744791666666 0.0195465087890625 0.041015625 0.029836018880208332
0 0.6888020833333334 0.21061197916666666 0.03125 0.040690104166666664
0 0.6783854166666666 0.3727213541666667 0.03125 0.028645833333333332
0 0.94921875 0.012288411458333334 0.052083333333333336 0.024576822916666668
0 0.9869791666666666 0.4388020833333333 0.020833333333333332 0.022786458333333332
0 0.3629557291666667 0.2591145833333333 0.030598958333333332 0.026041666666666668
0 0.5924479166666666 0.21940104166666666 0.028645833333333332 0.023111979166666668
0 0.3401692708333333 0.17041015625 0.018880208333333332 0.01953125
0 0.321533203125 0.4651692708333333 0.028157552083333332 0.029296875
0 0.4853515625 0.333984375 0.037109375 0.020182291666666668
0 0.5944010416666666 0.2522786458333333 0.026041666666666668 0.028645833333333332
0 0.8316275032299741 0.19140625 0.02927164082687354 0.027252906976744207
0 0.42485263242894056 0.22925750968992245 0.025234173126615023 0.02018733850129199
0 0.7478500484496124 0.5628532784237726 0.027252906976744207 0.02927164082687339
