0 0.9596354166666666 0.18717447916666666 0.045572916666666664 0.043619791666666664
0 0.8463541666666666 0.6041666666666666 0.048177083333333336 0.048177083333333336
0 0.9342447916666666 0.022298177083333332 0.04296875 0.041422526041666664
0 0.9205729166666666 0.2021484375 0.037760416666666664 0.035481770833333336
0 0.748046875 0.673828125 0.03515625 0.041666666666666664
0 0.8079427083333334 0.6549479166666666 0.041666666666666664 0.03125
0 0.7506510416666666 0.12646484375 0.040364583333333336 0.039713541666666664
0 0.783203125 0.6360677083333334 0.046875 0.049479166666666664
0 0.7239583333333334 0.1597900390625 0.02734375 0.035237630208333336
0 0.1632080078125 0.2521158854166667 0.036539713541666664 0.037434895833333336
0 0.6178385416666666 0.055338541666666664 0.046875 0.039632161458333336
0 0.9524739583333334 0.2872721354166667 0.041666666666666664 0.0341796875
0 0.9576822916666666 0.3187662760416667 0.037760416666666664 0.03173828125
0 0.9192708333333334 0.4329427083333333 0.036458333333333336 0.029947916666666668
0 0.396484375 0.369140625 0.024088541666666668 0.024739583333333332
0 0.955078125 0.509765625 0.02734375 0.033854166666666664
0 0.9016927083333334 0.01422119140625 0.0390625 0.0284423828125
0 0.9127604166666666 0.050333658854166664 0.033854166666666664 0.023274739583333332
0 0.2805989583333333 0.18766276041666666 0.030598958333333332 0.0283203125
0 0.06437174479166667 0.220703125 0.0380859375 0.0390625
0 0.2060546875 0.15104166666666666 0.042643229166666664 0.02294921875
0 0.6334635416666666 0.18033854166666666 0.024739583333333332 0.021158854166666668
0 0.75 0.6217447916666666 0.02734375 0.028645833333333332
0 0.3919270833333333 0.09334309895833333 0.0234375 0.021809895833333332
0 0.6077473958333334 0.17427571614583334 0.03125 0.035563151041666664
0 0.9661458333333334 0.80859375 0.0390625 0.033854166666666664
0 0.4389837693798449 0.06473070090439277 0.015140503875969102 0.02018733850129199
0 0.4591711078811369 0.07431968669250645 0.01917797157622747 0.019177971576227387
