0 0.7734375 0.748046875 0.036458333333333336 0.0390625
0 0.6710611979166666 0.7877604166666666 0.0458984375 0.032552083333333336
0 0.6276041666666666 0.4345703125 0.041015625 0.041015625
0 0.5953776041666666 0.783203125 0.038411458333333336 0.03125
0 0.0220947265625 0.9453125 0.044189453125 0.055989583333333336
0 0.6220703125 0.7083333333333334 0.047526041666666664 0.022135416666666668
0 0.021464029947916668 0.833984375 0.042928059895833336 0.044270833333333336
0 0.591796875 0.4375 0.03515625 0.037760416666666664
0 0.6344401041666666 0.4013671875 0.032552083333333336 0.03125
0 0.76953125 0.6100260416666666 0.037760416666666664 0.031901041666666664
0 0.4488932291666667 0.7369791666666666 0.034505208333333336 0.03125
0 0.796875 0.6048177083333334 0.032552083333333336 0.045572916666666664
0 0.5003255208333334 0.7005208333333334 0.03125 0.02734375
0 0.7796451065891472 0.7102208494832042 0.03229974160206724 0.031290374677002575
0 0.5455729166666666 0.3499348958333333 0.027994791666666668 0.027994791666666668
0 0.6876627604166666 0.76953125 0.0439453125 0.046875
0 0.6868489583333334 0.7037760416666666 0.033854166666666664 0.0234375
0 0.5345052083333334 0.6624348958333334 0.032552083333333336 0.024088541666666668
0 0.609375 0.4593098958333333 0.029296875 0.031901041666666664
0 0.41122617894056845 0.7647266634366924 0.024224806201550358 0.025234173126615023
0 0.6968770187338501 0.3947936854005168 0.018168604651162806 0.018168604651162806
0 0.6958676518087854 0.4175044412144702 0.026243540051679688 0.027252906976744134
0 0.7019238533591731 0.10157259366925064 0.03229974160206724 0.02927164082687339
