0 0.2731119791666667 0.2099609375 0.051432291666666664 0.06966145833333333
0 0.117431640625 0.6399739583333334 0.054524739583333336 0.055989583333333336
0 0.2994791666666667 0.047770182291666664 0.0458984375 0.052490234375
0 0.3919270833333333 0.3704427083333333 0.05859375 0.052083333333333336
0 0.1982421875 0.369140625 0.0302734375 0.033854166666666664
0 0.3876953125 0.058308919270833336 0.026692708333333332 0.034749348958333336
0 0.06809488932291667 0.60546875 0.037312825520833336 0.039713541666666664
0 0.2628580729166667 0.5862630208333334 0.041666666666666664 0.044270833333333336
0 0.509765625 0.3470052083333333 0.032552083333333336 0.030598958333333332
0 0.4189453125 0.07484944661458333 0.037760416666666664 0.031941731770833336
0 0.5491536458333334 0.6253255208333334 0.034505208333333336 0.037109375
0 0.755859375 0.4794921875 0.036458333333333336 0.029947916666666668
0 0.4189453125 0.23649088541666666 0.034505208333333336 0.0419921875
0 0.462890625 0.1759033203125 0.029296875 0.042724609375
0 0.26953125 0.03759765625 0.036458333333333336 0.043863932291666664
0 0.4505208333333333 0.7760416666666666 0.057291666666666664 0.044270833333333336
0 0.3671875 0.2991536458333333 0.03125 0.037434895833333336
0 0.2737630208333333 0.5540364583333334 0.0380859375 0.031901041666666664
0 0.85546875 0.7643229166666666 0.032552083333333336 0.024739583333333332
0 0.5406901041666666 0.6604817708333334 0.0390625 0.057942708333333336
0 0.9811197916666666 0.6783854166666666 0.036458333333333336 0.0390625
0 0.6100260416666666 0.5690104166666666 0.04296875 0.040364583333333336
0 0.25244140625 0.3118489583333333 0.034830729166666664 0.028645833333333332
0 0.24886067708333334 0.544921875 0.02734375 0.039713541666666664
0 0.5810546875 0.6305338541666666 0.03515625 0.020182291666666668
0 0.22412109375 0.51953125 0.028645833333333332 0.026041666666666668
0 0.0128173828125 0.19661458333333334 0.025634765625 0.0341796875
0 0.11541826903666023 0.412456344880491 0.03848274487241602 0.02927416424418605
0 0.5445963541666666 0.4970703125 0.039713541666666664 0.0234375
0 0.2884114583333333 0.2708333333333333 0.034505208333333336 0.0302734375
0 0.4384765625 0.3727213541666667 0.026692708333333332 0.026692708333333332
0 0.3727213541666667 0.4446614583333333 0.024088541666666668 0.025390625
0 0.3655598958333333 0.375 0.024739583333333332 0.04296875
0 0.5589192708333334 0.5377604166666666 0.029947916666666668 0.026041666666666668
0 0.67578125 0.4697265625 0.022135416666666668 0.029296875
0 0.044514973958333336 0.6940104166666666 0.022867838541666668 0.03125
0 0.29248046875 0.5927734375 0.026692708333333332 0.037109375
0 0.3649088541666667 0.24348958333333334 0.03515625 0.0380859375
0 0.5973307291666666 0.5690104166666666 0.037109375 0.029947916666666668
0 0.019963582356770832 0.3509114583333333 0.020701090494791668 0.026692708333333332
0 0.6595052083333334 0.3272298177083333 0.03515625 0.02783203125
0 0.576171875 0.45703125 0.024088541666666668 0.021484375
0 0.5006510416666666 0.4375 0.026692708333333332 0.022786458333333332
0 0.3603515625 0.24153645833333334 0.020833333333333332 0.0283203125
0 0.7574390342377262 0.4392058301033592 0.026243540051679542 0.024224806201550358
0 0.7619811854005168 0.5123849321705426 0.027252906976744207 0.02119670542635658
0 0.09630369832041337 0.26155725129198965 0.02018733850129199 0.022206072351421174
