0 0.4059244791666667 0.8111979166666666 0.043619791666666664 0.044270833333333336
0 0.62890625 0.19189453125 0.048177083333333336 0.040364583333333336
0 0.5149739583333334 0.043741861979166664 0.046223958333333336 0.04296875
0 0.775390625 0.08262125651041667 0.032552083333333336 0.0469970703125
0 0.6341145833333334 0.10587565104166667 0.037109375 0.043782552083333336
0 0.6184895833333334 0.15043131510416666 0.034505208333333336 0.033121744791666664
0 0.55859375 0.4830729166666667 0.036458333333333336 0.035807291666666664
0 0.5315755208333334 0.1707763671875 0.03515625 0.030192057291666668
0 0.3336588541666667 0.9283854166666666 0.037760416666666664 0.03515625
0 0.4469401041666667 0.6790364583333334 0.037760416666666664 0.032552083333333336
0 0.2932942708333333 0.9388020833333334 0.032877604166666664 0.04296875
0 0.6861979166666666 0.3076171875 0.029947916666666668 0.034505208333333336
0 0.3426920572916667 0.8548177083333334 0.054850260416666664 0.041666666666666664
0 0.5149739583333334 0.673828125 0.027994791666666668 0.024739583333333332
0 0.3035481770833333 0.7337239583333334 0.050455729166666664 0.0390625
0 0.734375 0.3362630208333333 0.04296875 0.029947916666666668
0 0.9225260416666666 0.7936197916666666 0.041666666666666664 0.032552083333333336
0 0.7884114583333334 0.697265625 0.03515625 0.020833333333333332
0 0.4482421875 0.7063802083333334 0.033854166666666664 0.026041666666666668
0 0.7532552083333334 0.7447916666666666 0.044270833333333336 0.03125
0 0.5901692708333334 0.063232421875 0.028645833333333332 0.027180989583333332
0 0.6402994791666666 0.3348795572916667 0.02734375 0.02099609375
0 0.5823567708333334 0.19775390625 0.033203125 0.026041666666666668
0 0.3756510416666667 0.76953125 0.04296875 0.044270833333333336
0 0.8235677083333334 0.4814453125 0.04296875 0.044921875
0 0.72265625 0.5016276041666666 0.026041666666666668 0.025390625
0 0.009470621744791666 0.955078125 0.01568603515625 0.032552083333333336
0 0.1644359657622739 0.9494408107235142 0.01917797157622732 0.02321543927648584
