0 0.6318359375 0.3932291666666667 0.03515625 0.041015625
0 0.6067708333333334 0.431640625 0.051432291666666664 0.037760416666666664
0 0.040771484375 0.9485677083333334 0.042236328125 0.046875
0 0.6412760416666666 0.6809895833333334 0.044270833333333336 0.049479166666666664
0 0.01788330078125 0.83203125 0.0357666015625 0.033854166666666664
0 0.7350260416666666 0.6031901041666666 0.028645833333333332 0.033854166666666664
0 0.4622395833333333 0.7819010416666666 0.034505208333333336 0.037760416666666664
0 0.6373697916666666 0.7395833333333334 0.035807291666666664 0.029947916666666668
0 0.4632161458333333 0.8138020833333334 0.037760416666666664 0.041666666666666664
0 0.765625 0.5911458333333334 0.03515625 0.026692708333333332
0 0.8170572916666666 0.2727864583333333 0.029947916666666668 0.033203125
0 0.3776041666666667 0.8216145833333334 0.038411458333333336 0.0390625
0 0.791015625 0.5595703125 0.03125 0.029296875
0 0.5472005208333334 0.7447916666666666 0.029947916666666668 0.02734375
0 0.5065104166666666 0.705078125 0.026041666666666668 0.026041666666666668
0 0.11173502604166667 0.9811197916666666 0.0458984375 0.037760416666666664
0 0.7701822916666666 0.66796875 0.040364583333333336 0.0390625
0 0.5950520833333334 0.708984375 0.029296875 0.020833333333333332
0 0.4996744791666667 0.7350260416666666 0.026041666666666668 0.028645833333333332
0 0.6057942708333334 0.3899739583333333 0.026692708333333332 0.030598958333333332
0 0.7610677083333334 0.755859375 0.032552083333333336 0.06380208333333333
