0 0.6328125 0.023447672526041668 0.044921875 0.044576009114583336
0 0.6534830729166666 0.09934488932291667 0.0341796875 0.043497721354166664
0 0.4443359375 0.8190104166666666 0.038411458333333336 0.044270833333333336
0 0.65234375 0.6809895833333334 0.044270833333333336 0.041666666666666664
0 0.6481119791666666 0.6002604166666666 0.041015625 0.037760416666666664
0 0.4934895833333333 0.7252604166666666 0.0390625 0.041666666666666664
0 0.7376302083333334 0.6638997395833334 0.032552083333333336 0.0380859375
0 0.7649739583333334 0.66357421875 0.037760416666666664 0.0400390625
0 0.5810546875 0.6673177083333334 0.041015625 0.040364583333333336
0 0.529296875 0.7278645833333334 0.031901041666666664 0.029947916666666668
0 0.5061848958333334 0.7623697916666666 0.03125 0.037760416666666664
0 0.6357421875 0.3932291666666667 0.041666666666666664 0.042317708333333336
0 0.3850911458333333 0.806640625 0.038411458333333336 0.0390625
0 0.8541666666666666 0.7376302083333334 0.040364583333333336 0.032552083333333336
0 0.7395833333333334 0.615234375 0.037760416666666664 0.033203125
0 0.5084635416666666 0.7923177083333334 0.037760416666666664 0.03515625
0 0.962890625 0.7408854166666666 0.02734375 0.028645833333333332
0 0.7662760416666666 0.5491536458333334 0.029947916666666668 0.030598958333333332
0 0.921875 0.75390625 0.033854166666666664 0.022135416666666668
0 0.8893229166666666 0.7506510416666666 0.029947916666666668 0.033854166666666664
0 0.80859375 0.78125 0.0234375 0.029947916666666668
0 0.7545572916666666 0.6998697916666666 0.032552083333333336 0.045572916666666664
0 0.8159823158914729 0.3246426841085271 0.04239341085271331 0.02927164082687339
