0 0.25146484375 0.09000651041666667 0.0556640625 0.0732421875
0 0.48046875 0.16849772135416666 0.045572916666666664 0.035400390625
0 0.14705403645833334 0.16064453125 0.04150390625 0.0400390625
0 0.626953125 0.2275390625 0.041015625 0.036458333333333336
0 0.10888671875 0.2216796875 0.038736979166666664 0.0390625
0 0.16662723827115636 0.4558931887919897 0.044026692708333336 0.031901041666666664
0 0.95703125 0.5872395833333334 0.05078125 0.044921875
0 0.5901692708333334 0.23063151041666666 0.033203125 0.0400390625
0 0.047231038411458336 0.3551432291666667 0.04290771484375 0.032552083333333336
0 0.8092447916666666 0.5143229166666666 0.032552083333333336 0.038411458333333336
0 0.9518229166666666 0.5139973958333334 0.04296875 0.047526041666666664
0 0.8274739583333334 0.3223470052083333 0.029947916666666668 0.024576822916666668
0 0.4544270833333333 0.2643229166666667 0.033854166666666664 0.04296875
0 0.5426432291666666 0.2610677083333333 0.027994791666666668 0.025716145833333332
0 0.447265625 0.08628336588541667 0.032552083333333336 0.023234049479166668
0 0.5247395833333334 0.021611531575520832 0.033203125 0.037180582682291664
0 0.923828125 0.3190104166666667 0.04296875 0.033203125
0 0.4990234375 0.0301361083984375 0.030598958333333332 0.040150960286458336
0 0.061319986979166664 0.124267578125 0.035725911458333336 0.017578125
0 0.7311197916666666 0.4417317708333333 0.029947916666666668 0.025390625
0 0.5052083333333334 0.12849934895833334 0.022786458333333332 0.036946614583333336
0 0.20084635416666666 0.462890625 0.027669270833333332 0.024739583333333332
0 0.6725260416666666 0.3616536458333333 0.03515625 0.025390625
0 0.2867838541666667 0.22672526041666666 0.021484375 0.042317708333333336
0 0.4306640625 0.14689127604166666 0.054036458333333336 0.024088541666666668
0 0.0262908935546875 0.038716634114583336 0.026519775390625 0.022908528645833332
