0 0.4527994791666667 0.4046223958333333 0.0390625 0.038411458333333336
0 0.2724609375 0.4365234375 0.044921875 0.036458333333333336
0 0.153564453125 0.5992838541666666 0.034993489583333336 0.048828125
0 0.65283203125 0.3916015625 0.036783854166666664 0.048177083333333336
0 0.6282552083333334 0.1883544921875 0.0390625 0.049072265625
0 0.10555013020833333 0.6673177083333334 0.039876302083333336 0.046875
0 0.3483072916666667 0.4807942708333333 0.044921875 0.041666666666666664
0 0.2980143229166667 0.4622395833333333 0.038736979166666664 0.039713541666666664
0 0.4873046875 0.4065755208333333 0.034505208333333336 0.036458333333333336
0 0.982421875 0.5364583333333334 0.032552083333333336 0.037109375
0 0.7395833333333334 0.3197428385416667 0.040364583333333336 0.038248697916666664
0 0.6272786458333334 0.240234375 0.038411458333333336 0.051432291666666664
0 0.7864583333333334 0.316650390625 0.028645833333333332 0.034016927083333336
0 0.2742513020833333 0.4938151041666667 0.048502604166666664 0.037109375
0 0.9322916666666666 0.3343912760416667 0.024739583333333332 0.03173828125
0 0.3860677083333333 0.5501302083333334 0.036458333333333336 0.033854166666666664
0 0.4150390625 0.4580078125 0.048177083333333336 0.044921875
0 0.16943359375 0.6663411458333334 0.025716145833333332 0.031901041666666664
0 0.8873697916666666 0.4918619791666667 0.053385416666666664 0.039713541666666664
0 0.6438802083333334 0.3492838541666667 0.028645833333333332 0.027994791666666668
0 0.018513997395833332 0.6612955729166666 0.037027994791666664 0.0341796875
0 0.775390625 0.2775065104166667 0.036458333333333336 0.0322265625
0 0.7942708333333334 0.2825520833333333 0.032552083333333336 0.0439453125
0 0.21663411458333334 0.68408203125 0.023111979166666668 0.0380859375
0 0.18115234375 0.5836588541666666 0.040690104166666664 0.046875
0 0.2001953125 0.5901692708333334 0.031575520833333336 0.044921875
0 0.5296223958333334 0.5432942708333334 0.046223958333333336 0.039713541666666664
0 0.869140625 0.4850260416666667 0.049479166666666664 0.047526041666666664
