0 0.24462890625 0.4690755208333333 0.037760416666666664 0.033854166666666664
0 0.4495442708333333 0.047739664713541664 0.044921875 0.06272379557291667
0 0.6525065104166666 0.2666015625 0.041341145833333336 0.033203125
0 0.6129557291666666 0.19954427083333334 0.04296875 0.036458333333333336
0 0.4182942708333333 0.2688802083333333 0.037760416666666664 0.034505208333333336
0 0.6315104166666666 0.1480712890625 0.037109375 0.042073567708333336
0 0.27099609375 0.5703125 0.0380859375 0.037760416666666664
0 0.4964192708333333 0.2916666666666667 0.037109375 0.046549479166666664
0 0.904296875 0.3990885416666667 0.037760416666666664 0.028645833333333332
0 0.11311848958333333 0.44140625 0.035481770833333336 0.026692708333333332
0 0.673828125 0.11531575520833333 0.037760416666666664 0.03857421875
0 0.9817708333333334 0.4729817708333333 0.02734375 0.024739583333333332
0 0.6653645833333334 0.144287109375 0.037760416666666664 0.035319010416666664
0 0.7669270833333334 0.3834635416666667 0.028645833333333332 0.024739583333333332
0 0.3055013020833333 0.4189453125 0.037760416666666664 0.026041666666666668
0 0.3896484375 0.06526692708333333 0.0390625 0.04833984375
0 0.837890625 0.6175130208333334 0.03515625 0.041666666666666664
0 0.61328125 0.12174479166666667 0.028645833333333332 0.03173828125
0 0.5244140625 0.07253011067708333 0.026041666666666668 0.0352783203125
0 0.4951171875 0.047678629557291664 0.03125 0.029317220052083332
0 0.3701171875 0.1556396484375 0.022135416666666668 0.024983723958333332
0 0.2991536458333333 0.4612630208333333 0.029622395833333332 0.033854166666666664
0 0.6554361979166666 0.3391927083333333 0.025065104166666668 0.018880208333333332
0 0.6087239583333334 0.16349283854166666 0.022135416666666668 0.030436197916666668
0 0.6201171875 0.32177734375 0.035807291666666664 0.018229166666666668
0 0.7864583333333334 0.5328776041666666 0.032552083333333336 0.048177083333333336
0 0.3818359375 0.051350911458333336 0.033203125 0.041015625
