0 0.66455078125 0.14363606770833334 0.047200520833333336 0.044108072916666664
0 0.9609375 0.12483723958333333 0.040364583333333336 0.028483072916666668
0 0.043141682942708336 0.16715494791666666 0.037577311197916664 0.024088541666666668
0 0.7701822916666666 0.4964192708333333 0.046875 0.046875
0 0.07224527994791667 0.19075520833333334 0.029337565104166668 0.024739583333333332
0 0.9127604166666666 0.12483723958333333 0.028645833333333332 0.036783854166666664
0 0.11336263020833333 0.18863932291666666 0.026204427083333332 0.034505208333333336
0 0.9108072916666666 0.009221394856770834 0.055989583333333336 0.018442789713541668
0 0.576171875 0.189453125 0.03125 0.025390625
0 0.923828125 0.3971354166666667 0.037760416666666664 0.046223958333333336
0 0.9602864583333334 0.18375651041666666 0.03515625 0.033203125
0 0.9576822916666666 0.15425618489583334 0.03515625 0.029052734375
0 0.2552083333333333 0.008641560872395834 0.052408854166666664 0.017283121744791668
0 0.2692057291666667 0.22981770833333334 0.022786458333333332 0.026041666666666668
0 0.6809895833333334 0.19921875 0.026041666666666668 0.026692708333333332
0 0.5130208333333334 0.06290690104166667 0.025390625 0.032145182291666664
0 0.693359375 0.114990234375 0.029947916666666668 0.033365885416666664
0 0.06681315104166667 0.114501953125 0.026041666666666668 0.044270833333333336
0 0.27587890625 0.033350626627604164 0.029947916666666668 0.025095621744791668
0 0.9791666666666666 0.23453776041666666 0.03125 0.023763020833333332
0 0.7670280200258398 0.17121891149870802 0.021196705426356505 0.025234173126614967
