0 0.6888020833333334 0.4368489583333333 0.044270833333333336 0.041666666666666664
0 0.2872721354166667 0.8463541666666666 0.048502604166666664 0.046875
0 0.4182942708333333 0.16373697916666666 0.04296875 0.054361979166666664
0 0.958984375 0.7923177083333334 0.048177083333333336 0.033854166666666664
0 0.64404296875 0.4296875 0.050455729166666664 0.05078125
0 0.2805989583333333 0.7819010416666666 0.039388020833333336 0.040364583333333336
0 0.3531901041666667 0.3636067708333333 0.043619791666666664 0.029296875
0 0.6822916666666666 0.22330729166666666 0.046875 0.04296875
0 0.7421875 0.14925130208333334 0.052083333333333336 0.059895833333333336
0 0.369140625 0.2744140625 0.028645833333333332 0.031575520833333336
0 0.24348958333333334 0.87109375 0.0498046875 0.05078125
0 0.3130696614583333 0.3557942708333333 0.04052734375 0.035807291666666664
0 0.344482421875 0.6490885416666666 0.03759765625 0.031901041666666664
0 0.873046875 0.787109375 0.0390625 0.033854166666666664
0 0.70703125 0.15478515625 0.037760416666666664 0.03125
0 0.26025390625 0.6201171875 0.033528645833333336 0.02734375
0 0.45703125 0.16373697916666666 0.045572916666666664 0.047526041666666664
0 0.7337239583333334 0.060506184895833336 0.03125 0.033203125
0 0.6619466145833334 0.018290201822916668 0.0576171875 0.031941731770833336
0 0.6057942708333334 0.6155598958333334 0.033203125 0.029947916666666668
0 0.6477864583333334 0.22233072916666666 0.0546875 0.056640625
0 0.6468098958333334 0.18636067708333334 0.044921875 0.032877604166666664
0 0.24300130208333334 0.6868489583333334 0.021484375 0.036458333333333336
0 0.7858072916666666 0.3326009114583333 0.033854166666666664 0.028157552083333332
0 0.7311197916666666 0.3456217447916667 0.046875 0.027506510416666668
0 0.6402994791666666 0.15104166666666666 0.033203125 0.037760416666666664
0 0.9309895833333334 0.3561197916666667 0.03125 0.01953125
0 0.916015625 0.8717447916666666 0.046875 0.029947916666666668
0 0.6474609375 0.06358846028645833 0.041015625 0.04974365234375
0 0.6253255208333334 0.09049479166666667 0.041015625 0.04638671875
0 0.7259114583333334 0.11197916666666667 0.02734375 0.024251302083333332
0 0.26789607558139533 0.9171410691214469 0.03229974160206709 0.021196705426356655
0 0.42687136627906974 0.5426659399224806 0.021196705426356655 0.025234173126615023
0 0.6045199450904392 0.31152091408268734 0.031290374677002575 0.0232154392764858
