0 0.6487630208333334 0.3551432291666667 0.043619791666666664 0.031901041666666664
0 0.6298828125 0.6048177083333334 0.044270833333333336 0.040364583333333336
0 0.3834635416666667 0.412109375 0.035807291666666664 0.041666666666666664
0 0.2727864583333333 0.6881510416666666 0.039388020833333336 0.040364583333333336
0 0.6513671875 0.5540364583333334 0.055338541666666664 0.043619791666666664
0 0.69921875 0.7415364583333334 0.04296875 0.029947916666666668
0 0.4762369791666667 0.517578125 0.046875 0.044921875
0 0.3688151041666667 0.6809895833333334 0.040364583333333336 0.04296875
0 0.6712239583333334 0.2628580729166667 0.0390625 0.0380859375
0 0.4700520833333333 0.6168619791666666 0.044270833333333336 0.041015625
0 0.4619140625 0.6510416666666666 0.048828125 0.037760416666666664
0 0.3824869791666667 0.71875 0.041666666666666664 0.04296875
0 0.5498046875 0.59765625 0.040364583333333336 0.052734375
0 0.01568603515625 0.85546875 0.0313720703125 0.05859375
0 0.4451888525516796 0.4121976946059432 0.020898942183462516 0.02777273094315243
0 0.6373697916666666 0.3095703125 0.026692708333333332 0.029947916666666668
0 0.7877604166666666 0.7428385416666666 0.026041666666666668 0.020833333333333332
0 0.2945963541666667 0.8932291666666666 0.037109375 0.036458333333333336
0 0.5305989583333334 0.5589192708333334 0.026041666666666668 0.03125
0 0.4827473958333333 0.5777994791666666 0.022135416666666668 0.029947916666666668
0 0.42687136627906974 0.406906088501292 -0.02927164082687339 -0.03633720930232561
0 0.25 0.7115885416666666 0.023763020833333332 0.03125
0 0.4534505208333333 0.6746419270833334 0.028645833333333332 0.0283203125
0 0.7044270833333334 0.55078125 0.020833333333333332 0.022135416666666668
0 0.4369650355297157 0.4341589954780362 0.031290374677002575 0.03229974160206717
0 0.6746709463824289 0.43920583010335923 0.026243540051679542 0.030281007751937983
