0 0.13395182291666666 0.122802734375 0.038411458333333336 0.036458333333333336
0 0.2513020833333333 0.4703776041666667 0.051106770833333336 0.037760416666666664
0 0.9576822916666666 0.13916015625 0.05859375 0.056315104166666664
0 0.775390625 0.23502604166666666 0.048177083333333336 0.041015625
0 0.8743489583333334 0.015625 0.049479166666666664 0.0283203125
0 0.12190755208333333 0.5358072916666666 0.058919270833333336 0.061197916666666664
0 0.9733072916666666 0.20768229166666666 0.053385416666666664 0.056315104166666664
0 0.7421875 0.22981770833333334 0.026041666666666668 0.034505208333333336
0 0.310546875 0.4524739583333333 0.042317708333333336 0.032552083333333336
0 0.8196614583333334 0.2942708333333333 0.053385416666666664 0.056640625
0 0.3821614583333333 0.6165364583333334 0.036458333333333336 0.044270833333333336
0 0.3916015625 0.017125447591145832 0.048828125 0.031016031901041668
0 0.8059895833333334 0.3759765625 0.03515625 0.03125
0 0.4482421875 0.4599609375 0.038411458333333336 0.027994791666666668
0 0.4908854166666667 0.4557291666666667 0.0390625 0.03125
0 0.37890625 0.13850911458333334 0.029947916666666668 0.041341145833333336
0 0.07948811848958333 0.61328125 0.046101888020833336 0.029296875
0 0.953125 0.3345540364583333 0.0625 0.055501302083333336
0 0.7923177083333334 0.453125 0.029947916666666668 0.050130208333333336
0 0.4938151041666667 0.490234375 0.028645833333333332 0.03515625
0 0.4388020833333333 0.20638020833333334 0.04296875 0.025716145833333332
0 0.11116536458333333 0.3531901041666667 0.031087239583333332 0.035807291666666664
0 0.4117838541666667 0.4580078125 0.043619791666666664 0.033854166666666664
0 0.056437174479166664 0.51171875 0.031331380208333336 0.02734375
0 0.505859375 0.630859375 0.041666666666666664 0.030598958333333332
0 0.2784830729166667 0.2892252604166667 0.026692708333333332 0.0283203125
0 0.1923828125 0.0118408203125 0.039388020833333336 0.023681640625
0 0.9368489583333334 0.2669270833333333 0.041666666666666664 0.028971354166666668
0 0.6652018229166666 0.13484700520833334 0.023763020833333332 0.02392578125
0 0.9147135416666666 0.576171875 0.040364583333333336 0.0234375
0 0.5696614583333334 0.2633463541666667 0.029296875 0.023763020833333332
0 0.4508463541666667 0.64453125 0.033854166666666664 0.027994791666666668
0 0.94921875 0.6201171875 0.048177083333333336 0.03125
0 0.251953125 0.334716796875 0.037434895833333336 0.020670572916666668
0 0.8528645833333334 0.7610677083333334 0.03515625 0.03125
0 0.6710611979166666 0.22932942708333334 0.027669270833333332 0.027018229166666668
0 0.2766239452115633 0.3326091125645995 0.015437005410206725 0.020979691537467704
0 0.873516230620155 0.3751110303617571 0.02826227390180887 0.025234173126615023
