0 0.4195963541666667 0.14485677083333334 0.041015625 0.041666666666666664
0 0.96875 0.7454427083333334 0.045572916666666664 0.041666666666666664
0 0.3880208333333333 0.5524088541666666 0.038411458333333336 0.039713541666666664
0 0.4762369791666667 0.2945963541666667 0.048828125 0.042643229166666664
0 0.4814453125 0.06657918294270833 0.057942708333333336 0.050760904947916664
0 0.6907552083333334 0.321533203125 0.045572916666666664 0.053548177083333336
0 0.6458333333333334 0.5764973958333334 0.0546875 0.033203125
0 0.4876302083333333 0.0233154296875 0.048828125 0.046630859375
0 0.6463216145833334 0.3317057291666667 0.052408854166666664 0.050130208333333336
0 0.6432291666666666 0.12727864583333334 0.044921875 0.058919270833333336
0 0.6861979166666666 0.11767578125 0.05078125 0.041666666666666664
0 0.84765625 0.2503255208333333 0.036458333333333336 0.025716145833333332
0 0.3385416666666667 0.890625 0.048828125 0.05078125
0 0.3795572916666667 0.4837239583333333 0.042317708333333336 0.03515625
0 0.69140625 0.19482421875 0.041666666666666664 0.040364583333333336
0 0.48046875 0.109619140625 0.048177083333333336 0.032063802083333336
0 0.4602864583333333 0.5690104166666666 0.048177083333333336 0.029296875
0 0.4348958333333333 0.3177897135416667 0.037109375 0.031087239583333332
0 0.6608072916666666 0.3567708333333333 0.052083333333333336 0.041015625
0 0.3746744791666667 0.14249674479166666 0.046875 0.0341796875
0 0.9055989583333334 0.12776692708333334 0.037760416666666664 0.031901041666666664
0 0.3684895833333333 0.8756510416666666 0.03125 0.037760416666666664
0 0.3056640625 0.4892578125 0.037760416666666664 0.024088541666666668
0 0.2682291666666667 0.5904947916666666 0.042317708333333336 0.031901041666666664
0 0.7018229166666666 0.22379557291666666 0.03515625 0.028645833333333332
0 0.6920572916666666 0.5735677083333334 0.029947916666666668 0.026041666666666668
0 0.18001302083333334 0.9114583333333334 0.041341145833333336 0.0390625
0 0.014973958333333334 0.6458333333333334 0.029947916666666668 0.025390625
0 0.7154947916666666 0.8053385416666666 0.037760416666666664 0.028645833333333332
0 0.4807942708333333 0.14127604166666666 0.036458333333333336 0.03515625
0 0.5810546875 0.4895833333333333 0.030598958333333332 0.031901041666666664
0 0.8444010416666666 0.7369791666666666 0.022135416666666668 0.028645833333333332
0 0.9088541666666666 0.916015625 0.044270833333333336 0.04296875
0 0.3033854166666667 0.5865885416666666 0.025390625 0.022135416666666668
0 0.5666686854005167 0.1540596737726098 0.022206072351421174 0.02725290697674419
