0 0.283203125 0.4791666666666667 0.045572916666666664 0.037109375
0 0.5322265625 0.7649739583333334 0.031901041666666664 0.04296875
0 0.701171875 0.12019856770833333 0.05078125 0.039876302083333336
0 0.2659505208333333 0.17887369791666666 0.053385416666666664 0.042317708333333336
0 0.2783203125 0.2716471354166667 0.051432291666666664 0.034505208333333336
0 0.3821614583333333 0.4117838541666667 0.034505208333333336 0.0390625
0 0.2825520833333333 0.14961751302083334 0.0390625 0.045817057291666664
0 0.5647786458333334 0.54296875 0.037760416666666664 0.039713541666666664
0 0.11531575520833333 0.4580078125 0.04052734375 0.044270833333333336
0 0.8365885416666666 0.857421875 0.045572916666666664 0.055989583333333336
0 0.4544270833333333 0.6927083333333334 0.038411458333333336 0.037760416666666664
0 0.5 0.43359375 0.046223958333333336 0.032552083333333336
0 0.2560221354166667 0.5198567708333334 0.033203125 0.031901041666666664
0 0.5393880208333334 0.5319010416666666 0.041015625 0.039713541666666664
0 0.7734375 0.3438313802083333 0.033854166666666664 0.033040364583333336
0 0.8111979166666666 0.830078125 0.044270833333333336 0.049479166666666664
0 0.9583333333333334 0.08245849609375 0.0546875 0.052530924479166664
0 0.22981770833333334 0.15861002604166666 0.042317708333333336 0.05419921875
0 0.5657552083333334 0.7740885416666666 0.032552083333333336 0.03125
0 0.3636067708333333 0.4378255208333333 0.031901041666666664 0.029296875
0 0.64453125 0.11214192708333333 0.033854166666666664 0.02392578125
0 0.21044921875 0.19401041666666666 0.047526041666666664 0.0546875
0 0.19856770833333334 0.3841145833333333 0.038411458333333336 0.025390625
0 0.421875 0.5068359375 0.037760416666666664 0.033203125
0 0.014104207356770834 0.6051432291666666 0.024037679036458332 0.039713541666666664
0 0.6350911458333334 0.63671875 0.028645833333333332 0.03125
0 0.9798177083333334 0.0258331298828125 0.03125 0.037689208984375
0 0.10498046875 0.7096354166666666 0.0283203125 0.03515625
0 0.17061360677083334 0.4339192708333333 0.031819661458333336 0.0234375
0 0.48828125 0.3723958333333333 0.024088541666666668 0.026041666666666668
0 0.916015625 0.6142578125 0.024739583333333332 0.029947916666666668
0 0.9856770833333334 0.07621256510416667 0.024739583333333332 0.032145182291666664
0 0.126220703125 0.6687825520833334 0.03271484375 0.030924479166666668
0 0.130126953125 0.4296875 0.033854166666666664 0.035807291666666664
0 0.4114583333333333 0.4417317708333333 0.031901041666666664 0.030598958333333332
0 0.22981770833333334 0.20670572916666666 0.043294270833333336 0.029622395833333332
0 0.5651041666666666 0.4778645833333333 0.020182291666666668 0.0234375
0 0.01007080078125 0.21419270833333334 0.0201416015625 0.024739583333333332
0 0.5325520833333334 0.720703125 0.029296875 0.040364583333333336
0 0.6920572916666666 0.47265625 0.026041666666666668 0.022135416666666668
0 0.6389973958333334 0.4768880208333333 0.026041666666666668 0.022135416666666668
0 0.8053839631782945 0.216640423126615 0.025234173126614873 0.02119670542635658
