0 0.751953125 0.4127604166666667 0.0390625 0.041015625
0 0.4606119791666667 0.3531901041666667 0.052734375 0.05078125
0 0.4879557291666667 0.052164713541666664 0.06575520833333333 0.060709635416666664
0 0.67333984375 0.061848958333333336 0.037434895833333336 0.033121744791666664
0 0.6866861979166666 0.4104817708333333 0.047200520833333336 0.043619791666666664
0 0.24381510416666666 0.390625 0.04296875 0.043619791666666664
0 0.2731119791666667 0.23746744791666666 0.045572916666666664 0.033528645833333336
0 0.64599609375 0.478515625 0.053059895833333336 0.053385416666666664
0 0.2682291666666667 0.412109375 0.0419921875 0.041015625
0 0.6875 0.568359375 0.041666666666666664 0.04296875
0 0.2854817708333333 0.58203125 0.041666666666666664 0.043619791666666664
0 0.5377604166666666 0.6546223958333334 0.027994791666666668 0.031901041666666664
0 0.2490234375 0.5553385416666666 0.028971354166666668 0.034505208333333336
0 0.22981770833333334 0.4378255208333333 0.040364583333333336 0.036458333333333336
0 0.4114583333333333 0.2986653645833333 0.037760416666666664 0.0263671875
0 0.22705078125 0.6389973958333334 0.027018229166666668 0.022135416666666668
0 0.744140625 0.3019205729166667 0.048177083333333336 0.041666666666666664
0 0.6583658854166666 0.15519205729166666 0.030924479166666668 0.02783203125
0 0.3107096354166667 0.24837239583333334 0.038736979166666664 0.0361328125
0 0.5771484375 0.5621744791666666 0.041015625 0.024739583333333332
0 0.4147135416666667 0.12223307291666667 0.036458333333333336 0.0283203125
0 0.474609375 0.4602864583333333 0.030598958333333332 0.027994791666666668
0 0.7213541666666666 0.5719401041666666 0.033854166666666664 0.037109375
0 0.390625 0.18977864583333334 0.044270833333333336 0.0244140625
0 0.4833984375 0.011332194010416666 0.05078125 0.022664388020833332
0 0.595703125 0.2373046875 0.029947916666666668 0.029947916666666668
0 0.7578125 0.058268229166666664 0.01953125 0.0244140625
0 0.24723307291666666 0.48828125 0.022135416666666668 0.026692708333333332
0 0.6311848958333334 0.4996744791666667 0.033203125 0.031901041666666664
0 0.3717948717948718 0.20592322716346154 0.038661858974358886 0.02485226362179486
0 0.7559249838501292 0.8984677810077519 0.03734657622739027 0.03633720930232561
0 0.3844779554263566 0.6415838985788113 0.02321543927648569 0.02119670542635658
