0 0.06976318359375 0.4166666666666667 0.041788736979166664 0.0390625
0 0.6907552083333334 0.3373209635416667 0.048177083333333336 0.044108072916666664
0 0.2711588541666667 0.035624186197916664 0.050130208333333336 0.057088216145833336
0 0.2682291666666667 0.18619791666666666 0.0556640625 0.0517578125
0 0.583984375 0.36328125 0.045572916666666664 0.034505208333333336
0 0.27490234375 0.2353515625 0.052734375 0.055989583333333336
0 0.69140625 0.25927734375 0.03515625 0.035807291666666664
0 0.6881510416666666 0.4716796875 0.04296875 0.0234375
0 0.2236328125 0.030568440755208332 0.0302734375 0.02984619140625
0 0.6875 0.2945963541666667 0.026041666666666668 0.0244140625
0 0.6005859375 0.3333333333333333 0.030598958333333332 0.026041666666666668
0 0.4554036458333333 0.2994791666666667 0.033854166666666664 0.0263671875
0 0.4150390625 0.2688802083333333 0.029296875 0.026692708333333332
0 0.4912109375 0.3798828125 0.024739583333333332 0.026692708333333332
0 0.9010416666666666 0.3024088541666667 0.026041666666666668 0.021484375
0 0.2197265625 0.24886067708333334 0.022786458333333332 0.027994791666666668
