0 0.24104817708333334 0.22639973958333334 0.04296875 0.03515625
0 0.2937825520833333 0.24267578125 0.0478515625 0.039713541666666664
0 0.19921875 0.2216796875 0.035481770833333336 0.024739583333333332
0 0.7447916666666666 0.15616861979166666 0.041666666666666664 0.048014322916666664
0 0.71875 0.14860026041666666 0.037760416666666664 0.037109375
0 0.6438802083333334 0.0406494140625 0.04296875 0.038899739583333336
0 0.8736979166666666 0.3870442708333333 0.033854166666666664 0.032552083333333336
0 0.064666748046875 0.3994140625 0.04937744140625 0.027994791666666668
0 0.4322916666666667 0.118408203125 0.029296875 0.0244140625
0 0.8671875 0.2937825520833333 0.02734375 0.027018229166666668
0 0.7864583333333334 0.353515625 0.026041666666666668 0.029947916666666668
0 0.25048828125 0.3040364583333333 0.0302734375 0.022786458333333332
0 0.21516927083333334 0.039998372395833336 0.0283203125 0.030843098958333332
0 0.6432291666666666 0.24560546875 0.021484375 0.02734375
0 0.2897135416666667 0.08382161458333333 0.026692708333333332 0.048665364583333336
0 0.3515625 0.5432942708333334 0.038411458333333336 0.04296875
0 0.640625 0.015574137369791666 0.036458333333333336 0.031148274739583332
0 0.20930989583333334 0.00634765625 0.031901041666666664 0.0126953125
0 0.2659505208333333 0.20182291666666666 0.0283203125 0.0361328125
