0 0.5553385416666666 0.018758138020833332 0.042317708333333336 0.037516276041666664
0 0.3260091145833333 0.4016927083333333 0.047200520833333336 0.038411458333333336
0 0.6940104166666666 0.042236328125 0.033854166666666664 0.03564453125
0 0.634765625 0.521484375 0.034505208333333336 0.0390625
0 0.734375 0.15934244791666666 0.045572916666666664 0.043619791666666664
0 0.7044270833333334 0.23030598958333334 0.03125 0.0439453125
0 0.3336588541666667 0.13802083333333334 0.044270833333333336 0.039225260416666664
0 0.4251302083333333 0.06614176432291667 0.027994791666666668 0.037312825520833336
0 0.439453125 0.16092936197916666 0.045572916666666664 0.039143880208333336
0 0.2762044270833333 0.3932291666666667 0.030924479166666668 0.0390625
0 0.7513020833333334 0.3990885416666667 0.036458333333333336 0.034505208333333336
0 0.6692708333333334 0.5442708333333334 0.032552083333333336 0.046223958333333336
0 0.8971354166666666 0.6139322916666666 0.041666666666666664 0.027994791666666668
0 0.6853841145833334 0.10223388671875 0.048502604166666664 0.043904622395833336
0 0.5380859375 0.21516927083333334 0.028645833333333332 0.0234375
0 0.4309895833333333 0.024648030598958332 0.053385416666666664 0.046244303385416664
0 0.3111979166666667 0.5358072916666666 0.035807291666666664 0.03515625
0 0.6783854166666666 0.3522135416666667 0.036458333333333336 0.029296875
0 0.5602213541666666 0.5240885416666666 0.029296875 0.030598958333333332
0 0.6907552083333334 0.15372721354166666 0.040364583333333336 0.03564453125
0 0.58984375 0.5361328125 0.044270833333333336 0.030598958333333332
0 0.5667317708333334 0.6360677083333334 0.033854166666666664 0.040364583333333336
0 0.96484375 0.5546875 0.029947916666666668 0.025390625
0 0.5628255208333334 0.61328125 0.040364583333333336 0.037109375
0 0.6749674479166666 0.4527994791666667 0.028971354166666668 0.022135416666666668
0 0.4345703125 0.18880208333333334 0.03125 0.031901041666666664
0 0.24755859375 0.2687174479166667 0.025716145833333332 0.03125
0 0.5771484375 0.5530598958333334 0.027994791666666668 0.038411458333333336
