0 0.6266276041666666 0.4967447916666667 0.045572916666666664 0.053385416666666664
0 0.2744140625 0.416015625 0.047200520833333336 0.04296875
0 0.08223470052083333 0.5797526041666666 0.043863932291666664 0.041666666666666664
0 0.09690348307291667 0.6985677083333334 0.048055013020833336 0.036458333333333336
0 0.27587890625 0.7317708333333334 0.042317708333333336 0.033854166666666664
0 0.08333333333333333 0.44140625 0.041341145833333336 0.027994791666666668
0 0.11661783854166667 0.736328125 0.049479166666666664 0.037760416666666664
0 0.51953125 0.5029296875 0.033203125 0.024739583333333332
0 0.0165557861328125 0.884765625 0.032236735026041664 0.037760416666666664
0 0.4807942708333333 0.5218098958333334 0.036458333333333336 0.040364583333333336
0 0.27294921875 0.11954752604166667 0.037109375 0.031087239583333332
0 0.11189778645833333 0.3958333333333333 0.043619791666666664 0.026041666666666668
0 0.2509765625 0.0439453125 0.03125 0.031494140625
0 0.3570963541666667 0.7877604166666666 0.033854166666666664 0.02734375
0 0.3597005208333333 0.2667643229166667 0.02734375 0.034830729166666664
0 0.15303548177083334 0.7109375 0.041259765625 0.05078125
0 0.408203125 0.6565755208333334 0.043619791666666664 0.050130208333333336
0 0.4358723958333333 0.5475260416666666 0.025390625 0.039713541666666664
0 0.2711588541666667 0.21321614583333334 0.036783854166666664 0.020182291666666668
0 0.6764322916666666 0.3785807291666667 0.03515625 0.024088541666666668
0 0.857421875 0.6126302083333334 0.03125 0.029296875
0 0.26832631823320413 0.08072664324935402 0.027994791666666668 0.04085286458333338
0 0.16145833333333334 0.5631510416666666 0.029947916666666668 0.033854166666666664
0 0.6875 0.8170572916666666 0.040364583333333336 0.028645833333333332
0 0.6966145833333334 0.3017578125 0.02734375 0.025065104166666668
0 0.0579833984375 0.6770833333333334 0.030029296875 0.0234375
0 0.2487181040051679 0.445766715116279 0.024224806201550358 0.025234173126615023
0 0.4173177083333333 0.3577473958333333 0.0234375 0.024088541666666668
0 0.050547281901041664 0.7350260416666666 0.024393717447916668 0.020833333333333332
0 0.478515625 0.7662760416666666 0.034505208333333336 0.0234375
0 0.7120175226098192 0.491188226744186 0.02826227390180887 0.019177971576227398
