0 0.7786458333333334 0.21695963541666666 0.044270833333333336 0.0576171875
0 0.8138020833333334 0.20638020833333334 0.053385416666666664 0.060546875
0 0.14290364583333334 0.060384114583333336 0.029134114583333332 0.039794921875
0 0.12955729166666666 0.09562174479166667 0.0400390625 0.029622395833333332
0 0.9108072916666666 0.3331705729166667 0.037760416666666664 0.039388020833333336
0 0.3460286458333333 0.5755208333333334 0.029947916666666668 0.0234375
0 0.7278645833333334 0.671875 0.033854166666666664 0.024739583333333332
0 0.7623697916666666 0.69287109375 0.041666666666666664 0.060872395833333336
0 0.6536458333333334 0.4791666666666667 0.028645833333333332 0.024739583333333332
0 0.8313802083333334 0.16414388020833334 0.055989583333333336 0.056477864583333336
0 0.20784505208333334 0.046783447265625 0.037760416666666664 0.02117919921875
0 0.3369954427083333 0.26123046875 0.038248697916666664 0.036458333333333336
0 0.951171875 0.6038411458333334 0.0390625 0.029296875
0 0.12613932291666666 0.5393880208333334 0.046712239583333336 0.0234375
0 0.6123046875 0.4560546875 0.038411458333333336 0.034505208333333336
0 0.630859375 0.4313151041666667 0.033203125 0.0390625
0 0.3580729166666667 0.4475911458333333 0.026692708333333332 0.01953125
0 0.16646321614583334 0.4205729166666667 0.023518880208333332 0.026041666666666668
0 0.3173058482719638 0.269779175750969 0.03239815487726094 0.03402449733527132
0 0.06299458979328165 0.3680454618863049 0.026243540051679615 0.023215439276485766
0 0.40567466085271314 0.4175044412144702 0.027252906976744207 0.019177971576227398
0 0.1836139373385013 0.1823219476744186 0.02321543927648584 0.023215439276485766
