0 0.716796875 0.2255859375 0.044270833333333336 0.050130208333333336
0 0.68115234375 0.6051432291666666 0.0439453125 0.036458333333333336
0 0.022542317708333332 0.8860677083333334 0.045084635416666664 0.045572916666666664
0 0.7545572916666666 0.21956380208333334 0.03515625 0.047200520833333336
0 0.8463541666666666 0.79296875 0.04296875 0.032552083333333336
0 0.5517578125 0.9069010416666666 0.038411458333333336 0.0390625
0 0.4957682291666667 0.9016927083333334 0.040364583333333336 0.046875
0 0.5625 0.5882161458333334 0.037760416666666664 0.034505208333333336
0 0.8528645833333334 0.7604166666666666 0.04296875 0.033854166666666664
0 0.047607421875 0.9765625 0.025797526041666668 0.041666666666666664
0 0.7200520833333334 0.8131510416666666 0.032552083333333336 0.036458333333333336
0 0.4586588541666667 0.9309895833333334 0.03515625 0.032552083333333336
0 0.09724934895833333 0.9830729166666666 0.036946614583333336 0.033854166666666664
0 0.75390625 0.8899739583333334 0.041666666666666664 0.048177083333333336
0 0.8248697916666666 0.57421875 0.02734375 0.034505208333333336
0 0.5960286458333334 0.6044921875 0.031901041666666664 0.046875
0 0.6412760416666666 0.7766927083333334 0.043619791666666664 0.01953125
0 0.619140625 0.6041666666666666 0.035807291666666664 0.0390625
0 0.84375 0.24088541666666666 0.053385416666666664 0.061848958333333336
0 0.7194010416666666 0.5901692708333334 0.033854166666666664 0.026041666666666668
0 0.67578125 0.880859375 0.032552083333333336 0.029947916666666668
0 0.7180989583333334 0.3883463541666667 0.029947916666666668 0.031901041666666664
0 0.4944661458333333 0.93359375 0.027994791666666668 0.036458333333333336
0 0.9212239583333334 0.642578125 0.033854166666666664 0.042317708333333336
0 0.8756510416666666 0.24283854166666666 0.04296875 0.053385416666666664
0 0.8912760416666666 0.6025390625 0.041666666666666664 0.034505208333333336
0 0.94140625 0.7838541666666666 0.03515625 0.022135416666666668
0 0.84765625 0.4860026041666667 0.033854166666666664 0.041015625
0 0.8280139696382429 0.6040821321866925 0.02842377260981917 0.03563822270671831
0 0.751953125 0.5208333333333334 0.041666666666666664 0.027994791666666668
0 0.8553476259689923 0.6350230135658914 0.02826227390180887 0.016149870801033545
