0 0.5895182291666666 0.7630208333333334 0.03125 0.03125
0 0.912109375 0.4781901041666667 0.04296875 0.048828125
0 0.5953776041666666 0.5904947916666666 0.036458333333333336 0.035807291666666664
0 0.5013020833333334 0.658203125 0.04296875 0.03515625
0 0.5670572916666666 0.7877604166666666 0.029947916666666668 0.026041666666666668
0 0.21468098958333334 0.10335286458333333 0.029296875 0.029622395833333332
0 0.951171875 0.21842447916666666 0.049479166666666664 0.072265625
0 0.054117838541666664 0.053548177083333336 0.033203125 0.032470703125
0 0.3678385416666667 0.40625 0.03125 0.035807291666666664
0 0.8997395833333334 0.2713216145833333 0.040364583333333336 0.042643229166666664
0 0.040191650390625 0.026448567708333332 0.034200032552083336 0.027913411458333332
0 0.030517578125 0.23014322916666666 0.032633463541666664 0.032552083333333336
0 0.7428385416666666 0.4039713541666667 0.040364583333333336 0.025390625
0 0.345703125 0.3028971354166667 0.02734375 0.0302734375
0 0.2890625 0.6145833333333334 0.040364583333333336 0.029947916666666668
0 0.18208821614583334 0.1595458984375 0.040120442708333336 0.035725911458333336
0 0.9348958333333334 0.11238606770833333 0.0234375 0.038899739583333336
0 0.875 0.3502604166666667 0.03125 0.039713541666666664
0 0.9088541666666666 0.17919921875 0.03515625 0.045247395833333336
0 0.28125 0.2527669270833333 0.025716145833333332 0.034505208333333336
0 0.5393880208333334 0.65234375 0.034505208333333336 0.024739583333333332
0 0.54296875 0.7506510416666666 0.030598958333333332 0.03125
0 0.3116861979166667 0.18098958333333334 0.0361328125 0.025065104166666668
0 0.9283854166666666 0.5546875 0.049479166666666664 0.0390625
0 0.0731201171875 0.5006510416666666 0.031168619791666668 0.030598958333333332
0 0.01348876953125 0.08894856770833333 0.0269775390625 0.029622395833333332
0 0.27001953125 0.20686848958333334 0.026692708333333332 0.032877604166666664
0 0.108642578125 0.44921875 0.035970052083333336 0.052734375
0 0.058268229166666664 0.3779296875 0.020670572916666668 0.035807291666666664
0 0.17281087239583334 0.12418619791666667 0.025797526041666668 0.026692708333333332
0 0.3421223958333333 0.6158854166666666 0.036458333333333336 0.016927083333333332
0 0.4036458333333333 0.3359375 0.028645833333333332 0.046875
0 0.3121744791666667 0.5895182291666666 0.021484375 0.036458333333333336
0 0.06148053940568473 0.2514635820413436 0.023215439276485766 0.024224806201550392
0 0.40617934431524544 0.5512455587855297 0.028262273901808726 0.030281007751937983
