0 0.724609375 0.451171875 0.0546875 0.043619791666666664
0 0.6520182291666666 0.165283203125 0.038411458333333336 0.04052734375
0 0.30908203125 0.4117838541666667 0.041666666666666664 0.03125
0 0.6946614583333334 0.361328125 0.041666666666666664 0.036458333333333336
0 0.6863606770833334 0.14241536458333334 0.046549479166666664 0.05859375
0 0.4166666666666667 0.2511393229166667 0.041015625 0.053385416666666664
0 0.2649739583333333 0.6736653645833334 0.049479166666666664 0.0576171875
0 0.4436848958333333 0.28076171875 0.037109375 0.0361328125
0 0.486328125 0.5979817708333334 0.035807291666666664 0.042317708333333336
0 0.9765625 0.7265625 0.040364583333333336 0.037760416666666664
0 0.3053385416666667 0.4430338541666667 0.055989583333333336 0.037760416666666664
0 0.6009114583333334 0.08209228515625 0.04296875 0.0408935546875
0 0.4544270833333333 0.6083984375 0.048177083333333336 0.050130208333333336
0 0.07063802083333333 0.84375 0.04833984375 0.049479166666666664
0 0.69140625 0.24788411458333334 0.046875 0.0556640625
0 0.4632161458333333 0.0218505859375 0.06510416666666667 0.043701171875
0 0.6710611979166666 0.2506510416666667 0.043294270833333336 0.046223958333333336
0 0.4860026041666667 0.020263671875 0.044921875 0.04052734375
0 0.32373046875 0.658203125 0.023111979166666668 0.03125
0 0.2900390625 0.6324869791666666 0.023111979166666668 0.020182291666666668
0 0.23014322916666666 0.7571614583333334 0.0400390625 0.045572916666666664
0 0.3889973958333333 0.23909505208333334 0.026692708333333332 0.031901041666666664
0 0.701171875 0.189453125 0.03125 0.0341796875
0 0.3811848958333333 0.3125 0.03515625 0.028645833333333332
0 0.24153645833333334 0.7200520833333334 0.03515625 0.04296875
0 0.6357421875 0.036865234375 0.028645833333333332 0.018880208333333332
0 0.3948567708333333 0.5439453125 0.026692708333333332 0.024739583333333332
0 0.8926942021963824 0.6925569282945737 0.03028100775193791 0.026243540051679688
0 0.26739139211886304 0.5487221414728682 0.02927164082687339 0.02119670542635658
