0 0.4296875 0.2931315104166667 0.052734375 0.06477864583333333
0 0.023829142252604168 0.4430338541666667 0.035593668619791664 0.043619791666666664
0 0.3434244791666667 0.019368489583333332 0.039713541666666664 0.038736979166666664
0 0.3610026041666667 0.841796875 0.037109375 0.02734375
0 0.028350830078125 0.18115234375 0.038675944010416664 0.032552083333333336
0 0.8502604166666666 0.8515625 0.032552083333333336 0.02734375
0 0.40234375 0.09431966145833333 0.038411458333333336 0.034016927083333336
0 0.034423828125 0.2509765625 0.0517578125 0.039388020833333336
0 0.845703125 0.5950520833333334 0.036458333333333336 0.024739583333333332
0 0.4534505208333333 0.0301055908203125 0.032552083333333336 0.026051839192708332
0 0.5979817708333334 0.7682291666666666 0.034505208333333336 0.028645833333333332
0 0.08585611979166667 0.490234375 0.03662109375 0.0390625
0 0.6749674479166666 0.6402994791666666 0.0263671875 0.02734375
0 0.011159261067708334 0.5078125 0.022318522135416668 0.04296875
0 0.017298380533854168 0.734375 0.027089436848958332 0.033854166666666664
0 0.373046875 0.7766927083333334 0.037760416666666664 0.0234375
0 0.546875 0.7102864583333334 0.035807291666666664 0.03125
0 0.31396484375 0.08066813151041667 0.029947916666666668 0.038533528645833336
0 0.5696614583333334 0.7962239583333334 0.022786458333333332 0.0234375
0 0.036387125651041664 0.2887369791666667 0.03253173828125 0.03125
0 0.0130462646484375 0.146484375 0.020212809244791668 0.035970052083333336
0 0.708984375 0.88671875 0.0234375 0.02734375
0 0.005854288736979167 0.3421223958333333 0.011708577473958334 0.043619791666666664
0 0.5432942708333334 0.7109375 0.041666666666666664 0.015625
0 0.2903645833333333 0.923828125 0.025716145833333332 0.022135416666666668
0 0.008993459302325571 0.6067607396640827 0.015140503875969028 0.0282622739018088
0 0.27597101098191207 0.5133942990956072 0.024224806201550358 0.02927164082687339
0 0.2401384851421188 0.4826086078811369 0.01917797157622732 0.02018733850129199
