0 0.4755859375 0.18294270833333334 0.041015625 0.043294270833333336
0 0.0809326171875 0.4388020833333333 0.039306640625 0.04296875
0 0.3922526041666667 0.2657877604166667 0.029296875 0.034505208333333336
0 0.4658203125 0.13956705729166666 0.048828125 0.043782552083333336
0 0.9186197916666666 0.5634765625 0.04296875 0.042317708333333336
0 0.4951171875 0.458984375 0.029296875 0.029947916666666668
0 0.404296875 0.22835286458333334 0.031901041666666664 0.030924479166666668
0 0.0548095703125 0.11100260416666667 0.040934244791666664 0.03564453125
0 0.6373697916666666 0.3113606770833333 0.029947916666666668 0.033854166666666664
0 0.6658528645833334 0.3831380208333333 0.028971354166666668 0.037109375
0 0.4700520833333333 0.3538411458333333 0.025390625 0.033854166666666664
0 0.3489583333333333 0.28125 0.029296875 0.031901041666666664
0 0.5139973958333334 0.3561197916666667 0.025390625 0.037109375
0 0.8971354166666666 0.572265625 0.026041666666666668 0.040364583333333336
0 0.4169921875 0.2687174479166667 0.0234375 0.037434895833333336
0 0.4912109375 0.3590494791666667 0.029947916666666668 0.033203125
0 0.3174641927083333 0.12532552083333334 0.034342447916666664 0.02734375
0 0.6263020833333334 0.3528645833333333 0.031901041666666664 0.034505208333333336
0 0.12654622395833334 0.01202392578125 0.0625 0.021036783854166668
0 0.031926472981770836 0.18343098958333334 0.027537027994791668 0.021809895833333332
0 0.3084309895833333 0.494140625 0.022786458333333332 0.033203125
0 0.043172200520833336 0.158447265625 0.025390625 0.02783203125
0 0.3792317708333333 0.062744140625 0.032552083333333336 0.025309244791666668
0 0.8671875 0.5465494791666666 0.022135416666666668 0.026041666666666668
0 0.3084309895833333 0.07474772135416667 0.025716145833333332 0.023844401041666668
0 0.9635416666666666 0.6328125 0.037760416666666664 0.027994791666666668
0 0.248046875 0.2919921875 0.0361328125 0.027669270833333332
0 0.4505208333333333 0.4453125 0.018229166666666668 0.021484375
