0 0.4609375 0.0321044921875 0.048177083333333336 0.053548177083333336
0 0.5973307291666666 0.049184163411458336 0.054036458333333336 0.043558756510416664
0 0.8111979166666666 0.3763020833333333 0.045572916666666664 0.039713541666666664
0 0.7024739583333334 0.3186848958333333 0.04296875 0.033854166666666664
0 0.6541341145833334 0.17220052083333334 0.035481770833333336 0.039713541666666664
0 0.2765299479166667 0.28173828125 0.037434895833333336 0.035807291666666664
0 0.31982421875 0.0239410400390625 0.037434895833333336 0.030731201171875
0 0.6901041666666666 0.17789713541666666 0.04296875 0.041666666666666664
0 0.042999267578125 0.4583333333333333 0.03948974609375 0.057291666666666664
0 0.2858072916666667 0.3355305989583333 0.055013020833333336 0.05029296875
0 0.3098958333333333 0.28857421875 0.0302734375 0.033854166666666664
0 0.671875 0.32275390625 0.032552083333333336 0.029622395833333332
0 0.4482421875 0.0684814453125 0.035807291666666664 0.029541015625
0 0.020497639973958332 0.4645182291666667 0.028422037760416668 0.044270833333333336
0 0.6442057291666666 0.008089701334635416 0.046223958333333336 0.015599568684895834
0 0.943359375 0.419921875 0.04296875 0.022135416666666668
0 0.58203125 0.12662760416666666 0.030598958333333332 0.029459635416666668
0 0.2835286458333333 0.3857421875 0.03125 0.044921875
0 0.3961588541666667 0.24934895833333334 0.032552083333333336 0.024088541666666668
0 0.6796875 0.06925455729166667 0.037760416666666664 0.02099609375
0 0.014119466145833334 0.3782552083333333 0.028238932291666668 0.021484375
0 0.8704427083333334 0.3795572916666667 0.026041666666666668 0.022135416666666668
