0 0.6692708333333334 0.3407389322916667 0.048177083333333336 0.05615234375
0 0.44347797561369506 0.08656236121204779 0.042489300710594424 0.04717970264050388
0 0.6341145833333334 0.3273111979166667 0.048828125 0.053059895833333336
0 0.3678385416666667 0.12117513020833333 0.050130208333333336 0.061686197916666664
0 0.4498697916666667 0.050160725911458336 0.050130208333333336 0.05072021484375
0 0.4762369791666667 0.5094401041666666 0.047526041666666664 0.034505208333333336
0 0.2666015625 0.73046875 0.044596354166666664 0.04296875
0 0.3496907552083333 0.4156901041666667 0.034993489583333336 0.028645833333333332
0 0.4456380208333333 0.4436848958333333 0.040364583333333336 0.044921875
0 0.4658203125 0.22314453125 0.026692708333333332 0.04296875
0 0.6544596354166666 0.7356770833333334 0.0556640625 0.048177083333333336
0 0.4091796875 0.447265625 0.037760416666666664 0.040364583333333336
0 0.4625651041666667 0.025553385416666668 0.044270833333333336 0.051106770833333336
0 0.630859375 0.380859375 0.053385416666666664 0.041666666666666664
0 0.591796875 0.974609375 0.041015625 0.032552083333333336
0 0.259765625 0.771484375 0.025716145833333332 0.033854166666666664
0 0.4104817708333333 0.18863932291666666 0.031901041666666664 0.032877604166666664
0 0.6881510416666666 0.744140625 0.033854166666666664 0.040364583333333336
0 0.2846320100532946 0.4063648154877261 0.027415667393410875 0.025160994024547783
0 0.4026692708333333 0.09798177083333333 0.037109375 0.045247395833333336
0 0.6285807291666666 0.9879557291666666 0.039713541666666664 0.024088541666666668
0 0.6481119791666666 0.275390625 0.024088541666666668 0.025065104166666668
0 0.5953776041666666 0.8131510416666666 0.028645833333333332 0.029947916666666668
0 0.4886067708333333 0.5384114583333334 0.024088541666666668 0.027994791666666668
0 0.5003255208333334 0.44140625 0.033203125 0.026041666666666668
0 0.7220052083333334 0.7591145833333334 0.022135416666666668 0.03515625
0 0.6461588541666666 0.20849609375 0.029947916666666668 0.0283203125
0 0.41122617894056845 0.7410065406976744 0.024224806201550358 0.024224806201550503
0 0.46270389211886304 0.11318031330749352 0.03229974160206709 0.04239341085271318
