0 0.3253580729166667 0.7096354166666666 0.054361979166666664 0.041666666666666664
0 0.611328125 0.021540323893229168 0.041666666666666664 0.040415445963541664
0 0.49609375 0.470703125 0.0546875 0.044270833333333336
0 0.6497395833333334 0.5048828125 0.032552083333333336 0.040364583333333336
0 0.6031901041666666 0.17842610677083334 0.048177083333333336 0.053955078125
0 0.4820963541666667 0.6285807291666666 0.041015625 0.031901041666666664
0 0.8346354166666666 0.6671549479166666 0.040364583333333336 0.035481770833333336
0 0.1748046875 0.904296875 0.039713541666666664 0.041666666666666664
0 0.595703125 0.6647135416666666 0.040364583333333336 0.028645833333333332
0 0.6263020833333334 0.4759114583333333 0.0390625 0.039713541666666664
0 0.787109375 0.68017578125 0.028645833333333332 0.0458984375
0 0.91015625 0.5406901041666666 0.028645833333333332 0.027994791666666668
0 0.5009765625 0.3343098958333333 0.04296875 0.02734375
0 0.8014322916666666 0.4147135416666667 0.02734375 0.044921875
0 0.3404947916666667 0.7421875 0.029296875 0.029947916666666668
0 0.2615376948078165 0.8082253310723514 0.04097903544896638 0.03311732881136953
0 0.5302734375 0.6637369791666666 0.026041666666666668 0.025390625
0 0.7473958333333334 0.4879557291666667 0.022135416666666668 0.026041666666666668
0 0.4619140625 0.4837239583333333 0.030598958333333332 0.0234375
0 0.5986328125 0.4671223958333333 0.031901041666666664 0.029947916666666668
0 0.010711669921875 0.9749348958333334 0.02142333984375 0.050130208333333336
0 0.4192708333333333 0.70703125 0.029296875 0.029947916666666668
0 0.3636067708333333 0.6634114583333334 0.02734375 0.02734375
0 0.4309895833333333 0.689453125 0.029947916666666668 0.033854166666666664
0 0.552734375 0.010312398274739584 0.041015625 0.0205535888671875
0 0.8444010416666666 0.4632161458333333 0.036458333333333336 0.024088541666666668
0 0.27698037790697666 0.8389151324289404 0.05450581395348841 0.05248708010335923
