0 0.025227864583333332 0.8235677083333334 0.050455729166666664 0.045572916666666664
0 0.7747395833333334 0.8190104166666666 0.040364583333333336 0.046875
0 0.7330729166666666 0.8248697916666666 0.041666666666666664 0.04296875
0 0.6517507469315246 0.8115739058462532 0.0389464228036176 0.0422167716408269
0 0.849609375 0.8587239583333334 0.059895833333333336 0.053385416666666664
0 0.6337890625 0.5690104166666666 0.045572916666666664 0.045572916666666664
0 0.4641927083333333 0.8059895833333334 0.041666666666666664 0.028645833333333332
0 0.7571614583333334 0.71875 0.03515625 0.040364583333333336
0 0.7994791666666666 0.7096354166666666 0.028645833333333332 0.049479166666666664
0 0.6705729166666666 0.09600830078125 0.036458333333333336 0.0311279296875
0 0.70703125 0.060872395833333336 0.028645833333333332 0.025960286458333332
0 0.08253987630208333 0.8782552083333334 0.0377197265625 0.033854166666666664
0 0.54296875 0.7786458333333334 0.0234375 0.024739583333333332
0 0.423828125 0.8515625 0.022135416666666668 0.032552083333333336
0 0.6337915859173127 0.4387011466408269 0.021196705426356655 0.023215439276485766
