0 0.23876953125 0.78515625 0.042643229166666664 0.040364583333333336
0 0.6429036458333334 0.5901692708333334 0.043619791666666664 0.033854166666666664
0 0.6409505208333334 0.5374348958333334 0.040364583333333336 0.03125
0 0.2041015625 0.8138020833333334 0.048177083333333336 0.0390625
0 0.5540364583333334 0.5621744791666666 0.0390625 0.033854166666666664
0 0.045857747395833336 0.65234375 0.030110677083333332 0.041666666666666664
0 0.6396484375 0.6337890625 0.045572916666666664 0.0390625
0 0.982421875 0.6575520833333334 0.033854166666666664 0.03125
0 0.3763020833333333 0.6246744791666666 0.030598958333333332 0.042317708333333336
0 0.7845052083333334 0.470703125 0.026041666666666668 0.03125
0 0.4391276041666667 0.5911458333333334 0.033203125 0.026041666666666668
0 0.9296875 0.5846354166666666 0.028645833333333332 0.029947916666666668
0 0.4381510416666667 0.5638020833333334 0.033854166666666664 0.027994791666666668
0 0.5113932291666666 0.5634765625 0.02734375 0.022786458333333332
0 0.025273640950520832 0.6227213541666666 0.023427327473958332 0.026041666666666668
0 0.6338609798934108 0.3369203710432817 0.02941042877906967 0.033639676195090486
0 0.6064453125 0.4606119791666667 0.024088541666666668 0.020833333333333332
0 0.5625 0.6474609375 0.033854166666666664 0.025390625
0 0.9329427083333334 0.5569661458333334 0.02734375 0.027994791666666668
0 0.342041015625 0.708984375 0.02099609375 0.026041666666666668
0 0.8079427083333334 0.2698567708333333 0.03515625 0.028645833333333332
0 0.4501953125 0.6354166666666666 0.033203125 0.018880208333333332
0 0.6410729065729974 0.362136880248708 0.029703145187338482 0.03158561450258398
