0 0.90234375 0.02789306640625 0.044270833333333336 0.0557861328125
0 0.6399739583333334 0.5211588541666666 0.047526041666666664 0.035807291666666664
0 0.853515625 0.033447265625 0.03515625 0.044270833333333336
0 0.2693684895833333 0.16182454427083334 0.0390625 0.036376953125
0 0.014851888020833334 0.28125 0.029703776041666668 0.0361328125
0 0.64453125 0.6207682291666666 0.043619791666666664 0.040364583333333336
0 0.6435546875 0.2841796875 0.033203125 0.029622395833333332
0 0.83984375 0.3531901041666667 0.033854166666666664 0.036458333333333336
0 0.7981770833333334 0.14046223958333334 0.041666666666666664 0.044270833333333336
0 0.69921875 0.8307291666666666 0.028645833333333332 0.04296875
0 0.2926432291666667 0.341552734375 0.03515625 0.036946614583333336
0 0.3058268229166667 0.18001302083333334 0.0302734375 0.029622395833333332
0 0.141845703125 0.105224609375 0.031412760416666664 0.03466796875
0 0.2970377604166667 0.15388997395833334 0.03515625 0.04345703125
0 0.3678385416666667 0.4986979166666667 0.02734375 0.029947916666666668
0 0.6744791666666666 0.6204427083333334 0.02734375 0.037109375
0 0.07720947265625 0.5625 0.0340576171875 0.024739583333333332
0 0.24430338541666666 0.08536783854166667 0.0244140625 0.032877604166666664
0 0.13736979166666666 0.035003662109375 0.028645833333333332 0.02862548828125
0 0.7057291666666666 0.6901041666666666 0.024739583333333332 0.02734375
0 0.07706705729166667 0.07454427083333333 0.024088541666666668 0.023600260416666668
0 0.21695963541666666 0.08583577473958333 0.034830729166666664 0.023640950520833332
0 0.13419596354166666 0.069091796875 0.028971354166666668 0.019938151041666668
0 0.20540364583333334 0.3662109375 0.024739583333333332 0.025390625
0 0.4163411458333333 0.5139973958333334 0.0234375 0.022135416666666668
0 0.051350911458333336 0.12841796875 0.021484375 0.021158854166666668
0 0.76953125 0.6516927083333334 0.03125 0.022135416666666668
0 0.3684895833333333 0.474609375 0.027994791666666668 0.026041666666666668
0 0.13004557291666666 0.12272135416666667 0.033203125 0.044921875
0 0.943359375 0.051259358723958336 0.026041666666666668 0.030131022135416668
0 0.15087890625 0.048299153645833336 0.023111979166666668 0.034505208333333336
0 0.8411458333333334 0.120361328125 0.028645833333333332 0.02978515625
0 0.8935950621770026 0.988094517118863 0.024007792312661518 0.023810965762273966
0 0.8046875 0.3922526041666667 0.029947916666666668 0.024739583333333332
0 0.7682291666666666 0.7740885416666666 0.032552083333333336 0.036458333333333336
0 0.3489583333333333 0.22591145833333334 0.022135416666666668 0.0380859375
0 0.668110061369509 0.768764131136951 0.021196705426356505 0.017159237726098137
0 0.4536195897932816 0.42911216085271314 0.028262273901808726 0.026243540051679542
