0 0.5641276041666666 0.06522623697916667 0.041666666666666664 0.042399088541666664
0 0.2911783854166667 0.15421549479166666 0.045247395833333336 0.048665364583333336
0 0.8626302083333334 0.4713541666666667 0.040364583333333336 0.04296875
0 0.6868489583333334 0.12703450520833334 0.045572916666666664 0.046712239583333336
0 0.9811197916666666 0.548828125 0.036458333333333336 0.036458333333333336
0 0.042592366536458336 0.3206380208333333 0.045023600260416664 0.021158854166666668
0 0.2900390625 0.10392252604166667 0.044270833333333336 0.040364583333333336
0 0.2786458333333333 0.4459635416666667 0.0439453125 0.045572916666666664
0 0.6298828125 0.16459147135416666 0.0390625 0.031819661458333336
0 0.9873046875 0.2548828125 0.025390625 0.0322265625
0 0.935546875 0.4290364583333333 0.03515625 0.038411458333333336
0 0.4156901041666667 0.06254069010416667 0.03515625 0.044677734375
0 0.031163533528645832 0.2682291666666667 0.029225667317708332 0.029947916666666668
0 0.12923177083333334 0.24186197916666666 0.025716145833333332 0.027669270833333332
0 0.9479166666666666 0.2537434895833333 0.026041666666666668 0.021809895833333332
0 0.6393229166666666 0.19514973958333334 0.026041666666666668 0.027669270833333332
0 0.4912109375 0.2596028645833333 0.027994791666666668 0.031575520833333336
0 0.2605794270833333 0.21809895833333334 0.0302734375 0.037760416666666664
0 0.24527994791666666 0.185546875 0.029947916666666668 0.019856770833333332
0 0.576171875 0.26025390625 0.018880208333333332 0.033528645833333336
0 0.986328125 0.4954427083333333 0.022135416666666668 0.020182291666666668
0 0.4977213541666667 0.13517252604166666 0.024739583333333332 0.02099609375
0 0.3935546875 0.060302734375 0.030598958333333332 0.020751953125
0 0.80859375 0.23421223958333334 0.026041666666666668 0.033854166666666664
