0 0.7786458333333334 0.28759765625 0.046875 0.051106770833333336
0 0.7740885416666666 0.23616536458333334 0.05078125 0.06315104166666667
0 0.822265625 0.1571044921875 0.045572916666666664 0.048095703125
0 0.13167317708333334 0.7083333333333334 0.035970052083333336 0.041666666666666664
0 0.8834635416666666 0.16097005208333334 0.05078125 0.051106770833333336
0 0.4313151041666667 0.6061197916666666 0.036458333333333336 0.031901041666666664
0 0.8079427083333334 0.759765625 0.041666666666666664 0.028645833333333332
0 0.810546875 0.2693684895833333 0.032552083333333336 0.043619791666666664
0 0.85546875 0.3759765625 0.03515625 0.02734375
0 0.8515625 0.18257649739583334 0.037760416666666664 0.047607421875
0 0.943359375 0.255859375 0.03515625 0.040690104166666664
0 0.3668619791666667 0.5777994791666666 0.03515625 0.032552083333333336
0 0.3678385416666667 0.5986328125 0.037109375 0.02734375
0 0.89453125 0.4925130208333333 0.024739583333333332 0.026041666666666668
0 0.6448567708333334 0.8776041666666666 0.035807291666666664 0.02734375
0 0.6321614583333334 0.4251302083333333 0.029947916666666668 0.022786458333333332
0 0.28935521640826867 0.6240234375 0.037760416666666664 0.020833333333333332
0 0.4651692708333333 0.6764322916666666 0.029947916666666668 0.029947916666666668
