0 0.24820963541666666 0.1904296875 0.037760416666666664 0.033528645833333336
0 0.4182942708333333 0.12556966145833334 0.035807291666666664 0.034993489583333336
0 0.3736979166666667 0.2921549479166667 0.03125 0.038411458333333336
0 0.17122395833333334 0.3136393229166667 0.0302734375 0.039388020833333336
0 0.4095052083333333 0.19319661458333334 0.024739583333333332 0.033854166666666664
0 0.4716796875 0.12898763020833334 0.022135416666666668 0.02783203125
0 0.9498697916666666 0.4729817708333333 0.02734375 0.021484375
0 0.11531575520833333 0.24967447916666666 0.019856770833333332 0.0283203125
0 0.5104166666666666 0.1064453125 0.024088541666666668 0.03662109375
0 0.8990885416666666 0.4534505208333333 0.02734375 0.026041666666666668
0 0.20133463541666666 0.20751953125 0.022786458333333332 0.019856770833333332
0 0.5048828125 0.37890625 0.0234375 0.0234375
0 0.15706380208333334 0.3287760416666667 0.030598958333333332 0.031901041666666664
0 0.5913981750645995 0.10661942829457365 0.03734657622739027 0.025234173126614984
