0 0.9720052083333334 0.2666015625 0.04296875 0.047200520833333336
0 0.6502278645833334 0.24235026041666666 0.039388020833333336 0.0400390625
0 0.7994791666666666 0.14208984375 0.033854166666666664 0.03515625
0 0.9283854166666666 0.5719401041666666 0.040364583333333336 0.039713541666666664
0 0.06901041666666667 0.2908528645833333 0.033528645833333336 0.0302734375
0 0.5735677083333334 0.033091227213541664 0.040364583333333336 0.04791259765625
0 0.6344401041666666 0.4072265625 0.029947916666666668 0.022786458333333332
0 0.20670572916666666 0.15397135416666666 0.031901041666666664 0.024739583333333332
0 0.109375 0.4029947916666667 0.036783854166666664 0.024739583333333332
0 0.10262044270833333 0.3411458333333333 0.034993489583333336 0.033203125
0 0.5367838541666666 0.306640625 0.026041666666666668 0.035481770833333336
0 0.3932291666666667 0.3919270833333333 0.028645833333333332 0.026692708333333332
0 0.87109375 0.5764973958333334 0.052083333333333336 0.046223958333333336
0 0.9661458333333334 0.5849609375 0.040364583333333336 0.036458333333333336
0 0.9075520833333334 0.015218098958333334 0.040364583333333336 0.030436197916666668
0 0.2615559895833333 0.21468098958333334 0.034830729166666664 0.02734375
0 0.7356770833333334 0.19563802083333334 0.033854166666666664 0.028645833333333332
0 0.8274739583333334 0.1318359375 0.029947916666666668 0.02734375
0 0.5807291666666666 0.4036458333333333 0.028645833333333332 0.025390625
0 0.20149739583333334 0.4036458333333333 0.027994791666666668 0.027994791666666668
0 0.18294270833333334 0.10579427083333333 0.025716145833333332 0.024251302083333332
0 0.2879231770833333 0.31494140625 0.025716145833333332 0.026041666666666668
0 0.9329427083333334 0.6126302083333334 0.033854166666666664 0.0390625
0 0.4895833333333333 0.35546875 0.024739583333333332 0.020833333333333332
0 0.07112630208333333 0.3837890625 0.02392578125 0.026041666666666668
0 0.55859375 0.3255208333333333 0.025390625 0.027994791666666668
0 0.5716145833333334 0.2893880208333333 0.035807291666666664 0.02734375
0 0.8776041666666666 0.0224151611328125 0.032552083333333336 0.037282307942708336
0 0.3623046875 0.052693684895833336 0.016927083333333332 0.032877604166666664
0 0.6710611979166666 0.08974202473958333 0.0302734375 0.013875325520833334
0 0.4264322916666667 0.4137369791666667 0.024739583333333332 0.021484375
0 0.20345052083333334 0.06766764322916667 0.031575520833333336 0.021728515625
0 0.15987141927083334 0.3951822916666667 0.025309244791666668 0.022786458333333332
0 0.4420572916666667 0.3623046875 0.021484375 0.021484375
0 0.16552734375 0.31591796875 0.0234375 0.030924479166666668
0 0.654296875 0.1583251953125 0.029947916666666668 0.035888671875
0 0.916015625 0.23844401041666666 0.029947916666666668 0.024739583333333332
