0 0.4853515625 0.4811197916666667 0.038411458333333336 0.03515625
0 0.9602864583333334 0.6710611979166666 0.045572916666666664 0.043294270833333336
0 0.9114583333333334 0.2421875 0.033854166666666664 0.0478515625
0 0.9524739583333334 0.23876953125 0.040364583333333336 0.040690104166666664
0 0.4443359375 0.4977213541666667 0.03125 0.036458333333333336
0 0.935546875 0.6466471354166666 0.046875 0.046549479166666664
0 0.6448567708333334 0.069580078125 0.035807291666666664 0.037434895833333336
0 0.5244140625 0.4124348958333333 0.032552083333333336 0.03125
0 0.5777994791666666 0.13981119791666666 0.03515625 0.036458333333333336
0 0.9453125 0.3326009114583333 0.032552083333333336 0.03271484375
0 0.9075520833333334 0.18896484375 0.032552083333333336 0.026041666666666668
0 0.18229166666666666 0.16666666666666666 0.027994791666666668 0.034505208333333336
0 0.365234375 0.23714192708333334 0.024088541666666668 0.024739583333333332
0 0.3779296875 0.2916666666666667 0.029947916666666668 0.0390625
0 0.3352864583333333 0.28515625 0.022786458333333332 0.028645833333333332
0 0.984375 0.6875 0.0234375 0.029947916666666668
0 0.16064453125 0.3314615885416667 0.0341796875 0.020670572916666668
0 0.4573567708333333 0.3245442708333333 0.022786458333333332 0.020833333333333332
0 0.5563151041666666 0.20035807291666666 0.035807291666666664 0.044921875
0 0.7526041666666666 0.4388020833333333 0.033854166666666664 0.026041666666666668
