0 0.3208821614583333 0.4576822916666667 0.037923177083333336 0.041015625
0 0.8391927083333334 0.4420572916666667 0.041666666666666664 0.04296875
0 0.9388020833333334 0.5823567708333334 0.046875 0.044270833333333336
0 0.2913411458333333 0.14705403645833334 0.0458984375 0.044108072916666664
0 0.4899088541666667 0.3418782552083333 0.04296875 0.034993489583333336
0 0.23274739583333334 0.2892252604166667 0.029622395833333332 0.035807291666666664
0 0.4573567708333333 0.3782552083333333 0.046875 0.04296875
0 0.5003255208333334 0.07014973958333333 0.039713541666666664 0.0478515625
0 0.83203125 0.6171875 0.032552083333333336 0.047526041666666664
0 0.6429036458333334 0.092041015625 0.03125 0.028645833333333332
0 0.6866861979166666 0.015268961588541666 0.052408854166666664 0.021097819010416668
0 0.3192545572916667 0.2967122395833333 0.035970052083333336 0.024739583333333332
0 0.4524739583333333 0.3352864583333333 0.037760416666666664 0.037760416666666664
0 0.9759114583333334 0.5843098958333334 0.03125 0.046223958333333336
0 0.7565104166666666 0.1474609375 0.0390625 0.028157552083333332
0 0.4401041666666667 0.1663818359375 0.028645833333333332 0.029541015625
0 0.693359375 0.2609049479166667 0.029947916666666668 0.028645833333333332
0 0.4117838541666667 0.13248697916666666 0.022786458333333332 0.02490234375
0 0.4388020833333333 0.3126627604166667 0.030598958333333332 0.028645833333333332
0 0.919921875 0.380859375 0.029947916666666668 0.026692708333333332
0 0.4117838541666667 0.06996663411458333 0.0234375 0.0311279296875
0 0.67138671875 0.28466796875 0.021809895833333332 0.024088541666666668
0 0.3600260416666667 0.008272806803385416 0.050130208333333336 0.0145416259765625
0 0.9869791666666666 0.3296712239583333 0.024739583333333332 0.02294921875
0 0.341796875 0.25341796875 0.026041666666666668 0.017252604166666668
0 0.7486979166666666 0.3922526041666667 0.032552083333333336 0.029947916666666668
0 0.9012738210594314 0.5345910045219638 0.02321543927648584 0.025234173126615023
