0 0.7291666666666666 0.4925130208333333 0.04296875 0.039713541666666664
0 0.6927083333333334 0.4775390625 0.037760416666666664 0.037760416666666664
0 0.6642252604166666 0.3590494791666667 0.041341145833333336 0.043619791666666664
0 0.2809244791666667 0.5423177083333334 0.029296875 0.036458333333333336
0 0.4612630208333333 0.4358723958333333 0.042317708333333336 0.02734375
0 0.65478515625 0.41796875 0.035481770833333336 0.037760416666666664
0 0.9114583333333334 0.3870442708333333 0.02734375 0.026692708333333332
0 0.24055989583333334 0.5439453125 0.038411458333333336 0.044921875
0 0.8912760416666666 0.3697916666666667 0.02734375 0.029296875
0 0.9036458333333334 0.4264322916666667 0.02734375 0.028645833333333332
0 0.032887776692708336 0.5748697916666666 0.021626790364583332 0.025390625
0 0.6510416666666666 0.5511067708333334 0.037760416666666664 0.03125
0 0.026484171549479168 0.353515625 0.023529052734375 0.029296875
0 0.2674153645833333 0.4892578125 0.0244140625 0.032552083333333336
0 0.5250651041666666 0.3740234375 0.027994791666666668 0.029947916666666668
0 0.031585693359375 0.3304036458333333 0.025044759114583332 0.026041666666666668
0 0.13907877604166666 0.22867838541666666 0.03857421875 0.0234375
0 0.8899739583333334 0.3675130208333333 0.036458333333333336 0.05078125
0 0.257297722868217 0.2580244670542636 0.017159237726098137 0.02119670542635658
