0 0.9674479166666666 0.3350423177083333 0.046875 0.040201822916666664
0 0.810546875 0.022730509440104168 0.04296875 0.040964762369791664
0 0.2618815104166667 0.3059895833333333 0.041341145833333336 0.039388020833333336
0 0.3256022135416667 0.10701497395833333 0.040201822916666664 0.04541015625
0 0.466796875 0.017110188802083332 0.052734375 0.034220377604166664
0 0.2879231770833333 0.11539713541666667 0.042317708333333336 0.04931640625
0 0.7291666666666666 0.1768798828125 0.05078125 0.034261067708333336
0 0.3262532552083333 0.2353515625 0.048014322916666664 0.038736979166666664
0 0.06829833984375 0.4052734375 0.043741861979166664 0.052083333333333336
0 0.9772135416666666 0.022257486979166668 0.045572916666666664 0.044514973958333336
0 0.7233072916666666 0.23095703125 0.037760416666666664 0.0302734375
0 0.6119791666666666 0.13785807291666666 0.037109375 0.03564453125
0 0.6481119791666666 0.10888671875 0.037109375 0.033040364583333336
0 0.771484375 0.020451863606770832 0.048177083333333336 0.040069580078125
0 0.7662760416666666 0.1767578125 0.02734375 0.027669270833333332
0 0.4921875 0.044596354166666664 0.029947916666666668 0.034016927083333336
0 0.043538411458333336 0.4029947916666667 0.027018229166666668 0.047526041666666664
0 0.6129557291666666 0.08274332682291667 0.031901041666666664 0.025594075520833332
0 0.48046875 0.2532552083333333 0.025390625 0.027994791666666668
0 0.3048502604166667 0.22216796875 0.030598958333333332 0.0341796875
0 0.9270833333333334 0.20947265625 0.02734375 0.039388020833333336
0 0.265625 0.11360677083333333 0.025065104166666668 0.029459635416666668
