0 0.4615885416666667 0.051920572916666664 0.059244791666666664 0.07438151041666667
0 0.24072265625 0.568359375 0.051432291666666664 0.046223958333333336
0 0.6396484375 0.047271728515625 0.043619791666666664 0.044779459635416664
0 0.2574869791666667 0.6070963541666666 0.041015625 0.057291666666666664
0 0.7298177083333334 0.3873697916666667 0.044270833333333336 0.04296875
0 0.6455078125 0.4143880208333333 0.050130208333333336 0.054036458333333336
0 0.64892578125 0.283203125 0.047200520833333336 0.037109375
0 0.7545572916666666 0.20572916666666666 0.03515625 0.0439453125
0 0.3133951822916667 0.181640625 0.043782552083333336 0.040690104166666664
0 0.7708333333333334 0.392578125 0.0390625 0.040364583333333336
0 0.4449869791666667 0.17431640625 0.044921875 0.046223958333333336
0 0.2887369791666667 0.3981119791666667 0.029622395833333332 0.044921875
0 0.2703450520833333 0.2705078125 0.042643229166666664 0.032877604166666664
0 0.6455078125 0.09897867838541667 0.043619791666666664 0.040323893229166664
0 0.8079427083333334 0.6328125 0.028645833333333332 0.01953125
0 0.6634114583333334 0.011871337890625 0.05078125 0.02374267578125
0 0.3603515625 0.337890625 0.033854166666666664 0.03125
0 0.22477213541666666 0.6516927083333334 0.040690104166666664 0.041666666666666664
0 0.13460286458333334 0.3987630208333333 0.02783203125 0.024739583333333332
0 0.7740885416666666 0.27490234375 0.029947916666666668 0.029296875
0 0.6028645833333334 0.2760416666666667 0.014322916666666666 0.031901041666666664
0 0.9837239583333334 0.66796875 0.026041666666666668 0.020833333333333332
0 0.9889322916666666 0.3759765625 0.01953125 0.037109375
0 0.6019965277777778 0.3140443313953488 0.02018733850129199 0.022206072351421174
