0 0.728515625 0.2941080729166667 0.049479166666666664 0.041666666666666664
0 0.4703776041666667 0.5188802083333334 0.034505208333333336 0.039713541666666664
0 0.6796875 0.0966796875 0.048177083333333336 0.042154947916666664
0 0.3616536458333333 0.5914713541666666 0.052083333333333336 0.046875
0 0.3922526041666667 0.5494791666666666 0.044921875 0.033854166666666664
0 0.7115885416666666 0.20491536458333334 0.033854166666666664 0.038411458333333336
0 0.23356119791666666 0.6090494791666666 0.046875 0.0390625
0 0.8717447916666666 0.5052083333333334 0.046875 0.038411458333333336
0 0.9856770833333334 0.5947265625 0.026041666666666668 0.033854166666666664
0 0.4622395833333333 0.4049479166666667 0.036458333333333336 0.033854166666666664
0 0.4410807291666667 0.3649088541666667 0.035807291666666664 0.0390625
0 0.23518880208333334 0.5358072916666666 0.049153645833333336 0.043619791666666664
0 0.4563802083333333 0.03729248046875 0.04296875 0.038777669270833336
0 0.3131510416666667 0.19108072916666666 0.039713541666666664 0.037109375
0 0.9407552083333334 0.6419270833333334 0.053385416666666664 0.0546875
0 0.6393229166666666 0.08607991536458333 0.032552083333333336 0.0404052734375
0 0.2654622395833333 0.53515625 0.031901041666666664 0.047526041666666664
0 0.6886393229166666 0.3025716145833333 0.047200520833333336 0.045572916666666664
0 0.4869791666666667 0.4557291666666667 0.032552083333333336 0.024739583333333332
0 0.4811197916666667 0.3684895833333333 0.028645833333333332 0.024739583333333332
0 0.4899088541666667 0.2985026041666667 0.037109375 0.024739583333333332
0 0.23990885416666666 0.2903645833333333 0.025716145833333332 0.028645833333333332
0 0.4169921875 0.015223185221354166 0.036458333333333336 0.026194254557291668
0 0.2828776041666667 0.21272786458333334 0.027994791666666668 0.021809895833333332
0 0.98046875 0.5423177083333334 0.037760416666666664 0.037760416666666664
0 0.20296223958333334 0.6357421875 0.0341796875 0.035807291666666664
0 0.6477864583333334 0.30859375 0.046875 0.028971354166666668
0 0.6162109375 0.3951822916666667 0.039713541666666664 0.035807291666666664
0 0.9173177083333334 0.5559895833333334 0.046875 0.031901041666666664
0 0.6632486979166666 0.011962890625 0.058919270833333336 0.023681640625
0 0.859375 0.5608723958333334 0.036458333333333336 0.031901041666666664
0 0.6298828125 0.046712239583333336 0.025390625 0.033365885416666664
0 0.6525065104166666 0.4765625 0.029622395833333332 0.024739583333333332
0 0.91015625 0.5006510416666666 0.026041666666666668 0.030598958333333332
0 0.75390625 0.18798828125 0.0234375 0.030598958333333332
0 0.9720052083333334 0.6315104166666666 0.037760416666666664 0.03125
0 0.7272135416666666 0.09578450520833333 0.022135416666666668 0.022135416666666668
0 0.673828125 0.2838541666666667 0.033854166666666664 0.032877604166666664
0 0.5335286458333334 0.41796875 0.022786458333333332 0.025390625
0 0.6953125 0.560546875 0.02734375 0.031901041666666664
