0 0.8151041666666666 0.046905517578125 0.05078125 0.050882975260416664
0 0.8587239583333334 0.4781901041666667 0.041666666666666664 0.038411458333333336
0 0.72265625 0.27001953125 0.024739583333333332 0.033203125
0 0.9759114583333334 0.16715494791666666 0.041666666666666664 0.039713541666666664
0 0.3076171875 0.3121744791666667 0.033528645833333336 0.031575520833333336
0 0.6429036458333334 0.3496907552083333 0.039713541666666664 0.040201822916666664
0 0.5533854166666666 0.3356119791666667 0.027994791666666668 0.035807291666666664
0 0.5963541666666666 0.3252766927083333 0.033203125 0.027180989583333332
0 0.28955078125 0.24674479166666666 0.036783854166666664 0.040364583333333336
0 0.2511393229166667 0.2727864583333333 0.041666666666666664 0.034830729166666664
0 0.4602864583333333 0.031901041666666664 0.034505208333333336 0.028238932291666668
0 0.15087890625 0.2503255208333333 0.031901041666666664 0.033854166666666664
0 0.9088541666666666 0.14444986979166666 0.036458333333333336 0.025716145833333332
0 0.8203125 0.4752604166666667 0.03515625 0.028645833333333332
0 0.3811848958333333 0.08308919270833333 0.045572916666666664 0.03564453125
0 0.5358072916666666 0.2501627604166667 0.033854166666666664 0.0322265625
0 0.6337890625 0.3084309895833333 0.022786458333333332 0.027994791666666668
0 0.4807942708333333 0.01031494140625 0.04296875 0.0185546875
0 0.10514322916666667 0.157470703125 0.030924479166666668 0.02978515625
0 0.8092447916666666 0.2900390625 0.028645833333333332 0.03125
0 0.13916015625 0.146484375 0.027669270833333332 0.026041666666666668
0 0.7174479166666666 0.4651692708333333 0.032552083333333336 0.022786458333333332
0 0.11539713541666667 0.1171875 0.035970052083333336 0.02294921875
0 0.16178385416666666 0.10392252604166667 0.024739583333333332 0.024576822916666668
0 0.4697265625 0.070068359375 0.017578125 0.03173828125
0 0.4482421875 0.19449869791666666 0.0234375 0.022135416666666668
0 0.6809895833333334 0.016156514485677082 0.02734375 0.017735799153645832
0 0.470703125 0.23160807291666666 0.034505208333333336 0.023111979166666668
0 0.16898600260416666 0.055013020833333336 0.020751953125 0.023193359375
