0 0.4622395833333333 0.06810506184895833 0.041015625 0.053243001302083336
0 0.2809244791666667 0.7936197916666666 0.0419921875 0.03515625
0 0.3662109375 0.28271484375 0.038411458333333336 0.033854166666666664
0 0.6438802083333334 0.27197265625 0.033203125 0.035807291666666664
0 0.6868489583333334 0.5169270833333334 0.041666666666666664 0.04296875
0 0.4833984375 0.20182291666666666 0.037760416666666664 0.049153645833333336
0 0.3314615885416667 0.8020833333333334 0.038248697916666664 0.037760416666666664
0 0.68359375 0.3561197916666667 0.037760416666666664 0.043619791666666664
0 0.5022786458333334 0.06908162434895833 0.046223958333333336 0.05633544921875
0 0.8971354166666666 0.4130859375 0.032552083333333336 0.035807291666666664
0 0.396484375 0.4635416666666667 0.03515625 0.026041666666666668
0 0.3561197916666667 0.4964192708333333 0.037760416666666664 0.029947916666666668
0 0.6678059895833334 0.5973307291666666 0.055013020833333336 0.052734375
0 0.388671875 0.5498046875 0.034505208333333336 0.0234375
0 0.4807942708333333 0.15950520833333334 0.033854166666666664 0.0234375
0 0.3055013020833333 0.7291666666666666 0.032552083333333336 0.033854166666666664
0 0.67041015625 0.22900390625 0.031575520833333336 0.028645833333333332
0 0.8743489583333334 0.6064453125 0.032552083333333336 0.022135416666666668
0 0.6920572916666666 0.2618815104166667 0.026041666666666668 0.027018229166666668
0 0.6389973958333334 0.5973307291666666 0.046223958333333336 0.037109375
0 0.3860677083333333 0.4866536458333333 0.0234375 0.028645833333333332
0 0.431640625 0.21354166666666666 0.03515625 0.033203125
0 0.3932291666666667 0.22021484375 0.034505208333333336 0.025065104166666668
0 0.5611979166666666 0.4596354166666667 0.03125 0.026041666666666668
0 0.98828125 0.3763020833333333 0.01953125 0.018880208333333332
0 0.4261067708333333 0.7083333333333334 0.024088541666666668 0.0234375
0 0.8177083333333334 0.6083984375 0.02734375 0.022786458333333332
0 0.642578125 0.689453125 0.024739583333333332 0.03125
0 0.31832909399224807 0.76273316375969 0.047200520833333336 0.032552083333333336
