0 0.6486002604166666 0.2989908854166667 0.0517578125 0.058268229166666664
0 0.703125 0.4967447916666667 0.029947916666666668 0.034505208333333336
0 0.736328125 0.76953125 0.045572916666666664 0.037760416666666664
0 0.6453450520833334 0.82421875 0.0478515625 0.041666666666666664
0 0.7721354166666666 0.21354166666666666 0.0390625 0.037434895833333336
0 0.24739583333333334 0.5149739583333334 0.046549479166666664 0.035807291666666664
0 0.3987630208333333 0.4026692708333333 0.05078125 0.034505208333333336
0 0.6907552083333334 0.8287760416666666 0.033854166666666664 0.05078125
0 0.6946614583333334 0.6266276041666666 0.036458333333333336 0.039713541666666664
0 0.4388020833333333 0.3929036458333333 0.037109375 0.040364583333333336
0 0.4202473958333333 0.054392496744791664 0.0546875 0.04388427734375
0 0.9576822916666666 0.7786458333333334 0.03515625 0.033854166666666664
0 0.6165364583333334 0.06201171875 0.03125 0.042317708333333336
0 0.2646484375 0.7330729166666666 0.030924479166666668 0.0390625
0 0.6223958333333334 0.3372395833333333 0.050130208333333336 0.044270833333333336
0 0.22672526041666666 0.859375 0.045247395833333336 0.053385416666666664
0 0.6427408854166666 0.4788411458333333 0.049153645833333336 0.0390625
0 0.224609375 0.6533203125 0.0361328125 0.0234375
0 0.71484375 0.2470703125 0.05859375 0.046549479166666664
0 0.27490234375 0.8430989583333334 0.0419921875 0.037760416666666664
0 0.2607421875 0.6282552083333334 0.038411458333333336 0.037109375
0 0.5472005208333334 0.4046223958333333 0.029947916666666668 0.039713541666666664
0 0.2509765625 0.3997395833333333 0.03125 0.022786458333333332
0 0.7298177083333334 0.8020833333333334 0.033854166666666664 0.04296875
0 0.4794921875 0.026123046875 0.046223958333333336 0.05224609375
0 0.6998697916666666 0.1822509765625 0.0390625 0.033284505208333336
0 0.2672526041666667 0.3600260416666667 0.026692708333333332 0.020833333333333332
0 0.919921875 0.775390625 0.03515625 0.033854166666666664
0 0.3782552083333333 0.4749348958333333 0.022786458333333332 0.037760416666666664
0 0.7389322916666666 0.12776692708333334 0.029947916666666668 0.0283203125
0 0.5921223958333334 0.29736328125 0.0390625 0.026692708333333332
0 0.4153645833333333 0.030339558919270832 0.052734375 0.039011637369791664
0 0.2972005208333333 0.6331380208333334 0.030924479166666668 0.029296875
0 0.5865885416666666 0.037679036458333336 0.035807291666666664 0.033203125
0 0.5729166666666666 0.15323893229166666 0.03125 0.021809895833333332
0 0.7421875 0.22932942708333334 0.028645833333333332 0.041341145833333336
0 0.009455362955729166 0.6315104166666666 0.018910725911458332 0.034505208333333336
0 0.224609375 0.8274739583333334 0.027669270833333332 0.03125
0 0.427734375 0.4954427083333333 0.029947916666666668 0.024739583333333332
0 0.47733971253229973 0.05009488049095607 0.05955264857881145 0.03734657622739018
0 0.17200621770025837 0.6430979489664083 0.03028100775193791 0.016149870801033545
