0 0.024169921875 0.5686848958333334 0.04833984375 0.053385416666666664
0 0.6486002604166666 0.5335286458333334 0.049153645833333336 0.038411458333333336
0 0.7708333333333334 0.5921223958333334 0.045572916666666664 0.032552083333333336
0 0.5126953125 0.5436197916666666 0.044921875 0.037760416666666664
0 0.771484375 0.5530598958333334 0.044270833333333336 0.040364583333333336
0 0.7805989583333334 0.4837239583333333 0.03515625 0.03515625
0 0.6324869791666666 0.22884114583333334 0.026692708333333332 0.033528645833333336
0 0.3802083333333333 0.13606770833333334 0.029947916666666668 0.02685546875
0 0.6302083333333334 0.2822265625 0.024088541666666668 0.033203125
0 0.5520833333333334 0.5159505208333334 0.027994791666666668 0.032552083333333336
0 0.7942708333333334 0.4228515625 0.036458333333333336 0.042317708333333336
0 0.6429036458333334 0.5533854166666666 0.031901041666666664 0.031901041666666664
0 0.78515625 0.4381510416666667 0.03125 0.030598958333333332
0 0.5426432291666666 0.3785807291666667 0.033854166666666664 0.031901041666666664
0 0.5944010416666666 0.2814127604166667 0.021484375 0.027018229166666668
0 0.8023558624031008 0.14093790374677004 0.031290374677002575 0.03330910852713178
0 0.7655139696382428 0.10611474483204135 0.024224806201550503 0.02018733850129199
