0 0.14005533854166666 0.030588785807291668 0.045084635416666664 0.05047607421875
0 0.5856119791666666 0.015706380208333332 0.048177083333333336 0.031412760416666664
0 0.12955729166666666 0.5615234375 0.036783854166666664 0.037109375
0 0.904296875 0.08365885416666667 0.041666666666666664 0.035970052083333336
0 0.2561848958333333 0.23909505208333334 0.042317708333333336 0.0478515625
0 0.3009440104166667 0.4111328125 0.0458984375 0.048177083333333336
0 0.76171875 0.10196940104166667 0.03125 0.034505208333333336
0 0.4827473958333333 0.021031697591145832 0.035807291666666664 0.029469807942708332
0 0.0288543701171875 0.2542317708333333 0.035471598307291664 0.036458333333333336
0 0.6484375 0.3896484375 0.037760416666666664 0.031901041666666664
0 0.1776123046875 0.5621744791666666 0.029541015625 0.029296875
0 0.24251302083333334 0.18896484375 0.061197916666666664 0.058268229166666664
0 0.25830078125 0.4049479166666667 0.037434895833333336 0.025390625
0 0.8131510416666666 0.040425618489583336 0.04296875 0.038777669270833336
0 0.5270182291666666 0.5589192708333334 0.037760416666666664 0.053385416666666664
0 0.9270833333333334 0.6321614583333334 0.04296875 0.039713541666666664
0 0.908203125 0.5445963541666666 0.02734375 0.0234375
0 0.8033854166666666 0.4677734375 0.024739583333333332 0.033203125
0 0.4918619791666667 0.23958333333333334 0.021484375 0.0322265625
0 0.040557861328125 0.16532389322916666 0.02777099609375 0.039143880208333336
0 0.634765625 0.24007161458333334 0.020833333333333332 0.027669270833333332
0 0.037465413411458336 0.3382975260416667 0.030375162760416668 0.020670572916666668
0 0.6998697916666666 0.3512369791666667 0.01953125 0.022786458333333332
0 0.990234375 0.6389973958333334 0.018229166666666668 0.028645833333333332
0 0.9134114583333334 0.6341145833333334 0.03515625 0.033854166666666664
0 0.35823441537467704 0.009215520025839793 0.02927164082687339 0.016149870801033594
0 0.13314559108527133 0.26912750322997414 0.025234173126615023 0.031290374677002575
0 0.30070050064599485 0.3241380006459948 0.03532784237726094 0.036337209302325535
