0 0.16800944010416666 0.7200520833333334 0.06892903645833333 0.078125
0 0.5963541666666666 0.5582682291666666 0.035807291666666664 0.046223958333333336
0 0.2861328125 0.051239013671875 0.04296875 0.04400634765625
0 0.2918294270833333 0.09977213541666667 0.060872395833333336 0.06917317708333333
0 0.625 0.56640625 0.047526041666666664 0.053385416666666664
0 0.5843098958333334 0.3658854166666667 0.039713541666666664 0.055989583333333336
0 0.4925130208333333 0.5462239583333334 0.048828125 0.04296875
0 0.23014322916666666 0.5201822916666666 0.060872395833333336 0.039713541666666664
0 0.14892578125 0.3453776041666667 0.032552083333333336 0.054036458333333336
0 0.5543619791666666 0.3645833333333333 0.031901041666666664 0.040364583333333336
0 0.4446614583333333 0.21940104166666666 0.044270833333333336 0.036458333333333336
0 0.3782552083333333 0.3074544270833333 0.029296875 0.030924479166666668
0 0.14127604166666666 0.68212890625 0.027669270833333332 0.035481770833333336
0 0.5377604166666666 0.3580729166666667 0.032552083333333336 0.029296875
0 0.7180989583333334 0.544921875 0.0234375 0.020833333333333332
0 0.412109375 0.2815755208333333 0.028645833333333332 0.0283203125
