0 0.6380208333333334 0.3108723958333333 0.046875 0.044596354166666664
0 0.689453125 0.12890625 0.040364583333333336 0.037923177083333336
0 0.4697265625 0.067108154296875 0.055338541666666664 0.05133056640625
0 0.6795247395833334 0.2613932291666667 0.052408854166666664 0.0380859375
0 0.6842447916666666 0.1806640625 0.052083333333333336 0.040364583333333336
0 0.6057942708333334 0.029958089192708332 0.03515625 0.034322102864583336
0 0.404296875 0.30908203125 0.040364583333333336 0.0478515625
0 0.5537109375 0.6266276041666666 0.048828125 0.043619791666666664
0 0.6443684895833334 0.11946614583333333 0.051106770833333336 0.03466796875
0 0.2615559895833333 0.5442708333333334 0.041666666666666664 0.042317708333333336
0 0.4212239583333333 0.2197265625 0.039713541666666664 0.038411458333333336
0 0.5859375 0.2594401041666667 0.043619791666666664 0.041015625
0 0.3019205729166667 0.8483072916666666 0.06868489583333333 0.05859375
0 0.45734667716408267 0.7400047440245477 0.04099543766149871 0.046415738049095566
0 0.25390625 0.578125 0.030598958333333332 0.03125
0 0.5611979166666666 0.21077473958333334 0.040364583333333336 0.0380859375
0 0.5491536458333334 0.4947916666666667 0.029947916666666668 0.028645833333333332
0 0.28369140625 0.7610677083333334 0.0498046875 0.040364583333333336
0 0.6539713541666666 0.4427083333333333 0.029296875 0.02734375
0 0.3477376302083333 0.24283854166666666 0.03369140625 0.028645833333333332
0 0.3912760416666667 0.7649739583333334 0.059244791666666664 0.049479166666666664
0 0.2635091145833333 0.7506510416666666 0.047526041666666664 0.049479166666666664
0 0.5774739583333334 0.019327799479166668 0.03125 0.038126627604166664
0 0.6298828125 0.20849609375 0.032552083333333336 0.023763020833333332
0 0.708984375 0.07877604166666667 0.028645833333333332 0.03515625
0 0.7486979166666666 0.24772135416666666 0.02734375 0.032877604166666664
0 0.2998046875 0.4886067708333333 0.027669270833333332 0.024088541666666668
0 0.2853190104166667 0.8502604166666666 0.048177083333333336 0.041666666666666664
0 0.5442708333333334 0.4505208333333333 0.03125 0.030598958333333332
0 0.5436197916666666 0.376953125 0.033854166666666664 0.026041666666666668
0 0.4108072916666667 0.08186848958333333 0.0390625 0.027669270833333332
0 0.4583333333333333 0.5384114583333334 0.024739583333333332 0.024739583333333332
0 0.46270389211886304 0.7662407138242894 0.04441214470284249 0.022206072351421174
