0 0.2503255208333333 0.27294921875 0.053385416666666664 0.0576171875
0 0.2732747395833333 0.030934651692708332 0.0517578125 0.057759602864583336
0 0.3129069010416667 0.059407552083333336 0.044759114583333336 0.037109375
0 0.2705078125 0.5677083333333334 0.04296875 0.044921875
0 0.77734375 0.4495442708333333 0.03515625 0.033203125
0 0.6435546875 0.14518229166666666 0.033854166666666664 0.036295572916666664
0 0.923828125 0.2685546875 0.032552083333333336 0.03125
0 0.5625 0.20768229166666666 0.052083333333333336 0.047200520833333336
0 0.4443359375 0.3606770833333333 0.039713541666666664 0.03125
0 0.734375 0.3097330729166667 0.03125 0.025716145833333332
0 0.2516276041666667 0.4573567708333333 0.036458333333333336 0.026041666666666668
0 0.7154947916666666 0.4095052083333333 0.0234375 0.02734375
0 0.6442057291666666 0.4075520833333333 0.022135416666666668 0.022786458333333332
0 0.7376302083333334 0.4583333333333333 0.0234375 0.026041666666666668
0 0.9069010416666666 0.14957682291666666 0.036458333333333336 0.025553385416666668
0 0.8899739583333334 0.23160807291666666 0.026041666666666668 0.021809895833333332
0 0.6451822916666666 0.3515625 0.041015625 0.020182291666666668
0 0.4759114583333333 0.029322306315104168 0.027994791666666668 0.023549397786458332
0 0.9303385416666666 0.18001302083333334 0.024739583333333332 0.021158854166666668
