0 0.4736328125 0.11702473958333333 0.029296875 0.038411458333333336
0 0.6873372395833334 0.3175455729166667 0.043294270833333336 0.0439453125
0 0.13838704427083334 0.3815104166666667 0.058512369791666664 0.055338541666666664
0 0.13981119791666666 0.4970703125 0.044921875 0.040364583333333336
0 0.08782958984375 0.4860026041666667 0.037882486979166664 0.051432291666666664
0 0.2716471354166667 0.14388020833333334 0.042643229166666664 0.02685546875
0 0.5553385416666666 0.42578125 0.036458333333333336 0.037760416666666664
0 0.6305338541666666 0.3567708333333333 0.033854166666666664 0.031901041666666664
0 0.802734375 0.630859375 0.04296875 0.040364583333333336
0 0.2783203125 0.23518880208333334 0.039713541666666664 0.0390625
0 0.9505208333333334 0.6188151041666666 0.04296875 0.026041666666666668
0 0.6178385416666666 0.20930989583333334 0.042317708333333336 0.026692708333333332
0 0.3642578125 0.20686848958333334 0.026041666666666668 0.026041666666666668
0 0.529296875 0.3502604166666667 0.029947916666666668 0.026692708333333332
0 0.7578125 0.3072916666666667 0.033854166666666664 0.027994791666666668
0 0.7942708333333334 0.583984375 0.040364583333333336 0.03515625
0 0.8268229166666666 0.147216796875 0.03125 0.026692708333333332
0 0.08756510416666667 0.15218098958333334 0.031901041666666664 0.029296875
0 0.559093386627907 0.3301828468184755 0.027242813307493414 0.03227703084625325
0 0.94921875 0.7102864583333334 0.03515625 0.03125
0 0.4664713541666667 0.21370442708333334 0.029947916666666668 0.022786458333333332
0 0.4397786458333333 0.16556803385416666 0.037760416666666664 0.035074869791666664
0 0.4772135416666667 0.1826171875 0.025390625 0.022786458333333332
0 0.419921875 0.14241536458333334 0.036458333333333336 0.0341796875
0 0.15421549479166666 0.279296875 0.02685546875 0.0234375
0 0.5751953125 0.22379557291666666 0.027994791666666668 0.022135416666666668
0 0.6658528645833334 0.24283854166666666 0.023763020833333332 0.025390625
0 0.5843098958333334 0.3313802083333333 0.035807291666666664 0.030598958333333332
0 0.5992838541666666 0.18180338541666666 0.031901041666666664 0.029296875
0 0.341064453125 0.3668619791666667 0.024251302083333332 0.022786458333333332
