0 0.95703125 0.09108479817708333 0.044270833333333336 0.0377197265625
0 0.20719401041666666 0.5003255208333334 0.056315104166666664 0.046223958333333336
0 0.9798177083333334 0.17093912760416666 0.040364583333333336 0.039632161458333336
0 0.16731770833333334 0.5651041666666666 0.044596354166666664 0.039713541666666664
0 0.9798177083333334 0.5345052083333334 0.033854166666666664 0.027994791666666668
0 0.6204427083333334 0.01055908203125 0.033203125 0.0211181640625
0 0.94921875 0.13427734375 0.046875 0.0361328125
0 0.94921875 0.4622395833333333 0.03125 0.03515625
0 0.935546875 0.17399088541666666 0.033854166666666664 0.028645833333333332
0 0.931640625 0.5221354166666666 0.0390625 0.026041666666666668
0 0.9674479166666666 0.5634765625 0.029947916666666668 0.025390625
0 0.9700520833333334 0.13435872395833334 0.032552083333333336 0.030110677083333332
0 0.2513020833333333 0.4212239583333333 0.034505208333333336 0.040364583333333336
