0 0.626953125 0.1513671875 0.04296875 0.040364583333333336
0 0.814453125 0.6048177083333334 0.044270833333333336 0.032552083333333336
0 0.6818033854166666 0.19856770833333334 0.0400390625 0.0380859375
0 0.8541666666666666 0.6311848958333334 0.04296875 0.036458333333333336
0 0.708984375 0.021240234375 0.046875 0.04248046875
0 0.5904947916666666 0.13688151041666666 0.04296875 0.039713541666666664
0 0.4130859375 0.4348958333333333 0.032552083333333336 0.037760416666666664
0 0.2926432291666667 0.5849609375 0.053059895833333336 0.056640625
0 0.6433919270833334 0.06717936197916667 0.0517578125 0.055908203125
0 0.2630208333333333 0.5680338541666666 0.040364583333333336 0.041666666666666664
0 0.6106770833333334 0.4573567708333333 0.030598958333333332 0.026041666666666668
0 0.24381510416666666 0.6126302083333334 0.0341796875 0.033203125
0 0.681640625 0.23486328125 0.02734375 0.041341145833333336
0 0.6725260416666666 0.014073689778645834 0.0546875 0.027353922526041668
0 0.4534505208333333 0.2794596354166667 0.028645833333333332 0.0322265625
0 0.9407552083333334 0.4069010416666667 0.02734375 0.027994791666666668
0 0.6796875 0.072021484375 0.028645833333333332 0.035807291666666664
0 0.6087239583333334 0.26171875 0.027994791666666668 0.0380859375
0 0.6946614583333334 0.2722981770833333 0.020833333333333332 0.039713541666666664
0 0.5543619791666666 0.3460286458333333 0.027994791666666668 0.028645833333333332
0 0.4020182291666667 0.4873046875 0.027994791666666668 0.024739583333333332
0 0.8725068636950905 0.3609798934108526 0.034318475452196275 0.023215439276485766
