0 0.630859375 0.039754231770833336 0.044921875 0.043131510416666664
0 0.337158203125 0.537109375 0.03662109375 0.0390625
0 0.623046875 0.4342447916666667 0.050130208333333336 0.042317708333333336
0 0.4847005208333333 0.09716796875 0.052083333333333336 0.039876302083333336
0 0.3553873697916667 0.4619140625 0.04443359375 0.038411458333333336
0 0.5335286458333334 0.015981038411458332 0.039713541666666664 0.031962076822916664
0 0.2747395833333333 0.7532552083333334 0.0478515625 0.052083333333333336
0 0.6848958333333334 0.20475260416666666 0.049479166666666664 0.0458984375
0 0.64453125 0.19759114583333334 0.037760416666666664 0.029622395833333332
0 0.3035481770833333 0.6678059895833334 0.036783854166666664 0.0380859375
0 0.69140625 0.3331705729166667 0.040364583333333336 0.033528645833333336
0 0.68798828125 0.08634440104166667 0.0458984375 0.061686197916666664
0 0.3074544270833333 0.75 0.045247395833333336 0.044270833333333336
0 0.6520182291666666 0.3209635416666667 0.031901041666666664 0.032552083333333336
0 0.4697265625 0.56640625 0.038411458333333336 0.043619791666666664
0 0.728515625 0.6188151041666666 0.033854166666666664 0.024739583333333332
0 0.4619140625 0.06781005859375 0.037760416666666664 0.0372314453125
0 0.2960611979166667 0.5335286458333334 0.031575520833333336 0.022135416666666668
0 0.4869791666666667 0.0615234375 0.039713541666666664 0.035319010416666664
0 0.6844075520833334 0.3948567708333333 0.0439453125 0.039713541666666664
0 0.6302083333333334 0.3955078125 0.048177083333333336 0.035807291666666664
0 0.327392578125 0.65283203125 0.035319010416666664 0.032877604166666664
0 0.6458333333333334 0.236328125 0.040364583333333336 0.040364583333333336
0 0.696548974483204 0.5979716771640827 0.027606185400516885 0.022796552002583976
0 0.7434895833333334 0.3333333333333333 0.01953125 0.032552083333333336
0 0.6396484375 0.26806640625 0.038411458333333336 0.0380859375
0 0.6953125 0.6214192708333334 0.03125 0.034505208333333336
0 0.6638505329457365 0.4018605155846253 0.035771963824289266 0.03431595203488369
0 0.6690058745155039 0.2705551265746124 0.033082000968992276 0.05231422601744188
0 0.3184407552083333 0.5055338541666666 0.030436197916666668 0.01953125
