0 0.3243815104166667 0.20735677083333334 0.035481770833333336 0.035807291666666664
0 0.7727864583333334 0.20703125 0.048177083333333336 0.054036458333333336
0 0.4759114583333333 0.055216471354166664 0.059895833333333336 0.060139973958333336
0 0.724609375 0.10660807291666667 0.041666666666666664 0.044270833333333336
0 0.7747395833333334 0.10506184895833333 0.040364583333333336 0.05029296875
0 0.7389322916666666 0.21272786458333334 0.041666666666666664 0.0537109375
0 0.6419270833333334 0.018107096354166668 0.044921875 0.036214192708333336
0 0.3570963541666667 0.201171875 0.027994791666666668 0.031575520833333336
0 0.259765625 0.5686848958333334 0.036458333333333336 0.028645833333333332
0 0.7239583333333334 0.18245442708333334 0.037760416666666664 0.0419921875
0 0.22965494791666666 0.5709635416666666 0.034505208333333336 0.029947916666666668
0 0.8307291666666666 0.5380859375 0.02734375 0.020182291666666668
0 0.8665364583333334 0.5224609375 0.029947916666666668 0.0234375
0 0.7604166666666666 0.4856770833333333 0.029947916666666668 0.021484375
0 0.9205729166666666 0.4586588541666667 0.022135416666666668 0.026041666666666668
0 0.6448946220930232 0.38924216731266154 0.02321543927648584 0.019177971576227398
0 0.9032925549095606 0.48412265826873385 0.021196705426356804 0.027252906976744207
