0 0.4798177083333333 0.07332356770833333 0.05078125 0.0634765625
0 0.6888020833333334 0.4150390625 0.040364583333333336 0.038411458333333336
0 0.25390625 0.734375 0.051432291666666664 0.0546875
0 0.6266276041666666 0.12646484375 0.049479166666666664 0.048665364583333336
0 0.68701171875 0.25244140625 0.049153645833333336 0.048502604166666664
0 0.68505859375 0.17610677083333334 0.056966145833333336 0.0458984375
0 0.4137369791666667 0.06348673502604167 0.053385416666666664 0.059712727864583336
0 0.732421875 0.22835286458333334 0.049479166666666664 0.06608072916666667
0 0.3011067708333333 0.470703125 0.038411458333333336 0.041015625
0 0.736328125 0.31494140625 0.057291666666666664 0.048502604166666664
0 0.7845052083333334 0.2532552083333333 0.029947916666666668 0.043619791666666664
0 0.6481119791666666 0.4117838541666667 0.046223958333333336 0.044921875
0 0.2643229166666667 0.4248046875 0.044596354166666664 0.0390625
0 0.4664713541666667 0.11490885416666667 0.046223958333333336 0.029622395833333332
0 0.2945963541666667 0.5944010416666666 0.0400390625 0.048828125
0 0.5693359375 0.12923177083333334 0.037760416666666664 0.034016927083333336
0 0.2685546875 0.4772135416666667 0.037760416666666664 0.034505208333333336
0 0.2967122395833333 0.4996744791666667 0.029947916666666668 0.033203125
0 0.2683919270833333 0.5764973958333334 0.033854166666666664 0.034505208333333336
0 0.6324869791666666 0.365234375 0.026041666666666668 0.031901041666666664
0 0.2555073582848837 0.8266286135335917 0.03578458091085265 0.03397024386304922
0 0.6471354166666666 0.0144195556640625 0.052083333333333336 0.028208414713541668
0 0.4241536458333333 0.016988118489583332 0.037109375 0.029541015625
0 0.20719401041666666 0.0849609375 0.034505208333333336 0.032877604166666664
0 0.2718098958333333 0.8470052083333334 0.0537109375 0.033854166666666664
0 0.7682291666666666 0.19303385416666666 0.024739583333333332 0.037109375
0 0.4762369791666667 0.017008463541666668 0.024739583333333332 0.02197265625
0 0.4469401041666667 0.3642578125 0.033203125 0.03125
0 0.3185221354166667 0.3655598958333333 0.0224609375 0.025390625
