0 0.6363932291666666 0.5387369791666666 0.041666666666666664 0.033854166666666664
0 0.6162109375 0.5712890625 0.048828125 0.032552083333333336
0 0.6178385416666666 0.169921875 0.041666666666666664 0.0361328125
0 0.6725260416666666 0.119140625 0.041666666666666664 0.036783854166666664
0 0.025258382161458332 0.9602864583333334 0.04583740234375 0.05859375
0 0.4453125 0.87890625 0.050130208333333336 0.044270833333333336
0 0.8255208333333334 0.4469401041666667 0.040364583333333336 0.035807291666666664
0 0.64794921875 0.8229166666666666 0.045247395833333336 0.041666666666666664
0 0.7786458333333334 0.7330729166666666 0.046875 0.036458333333333336
0 0.8190104166666666 0.4124348958333333 0.033854166666666664 0.02734375
0 0.6442057291666666 0.7669270833333334 0.026692708333333332 0.03125
0 0.6751302083333334 0.09073893229166667 0.036458333333333336 0.033365885416666664
0 0.7981770833333334 0.794921875 0.041666666666666664 0.048177083333333336
0 0.6370442708333334 0.783203125 0.02734375 0.032552083333333336
0 0.6360677083333334 0.7923177083333334 0.04296875 0.0234375
0 0.7610677083333334 0.8346354166666666 0.03125 0.037760416666666664
