0 0.857421875 0.08282470703125 0.041666666666666664 0.037801106770833336
0 0.93359375 0.07352701822916667 0.04296875 0.036865234375
0 0.833984375 0.4931640625 0.037760416666666664 0.042317708333333336
0 0.9739583333333334 0.3097330729166667 0.03515625 0.0263671875
0 0.7819010416666666 0.14485677083333334 0.028645833333333332 0.0341796875
0 0.24381510416666666 0.27294921875 0.027669270833333332 0.027669270833333332
0 0.9466145833333334 0.10904947916666667 0.026041666666666668 0.024739583333333332
0 0.085205078125 0.2776692708333333 0.035319010416666664 0.037434895833333336
0 0.11466471354166667 0.23323567708333334 0.023600260416666668 0.025716145833333332
0 0.8600260416666666 0.116455078125 0.03125 0.020345052083333332
0 0.9407552083333334 0.2693684895833333 0.044270833333333336 0.042643229166666664
0 0.010721842447916666 0.16109212239583334 0.021443684895833332 0.033935546875
0 0.4358723958333333 0.047566731770833336 0.024739583333333332 0.03271484375
0 0.9127604166666666 0.09684244791666667 0.026041666666666668 0.046712239583333336
0 0.95703125 0.23844401041666666 0.026041666666666668 0.029622395833333332
0 0.9694010416666666 0.20882161458333334 0.032552083333333336 0.023111979166666668
0 0.9088541666666666 0.056844075520833336 0.03125 0.022542317708333332
0 0.3981119791666667 0.049845377604166664 0.020833333333333332 0.0361328125
0 0.4270833333333333 0.208984375 0.020833333333333332 0.021158854166666668
0 0.6790364583333334 0.05810546875 0.0234375 0.020182291666666668
0 0.06148053940568473 0.1651627099483204 0.023215439276485766 0.019177971576227415
