0 0.4410807291666667 0.0771484375 0.051432291666666664 0.06103515625
0 0.689453125 0.2649739583333333 0.049479166666666664 0.048177083333333336
0 0.9700520833333334 0.4990234375 0.041666666666666664 0.034505208333333336
0 0.5777994791666666 0.03997802734375 0.050130208333333336 0.0467529296875
0 0.6171875 0.042510986328125 0.033854166666666664 0.039164225260416664
0 0.4853515625 0.0751953125 0.041015625 0.057779947916666664
0 0.3577473958333333 0.4182942708333333 0.039713541666666664 0.044270833333333336
0 0.6360677083333334 0.4244791666666667 0.051432291666666664 0.06380208333333333
0 0.6875 0.14628092447916666 0.041666666666666664 0.045003255208333336
0 0.3087565104166667 0.63671875 0.039713541666666664 0.041015625
0 0.6484375 0.2701822916666667 0.0390625 0.056966145833333336
0 0.2711588541666667 0.6328125 0.03515625 0.042317708333333336
0 0.1494140625 0.9833984375 0.038736979166666664 0.033203125
0 0.7942708333333334 0.099853515625 0.041666666666666664 0.05419921875
0 0.23014322916666666 0.9544270833333334 0.054036458333333336 0.048177083333333336
0 0.6712239583333334 0.3457845052083333 0.03125 0.04736328125
0 0.6363932291666666 0.3184407552083333 0.037109375 0.03173828125
0 0.4358723958333333 0.861328125 0.050130208333333336 0.036458333333333336
0 0.3916015625 0.9791666666666666 0.0546875 0.037760416666666664
0 0.7578125 0.974609375 0.033854166666666664 0.028645833333333332
0 0.4163411458333333 0.3870442708333333 0.030598958333333332 0.027994791666666668
0 0.6681315104166666 0.4381510416666667 0.029622395833333332 0.029947916666666668
0 0.7819010416666666 0.7786458333333334 0.029947916666666668 0.022135416666666668
0 0.9895833333333334 0.91015625 0.018229166666666668 0.026041666666666668
0 0.4905598958333333 0.14306640625 0.029947916666666668 0.026041666666666668
0 0.6360677083333334 0.5533854166666666 0.03125 0.03125
0 0.24332682291666666 0.8157552083333334 0.027994791666666668 0.036458333333333336
0 0.7733062822997416 0.5706380208333334 0.044270833333333336 0.03125
