0 0.11433919270833333 0.8893229166666666 0.051595052083333336 0.059895833333333336
0 0.023478190104166668 0.10791015625 0.046956380208333336 0.04052734375
0 0.6822916666666666 0.9381510416666666 0.045572916666666664 0.04296875
0 0.5026041666666666 0.9342447916666666 0.037109375 0.0390625
0 0.021326700846354168 0.8411458333333334 0.041330973307291664 0.0546875
0 0.054209391276041664 0.5432942708333334 0.03204345703125 0.033854166666666664
0 0.6822916666666666 0.86328125 0.03515625 0.041666666666666664
0 0.765625 0.8587239583333334 0.0546875 0.055989583333333336
0 0.032084147135416664 0.3160807291666667 0.047810872395833336 0.053385416666666664
0 0.6881510416666666 0.3006184895833333 0.041666666666666664 0.0361328125
0 0.038289388020833336 0.1839599609375 0.040283203125 0.045817057291666664
0 0.9459635416666666 0.5543619791666666 0.041666666666666664 0.035807291666666664
0 0.8385416666666666 0.347900390625 0.040364583333333336 0.029459635416666668
0 0.114013671875 0.451171875 0.050618489583333336 0.041015625
0 0.84765625 0.6015625 0.04296875 0.033854166666666664
0 0.027180989583333332 0.4944661458333333 0.03369140625 0.046875
0 0.3727213541666667 0.4567057291666667 0.042317708333333336 0.033854166666666664
0 0.6220703125 0.595703125 0.039713541666666664 0.029947916666666668
0 0.2545572916666667 0.927734375 0.042317708333333336 0.037760416666666664
0 0.014678955078125 0.27294921875 0.02935791015625 0.035807291666666664
0 0.060455322265625 0.8561197916666666 0.047220865885416664 0.041666666666666664
0 0.5504557291666666 0.4384765625 0.035807291666666664 0.03515625
0 0.02587890625 0.14412434895833334 0.051595052083333336 0.041178385416666664
0 0.011952718098958334 0.6805013020833334 0.023905436197916668 0.030924479166666668
0 0.02337646484375 0.5748697916666666 0.032755533854166664 0.039713541666666664
0 0.8307291666666666 0.6490885416666666 0.0390625 0.03515625
0 0.145751953125 0.900390625 0.037923177083333336 0.032552083333333336
0 0.5673828125 0.6785481770833334 0.038411458333333336 0.0244140625
0 0.6829427083333334 0.740234375 0.028645833333333332 0.040364583333333336
0 0.031458536783854164 0.062744140625 0.029774983723958332 0.024983723958333332
0 0.016377766927083332 0.3055013020833333 0.032755533854166664 0.044921875
0 0.061848958333333336 0.6295572916666666 0.020345052083333332 0.025390625
0 0.015782674153645832 0.4778645833333333 0.026702880859375 0.033854166666666664
0 0.39453125 0.7330729166666666 0.029947916666666668 0.020833333333333332
0 0.5774739583333334 0.9270833333333334 0.0234375 0.03125
0 0.1162109375 0.5400390625 0.019205729166666668 0.03515625
0 0.611328125 0.4671223958333333 0.026692708333333332 0.018880208333333332
0 0.5504557291666666 0.5869140625 0.022135416666666668 0.01953125
0 0.08990478515625 0.1658935546875 0.0257568359375 0.021402994791666668
