0 0.7415364583333334 0.16410319010416666 0.0390625 0.038330078125
0 0.49609375 0.13859049479166666 0.057942708333333336 0.052897135416666664
0 0.681640625 0.5139973958333334 0.040364583333333336 0.042317708333333336
0 0.3977864583333333 0.2931315104166667 0.042317708333333336 0.036458333333333336
0 0.65478515625 0.5833333333333334 0.0498046875 0.041015625
0 0.019694010416666668 0.9485677083333334 0.039388020833333336 0.05078125
0 0.7799479166666666 0.3053385416666667 0.053385416666666664 0.044921875
0 0.2823893229166667 0.888671875 0.056966145833333336 0.055989583333333336
0 0.7135416666666666 0.7903645833333334 0.033854166666666664 0.040364583333333336
0 0.6888020833333334 0.4251302083333333 0.044270833333333336 0.047526041666666664
0 0.55078125 0.67919921875 0.036458333333333336 0.0361328125
0 0.6927083333333334 0.5735677083333334 0.03515625 0.04296875
0 0.7786458333333334 0.265625 0.041666666666666664 0.033528645833333336
0 0.68798828125 0.232421875 0.051106770833333336 0.060546875
0 0.6145833333333334 0.18473307291666666 0.0390625 0.032552083333333336
0 0.6399739583333334 0.155029296875 0.052083333333333336 0.03857421875
0 0.6481119791666666 0.21907552083333334 0.034505208333333336 0.039388020833333336
0 0.3938802083333333 0.08121744791666667 0.044921875 0.030436197916666668
0 0.501953125 0.021886189778645832 0.038411458333333336 0.030771891276041668
0 0.638671875 0.24918619791666666 0.041666666666666664 0.051106770833333336
0 0.4886067708333333 0.24820963541666666 0.051432291666666664 0.044596354166666664
0 0.7369791666666666 0.416015625 0.03515625 0.039713541666666664
0 0.474609375 0.2872721354166667 0.0625 0.054361979166666664
0 0.3831380208333333 0.8528645833333334 0.03515625 0.029947916666666668
0 0.4303385416666667 0.5022786458333334 0.045572916666666664 0.049479166666666664
0 0.8131510416666666 0.4427083333333333 0.036458333333333336 0.042317708333333336
0 0.24332682291666666 0.939453125 0.061197916666666664 0.055989583333333336
0 0.01470947265625 0.1904296875 0.0294189453125 0.035807291666666664
0 0.3805338541666667 0.124755859375 0.029947916666666668 0.030598958333333332
0 0.6175130208333334 0.051890055338541664 0.043619791666666664 0.04205322265625
0 0.4970703125 0.18233235677083334 0.054036458333333336 0.041910807291666664
0 0.4759114583333333 0.20963541666666666 0.056640625 0.05859375
0 0.5063161135335917 0.050482225048449625 0.050130208333333336 0.04085286458333336
0 0.6888020833333334 0.8541666666666666 0.03125 0.04296875
0 0.609375 0.6673177083333334 0.026692708333333332 0.029947916666666668
0 0.9524739583333334 0.9069010416666666 0.03125 0.033854166666666664
0 0.50390625 0.09830729166666667 0.044270833333333336 0.033040364583333336
0 0.3147786458333333 0.4749348958333333 0.027994791666666668 0.029947916666666668
0 0.6712239583333334 0.9833984375 0.03515625 0.033203125
0 0.4036458333333333 0.2548828125 0.036458333333333336 0.046875
0 0.06473795572916667 0.9596354166666666 0.032877604166666664 0.052083333333333336
0 0.6432291666666666 0.047770182291666664 0.029296875 0.046712239583333336
0 0.4137369791666667 0.5179036458333334 0.036458333333333336 0.029296875
0 0.027196248372395832 0.9765625 0.030893961588541668 0.033854166666666664
0 0.65234375 0.12809244791666666 0.026041666666666668 0.032877604166666664
0 0.6197916666666666 0.17431640625 0.046875 0.0361328125
0 0.6901041666666666 0.5475260416666666 0.024739583333333332 0.026692708333333332
0 0.224609375 0.9537760416666666 0.0302734375 0.037760416666666664
0 0.9563802083333334 0.9739583333333334 0.033854166666666664 0.026041666666666668
0 0.6645495195413437 0.8587037709948321 0.028317789082687266 0.035115875322997425
0 0.5911458333333334 0.4208984375 0.0234375 0.024088541666666668
0 0.5010598352713178 0.07331031976744186 0.04844961240310086 0.03330910852713178
0 0.2941396156330749 0.5118802487080103 0.01614987080103362 0.012112403100775179
