0 0.48828125 0.5192057291666666 0.04296875 0.041015625
0 0.447265625 0.5559895833333334 0.045572916666666664 0.042317708333333336
0 0.3889973958333333 0.5569661458333334 0.050130208333333336 0.048828125
0 0.650390625 0.6077473958333334 0.045572916666666664 0.039713541666666664
0 0.6259765625 0.16861979166666666 0.055989583333333336 0.0478515625
0 0.6318359375 0.5465494791666666 0.044270833333333336 0.044921875
0 0.529296875 0.6184895833333334 0.043619791666666664 0.037109375
0 0.6474609375 0.427734375 0.050130208333333336 0.056640625
0 0.6315104166666666 0.5022786458333334 0.046223958333333336 0.043619791666666664
0 0.7698063024870799 0.38190406976744184 0.047939882105943056 0.058078972868217026
0 0.5491536458333334 0.5826822916666666 0.036458333333333336 0.041666666666666664
0 0.5768229166666666 0.576171875 0.043619791666666664 0.040364583333333336
0 0.023457845052083332 0.9173177083333334 0.046915690104166664 0.041666666666666664
0 0.6149088541666666 0.9602864583333334 0.039713541666666664 0.044270833333333336
0 0.8795572916666666 0.7513020833333334 0.040364583333333336 0.036458333333333336
0 0.7805989583333334 0.7903645833333334 0.033854166666666664 0.05078125
0 0.763671875 0.5276692708333334 0.057291666666666664 0.045572916666666664
0 0.014424641927083334 0.8489583333333334 0.028849283854166668 0.048177083333333336
0 0.6822916666666666 0.4951171875 0.036458333333333336 0.026692708333333332
0 0.986328125 0.9602864583333334 0.02734375 0.03515625
0 0.5891927083333334 0.619140625 0.025390625 0.032552083333333336
0 0.767578125 0.470703125 0.033854166666666664 0.03515625
0 0.022257486979166668 0.5794270833333334 0.034830729166666664 0.04296875
0 0.03557876468628873 0.736000080749354 0.034644311712693776 0.042312661498708014
0 0.7005208333333334 0.7610677083333334 0.032552083333333336 0.041666666666666664
0 0.6857096354166666 0.5406901041666666 0.0478515625 0.046875
0 0.4505208333333333 0.978515625 0.042317708333333336 0.04296875
0 0.6520182291666666 0.783203125 0.027994791666666668 0.046875
0 0.453125 0.5152994791666666 0.030598958333333332 0.043619791666666664
0 0.017796834309895832 0.552734375 0.027638753255208332 0.029947916666666668
0 0.51953125 0.849609375 0.039713541666666664 0.022135416666666668
0 0.7428385416666666 0.810546875 0.0234375 0.033854166666666664
0 0.474609375 0.4869791666666667 0.030598958333333332 0.02734375
0 0.5921223958333334 0.931640625 0.032552083333333336 0.026041666666666668
0 0.1083984375 0.9811197916666666 0.0419921875 0.037760416666666664
0 0.115234375 0.908203125 0.033528645833333336 0.041666666666666664
0 0.0177459716796875 0.734375 0.029205322265625 0.03515625
0 0.7410242046188631 0.37433381782945735 0.03282965923772618 0.04293846899224807
0 0.6305338541666666 0.9192708333333334 0.038411458333333336 0.037760416666666664
