0 0.671875 0.5970052083333334 0.03515625 0.028645833333333332
0 0.705078125 0.5930989583333334 0.040364583333333336 0.039713541666666664
0 0.2763671875 0.18863932291666666 0.041015625 0.0419921875
0 0.908203125 0.80078125 0.045572916666666664 0.036458333333333336
0 0.5289713541666666 0.255859375 0.039713541666666664 0.036458333333333336
0 0.4742838541666667 0.3138020833333333 0.04296875 0.037434895833333336
0 0.5426432291666666 0.5719401041666666 0.033203125 0.039713541666666664
0 0.2819010416666667 0.13826497395833334 0.053385416666666664 0.05810546875
0 0.4420572916666667 0.010340372721354166 0.045572916666666664 0.020680745442708332
0 0.283203125 0.4417317708333333 0.0537109375 0.046223958333333336
0 0.2848307291666667 0.022786458333333332 0.043294270833333336 0.035441080729166664
0 0.849609375 0.7506510416666666 0.037760416666666664 0.029947916666666668
0 0.2732747395833333 0.5872395833333334 0.04296875 0.033203125
0 0.2864583333333333 0.052571614583333336 0.047526041666666664 0.037923177083333336
0 0.2923177083333333 0.08473714192708333 0.042643229166666664 0.0538330078125
0 0.44140625 0.5436197916666666 0.037760416666666664 0.034505208333333336
0 0.22216796875 0.2517903645833333 0.027669270833333332 0.03125
0 0.3606770833333333 0.4876302083333333 0.032552083333333336 0.031901041666666664
