0 0.6315104166666666 0.16764322916666666 0.059895833333333336 0.08430989583333333
0 0.4401041666666667 0.71484375 0.043619791666666664 0.04296875
0 0.5598958333333334 0.09830729166666667 0.057942708333333336 0.04931640625
0 0.3186848958333333 0.5794270833333334 0.037760416666666664 0.04296875
0 0.6471354166666666 0.2451171875 0.049479166666666664 0.054036458333333336
0 0.505859375 0.114990234375 0.056640625 0.052571614583333336
0 0.3922526041666667 0.5498046875 0.041666666666666664 0.042317708333333336
0 0.3133138020833333 0.779296875 0.0419921875 0.045572916666666664
0 0.3084309895833333 0.6246744791666666 0.053059895833333336 0.047526041666666664
0 0.6022135416666666 0.5266927083333334 0.041666666666666664 0.039713541666666664
0 0.513671875 0.21402994791666666 0.03515625 0.0341796875
0 0.3688151041666667 0.5113932291666666 0.043619791666666664 0.044921875
0 0.6204427083333334 0.029093424479166668 0.059895833333333336 0.043538411458333336
0 0.6315104166666666 0.06730143229166667 0.044921875 0.04052734375
0 0.2586263020833333 0.9016927083333334 0.042317708333333336 0.0390625
0 0.6383463541666666 0.105224609375 0.042317708333333336 0.052734375
0 0.5445963541666666 0.5234375 0.040364583333333336 0.030598958333333332
0 0.4619216327519379 0.46886229207041347 0.05203286498708012 0.053736171673126686
0 0.3368326822916667 0.6328125 0.039225260416666664 0.059895833333333336
0 0.5358072916666666 0.4052734375 0.035807291666666664 0.029296875
0 0.5882161458333334 0.6946614583333334 0.032552083333333336 0.026041666666666668
0 0.5826822916666666 0.3802083333333333 0.0390625 0.038411458333333336
0 0.4085286458333333 0.4895833333333333 0.030598958333333332 0.032552083333333336
0 0.66015625 0.020670572916666668 0.026041666666666668 0.041341145833333336
0 0.5045572916666666 0.6736653645833334 0.033203125 0.031575520833333336
0 0.3345540364583333 0.7506510416666666 0.034016927083333336 0.040364583333333336
0 0.359375 0.765625 0.034505208333333336 0.061197916666666664
0 0.42578125 0.2513020833333333 0.032552083333333336 0.0234375
0 0.6888020833333334 0.6149088541666666 0.0234375 0.033203125
0 0.7513020833333334 0.26708984375 0.040364583333333336 0.029622395833333332
0 0.28955078125 0.2962239583333333 0.030924479166666668 0.031901041666666664
0 0.40234375 0.57421875 0.029947916666666668 0.03515625
0 0.6149088541666666 0.3870442708333333 0.03515625 0.025390625
0 0.4521484375 0.44140625 0.05078125 0.03515625
0 0.775390625 0.011250813802083334 0.036458333333333336 0.022501627604166668
