0 0.4700520833333333 0.10805257161458333 0.0625 0.07132975260416667
0 0.4537760416666667 0.060089111328125 0.061848958333333336 0.04583740234375
0 0.681640625 0.48046875 0.045572916666666664 0.046223958333333336
0 0.4775390625 0.02142333984375 0.039713541666666664 0.0428466796875
0 0.6376953125 0.1751708984375 0.035807291666666664 0.037027994791666664
0 0.6875 0.11686197916666667 0.028645833333333332 0.0361328125
0 0.7434895833333334 0.4475911458333333 0.03125 0.024088541666666668
0 0.697265625 0.6422526041666666 0.03125 0.03125
0 0.6389973958333334 0.2841796875 0.042317708333333336 0.034830729166666664
0 0.5807291666666666 0.09798177083333333 0.052083333333333336 0.02587890625
0 0.6455078125 0.4710286458333333 0.035807291666666664 0.026041666666666668
0 0.443359375 0.021158854166666668 0.039713541666666664 0.042317708333333336
0 0.5416666666666666 0.349609375 0.024088541666666668 0.0234375
0 0.5901692708333334 0.16849772135416666 0.026692708333333332 0.028238932291666668
0 0.71875 0.4225260416666667 0.036458333333333336 0.026041666666666668
0 0.5817057291666666 0.24251302083333334 0.044270833333333336 0.027669270833333332
0 0.78515625 0.4586588541666667 0.020833333333333332 0.028645833333333332
0 0.375 0.09181722005208333 0.0234375 0.0308837890625
0 0.5621744791666666 0.3753255208333333 0.026692708333333332 0.025390625
0 0.6881510416666666 0.20328776041666666 0.036458333333333336 0.0380859375
0 0.5869140625 0.3214518229166667 0.029947916666666668 0.01953125
