0 0.4713541666666667 0.09000651041666667 0.057291666666666664 0.055013020833333336
0 0.23909505208333334 0.7369791666666666 0.051432291666666664 0.057291666666666664
0 0.6608072916666666 0.3492838541666667 0.049479166666666664 0.05078125
0 0.4163411458333333 0.10219319661458333 0.045572916666666664 0.043986002604166664
0 0.7057291666666666 0.4827473958333333 0.057291666666666664 0.055338541666666664
0 0.67626953125 0.21663411458333334 0.047200520833333336 0.037109375
0 0.6617838541666666 0.24088541666666666 0.043619791666666664 0.037434895833333336
0 0.4993489583333333 0.24544270833333334 0.039713541666666664 0.041666666666666664
0 0.6783854166666666 0.6438802083333334 0.033854166666666664 0.035807291666666664
0 0.4609375 0.0396728515625 0.059244791666666664 0.06754557291666667
0 0.6175130208333334 0.3499348958333333 0.035807291666666664 0.050130208333333336
0 0.2737630208333333 0.5439453125 0.040364583333333336 0.041015625
0 0.7044270833333334 0.29052734375 0.024739583333333332 0.047200520833333336
0 0.3834635416666667 0.53515625 0.041015625 0.033203125
0 0.5745442708333334 0.013432820638020834 0.057291666666666664 0.023264567057291668
0 0.640625 0.4046223958333333 0.038411458333333336 0.024739583333333332
0 0.818359375 0.8828125 0.04296875 0.03125
0 0.6357421875 0.10831705729166667 0.033854166666666664 0.0234375
0 0.7330729166666666 0.5026041666666666 0.028645833333333332 0.03125
0 0.673828125 0.4690755208333333 0.033854166666666664 0.035807291666666664
0 0.3258463541666667 0.4244791666666667 0.028645833333333332 0.02734375
0 0.67138671875 0.3059895833333333 0.027018229166666668 0.032552083333333336
0 0.4059244791666667 0.2620442708333333 0.026041666666666668 0.024088541666666668
0 0.5621744791666666 0.10042317708333333 0.01953125 0.0361328125
0 0.4430338541666667 0.4977213541666667 0.020182291666666668 0.021484375
