0 0.650390625 0.91796875 0.044270833333333336 0.04296875
0 0.6324869791666666 0.6632486979166666 0.036458333333333336 0.0419921875
0 0.5966796875 0.6673177083333334 0.032552083333333336 0.040364583333333336
0 0.6848958333333334 0.12703450520833334 0.028645833333333332 0.0380859375
0 0.5716145833333334 0.08577473958333333 0.038411458333333336 0.0390625
0 0.7682291666666666 0.7936197916666666 0.0390625 0.04296875
0 0.4899088541666667 0.9283854166666666 0.044270833333333336 0.046875
0 0.669921875 0.3561197916666667 0.037760416666666664 0.031901041666666664
0 0.65185546875 0.8723958333333334 0.034830729166666664 0.03515625
0 0.76953125 0.8997395833333334 0.036458333333333336 0.033854166666666664
0 0.5677083333333334 0.17301432291666666 0.024088541666666668 0.02734375
0 0.5348307291666666 0.5914713541666666 0.02734375 0.022786458333333332
0 0.5638020833333334 0.9134114583333334 0.041015625 0.04296875
0 0.73828125 0.9029947916666666 0.028645833333333332 0.033854166666666664
0 0.6311848958333334 0.1181640625 0.032552083333333336 0.026692708333333332
0 0.77734375 0.86328125 0.033854166666666664 0.033854166666666664
0 0.4361979166666667 0.9765625 0.037109375 0.037760416666666664
0 0.5625 0.061482747395833336 0.027994791666666668 0.030517578125
0 0.7096354166666666 0.3619791666666667 0.01953125 0.032552083333333336
0 0.96484375 0.4248046875 0.026041666666666668 0.027994791666666668
0 0.6363932291666666 0.09440104166666667 0.03125 0.03076171875
0 0.6002604166666666 0.19856770833333334 0.030598958333333332 0.0283203125
0 0.5494791666666666 0.8938802083333334 0.02734375 0.024739583333333332
0 0.8014322916666666 0.5319010416666666 0.02734375 0.024739583333333332
0 0.7962996608527132 0.5901061854005167 0.01917797157622747 0.02119670542635658
