0 0.5699869791666666 0.5582682291666666 0.057942708333333336 0.038411458333333336
0 0.7298177083333334 0.08642578125 0.049479166666666664 0.05029296875
0 0.5598958333333334 0.4755859375 0.04296875 0.040364583333333336
0 0.30419921875 0.3382161458333333 0.05078125 0.046875
0 0.2736002604166667 0.5403645833333334 0.045572916666666664 0.057942708333333336
0 0.8111979166666666 0.3424479166666667 0.046875 0.037760416666666664
0 0.4222005208333333 0.23421223958333334 0.039713541666666664 0.032552083333333336
0 0.68408203125 0.06468709309895833 0.0498046875 0.053080240885416664
0 0.7252604166666666 0.4990234375 0.045572916666666664 0.037760416666666664
0 0.68603515625 0.19368489583333334 0.044596354166666664 0.035481770833333336
0 0.3040364583333333 0.5667317708333334 0.047526041666666664 0.052083333333333336
0 0.7174479166666666 0.044230143229166664 0.033854166666666664 0.034586588541666664
0 0.6331380208333334 0.16328938802083334 0.033854166666666664 0.027913411458333332
0 0.6223958333333334 0.24235026041666666 0.053385416666666664 0.0341796875
0 0.2713216145833333 0.3038736979166667 0.041015625 0.021158854166666668
0 0.6796875 0.4475911458333333 0.0390625 0.028645833333333332
0 0.3824869791666667 0.23665364583333334 0.041666666666666664 0.037109375
0 0.6765950520833334 0.106201171875 0.0322265625 0.034016927083333336
0 0.634765625 0.0572509765625 0.030598958333333332 0.024983723958333332
0 0.012034098307291666 0.4609375 0.024068196614583332 0.037109375
0 0.23470052083333334 0.3525390625 0.0322265625 0.0234375
0 0.08121744791666667 0.3087565104166667 0.032063802083333336 0.023111979166666668
0 0.8587239583333334 0.64453125 0.04296875 0.027994791666666668
0 0.4534505208333333 0.6692708333333334 0.02734375 0.0234375
