0 0.07535807291666667 0.3746744791666667 0.03759765625 0.038411458333333336
0 0.9108072916666666 0.046864827473958336 0.05078125 0.048685709635416664
0 0.8079427083333334 0.26220703125 0.036458333333333336 0.030598958333333332
0 0.059163411458333336 0.2599283854166667 0.031087239583333332 0.0361328125
0 0.059163411458333336 0.07130940755208333 0.027994791666666668 0.030558268229166668
0 0.9453125 0.039469401041666664 0.03515625 0.047037760416666664
0 0.69140625 0.342041015625 0.044270833333333336 0.032063802083333336
0 0.7779947916666666 0.14567057291666666 0.03515625 0.03271484375
0 0.11043294270833333 0.3951822916666667 0.03271484375 0.032552083333333336
0 0.4993489583333333 0.22965494791666666 0.036458333333333336 0.030598958333333332
0 0.94921875 0.07405598958333333 0.032552083333333336 0.034993489583333336
0 0.24235026041666666 0.27197265625 0.030598958333333332 0.030924479166666668
0 0.7799479166666666 0.2779947916666667 0.02734375 0.021484375
0 0.4498697916666667 0.1162109375 0.029296875 0.033040364583333336
0 0.12972005208333334 0.287109375 0.0244140625 0.0244140625
0 0.15873209635416666 0.020502726236979168 0.039632161458333336 0.031260172526041664
0 0.2643229166666667 0.2786458333333333 0.01953125 0.030598958333333332
0 0.6940104166666666 0.3189290364583333 0.0390625 0.031412760416666664
0 0.9811197916666666 0.07904052734375 0.037760416666666664 0.0260009765625
