0 0.24365234375 0.4944661458333333 0.046875 0.041666666666666664
0 0.451171875 0.15157063802083334 0.052734375 0.054931640625
0 0.2747395833333333 0.6466471354166666 0.060872395833333336 0.042643229166666664
0 0.708984375 0.4677734375 0.049479166666666664 0.052734375
0 0.3792317708333333 0.3108723958333333 0.044270833333333336 0.0380859375
0 0.78125 0.7076822916666666 0.048177083333333336 0.044270833333333336
0 0.4527994791666667 0.09375 0.05859375 0.0595703125
0 0.6389973958333334 0.031819661458333336 0.068359375 0.062255859375
0 0.283203125 0.48046875 0.040364583333333336 0.037109375
0 0.8893229166666666 0.7102864583333334 0.036458333333333336 0.03515625
0 0.873046875 0.09531656901041667 0.057291666666666664 0.06717936197916667
0 0.2978515625 0.6824544270833334 0.046223958333333336 0.049153645833333336
0 0.64794921875 0.2825520833333333 0.042643229166666664 0.038736979166666664
0 0.66015625 0.4622395833333333 0.037760416666666664 0.04296875
0 0.6433919270833334 0.14029947916666666 0.053059895833333336 0.050944010416666664
0 0.6145833333333334 0.2888997395833333 0.036458333333333336 0.052734375
0 0.671875 0.22705078125 0.045572916666666664 0.049479166666666664
0 0.974609375 0.4518229166666667 0.03515625 0.041015625
0 0.69140625 0.22412109375 0.046875 0.049153645833333336
0 0.8430989583333334 0.4485677083333333 0.036458333333333336 0.029947916666666668
0 0.4033203125 0.3489583333333333 0.037760416666666664 0.03125
0 0.6331380208333334 0.189453125 0.038411458333333336 0.0419921875
0 0.12939453125 0.3753255208333333 0.044596354166666664 0.027994791666666668
0 0.24869791666666666 0.6555989583333334 0.029296875 0.0390625
0 0.09600830078125 0.4274088541666667 0.038126627604166664 0.0234375
0 0.4244791666666667 0.4000651041666667 0.037109375 0.030598958333333332
0 0.8684895833333334 0.4606119791666667 0.0234375 0.037109375
0 0.8671875 0.7799479166666666 0.028645833333333332 0.024739583333333332
0 0.595703125 0.3412272135416667 0.024088541666666668 0.028483072916666668
0 0.7200520833333334 0.4371744791666667 0.02734375 0.036458333333333336
0 0.4208984375 0.4241536458333333 0.030598958333333332 0.036458333333333336
0 0.6334635416666666 0.4954427083333333 0.025390625 0.021484375
