0 0.693359375 0.3333333333333333 0.037760416666666664 0.039713541666666664
0 0.4755859375 0.236328125 0.047526041666666664 0.040364583333333336
0 0.3553873697916667 0.8919270833333334 0.051595052083333336 0.07291666666666667
0 0.2662760416666667 0.8697916666666666 0.050130208333333336 0.05078125
0 0.27587890625 0.4072265625 0.038736979166666664 0.040364583333333336
0 0.6315104166666666 0.038472493489583336 0.06966145833333333 0.0655517578125
0 0.6515299479166666 0.3475748697916667 0.0537109375 0.04638671875
0 0.2706705729166667 0.5546875 0.045247395833333336 0.041015625
0 0.3092447916666667 0.4430338541666667 0.0419921875 0.030598958333333332
0 0.7278645833333334 0.18509928385416666 0.052083333333333336 0.047119140625
0 0.2716471354166667 0.4544270833333333 0.046549479166666664 0.051432291666666664
0 0.5524088541666666 0.044871012369791664 0.024739583333333332 0.04583740234375
0 0.69140625 0.208984375 0.03515625 0.035481770833333336
0 0.4710286458333333 0.019195556640625 0.057942708333333336 0.03839111328125
0 0.3404947916666667 0.857421875 0.032552083333333336 0.037760416666666664
0 0.3873697916666667 0.3863932291666667 0.029947916666666668 0.028645833333333332
0 0.23470052083333334 0.5817057291666666 0.019856770833333332 0.030598958333333332
0 0.5813802083333334 0.0170135498046875 0.035807291666666664 0.032623291015625
0 0.8802083333333334 0.5511067708333334 0.032552083333333336 0.024739583333333332
0 0.5865885416666666 0.6920572916666666 0.035807291666666664 0.026041666666666668
0 0.2600911458333333 0.9827473958333334 0.0380859375 0.034505208333333336
0 0.697265625 0.15938313802083334 0.033854166666666664 0.047770182291666664
0 0.014704386393229166 0.5048828125 0.023732503255208332 0.025390625
0 0.6803385416666666 0.4274088541666667 0.022135416666666668 0.033854166666666664
0 0.020172119140625 0.21598307291666666 0.030375162760416668 0.025065104166666668
0 0.5048828125 0.015492757161458334 0.037760416666666664 0.030985514322916668
0 0.24527994791666666 0.5501302083333334 0.031901041666666664 0.039713541666666664
