0 0.9596354166666666 0.3251953125 0.045572916666666664 0.039713541666666664
0 0.16593424479166666 0.22135416666666666 0.04345703125 0.032877604166666664
0 0.857421875 0.08304850260416667 0.045572916666666664 0.042236328125
0 0.2893880208333333 0.17317708333333334 0.028645833333333332 0.037760416666666664
0 0.16389973958333334 0.072509765625 0.039388020833333336 0.033528645833333336
0 0.9576822916666666 0.3561197916666667 0.033854166666666664 0.036458333333333336
0 0.8268229166666666 0.041656494140625 0.041666666666666664 0.031107584635416668
0 0.9811197916666666 0.5615234375 0.03515625 0.049479166666666664
0 0.921875 0.2861328125 0.044270833333333336 0.035481770833333336
0 0.95703125 0.5462239583333334 0.04296875 0.037109375
0 0.9459635416666666 0.2859700520833333 0.032552083333333336 0.035481770833333336
0 0.912109375 0.5244140625 0.040364583333333336 0.028645833333333332
0 0.984375 0.06363932291666667 0.028645833333333332 0.033284505208333336
0 0.4576822916666667 0.20882161458333334 0.035807291666666664 0.027669270833333332
0 0.8294270833333334 0.08632405598958333 0.026041666666666668 0.033406575520833336
0 0.3987630208333333 0.033304850260416664 0.03515625 0.0238037109375
0 0.552734375 0.21728515625 0.02734375 0.024088541666666668
