0 0.4866536458333333 0.023295084635416668 0.041666666666666664 0.0430908203125
0 0.148681640625 0.4586588541666667 0.040852864583333336 0.040364583333333336
0 0.439453125 0.031641642252604164 0.043619791666666664 0.037221272786458336
0 0.5647786458333334 0.2952473958333333 0.037109375 0.0419921875
0 0.1240234375 0.4964192708333333 0.043619791666666664 0.041666666666666664
0 0.6643880208333334 0.14029947916666666 0.041015625 0.039713541666666664
0 0.6927083333333334 0.1759033203125 0.041666666666666664 0.041422526041666664
0 0.24723307291666666 0.3516438802083333 0.048502604166666664 0.051920572916666664
0 0.6827799479166666 0.026753743489583332 0.055013020833333336 0.047566731770833336
0 0.67919921875 0.21598307291666666 0.0478515625 0.04296875
0 0.2692057291666667 0.5458984375 0.041341145833333336 0.061197916666666664
0 0.6847330729166666 0.2970377604166667 0.047200520833333336 0.046549479166666664
0 0.22526041666666666 0.5419921875 0.0478515625 0.055989583333333336
0 0.5501302083333334 0.040334065755208336 0.024088541666666668 0.05328369140625
0 0.7141927083333334 0.027435302734375 0.04296875 0.04669189453125
0 0.41796875 0.1923828125 0.046875 0.05078125
0 0.7141927083333334 0.5387369791666666 0.032552083333333336 0.029947916666666668
0 0.6907552083333334 0.10506184895833333 0.0390625 0.026204427083333332
0 0.6028645833333334 0.01092529296875 0.059244791666666664 0.021443684895833332
0 0.4007161458333333 0.189453125 0.043619791666666664 0.034505208333333336
0 0.5061848958333334 0.12125651041666667 0.031901041666666664 0.034016927083333336
0 0.3225911458333333 0.3243001302083333 0.035807291666666664 0.024576822916666668
0 0.6376953125 0.22493489583333334 0.029296875 0.026041666666666668
0 0.09364827473958333 0.546875 0.023966471354166668 0.02734375
