0 0.4612630208333333 0.033854166666666664 0.06770833333333333 0.06770833333333333
0 0.111083984375 0.4290364583333333 0.05615234375 0.0546875
0 0.4212239583333333 0.10188802083333333 0.045572916666666664 0.05615234375
0 0.8333333333333334 0.3245442708333333 0.05078125 0.051432291666666664
0 0.4313151041666667 0.21321614583333334 0.05078125 0.049479166666666664
0 0.6953125 0.1904296875 0.040364583333333336 0.041015625
0 0.10677083333333333 0.5029296875 0.044921875 0.032552083333333336
0 0.6736653645833334 0.3990885416666667 0.0380859375 0.04296875
0 0.9140625 0.6731770833333334 0.0546875 0.049479166666666664
0 0.890625 0.4124348958333333 0.0234375 0.037760416666666664
0 0.611328125 0.039621988932291664 0.028645833333333332 0.044942220052083336
0 0.63671875 0.10986328125 0.0390625 0.039225260416666664
0 0.6730143229166666 0.2197265625 0.028971354166666668 0.026692708333333332
0 0.4931640625 0.5188802083333334 0.025390625 0.025390625
0 0.5699869791666666 0.21695963541666666 0.048828125 0.038736979166666664
0 0.5911458333333334 0.07423909505208333 0.03515625 0.033162434895833336
0 0.1962890625 0.4378255208333333 0.036783854166666664 0.025390625
0 0.7584635416666666 0.15812174479166666 0.032552083333333336 0.03271484375
0 0.7655543443152455 0.5127621830587855 0.0443313953488372 0.036592074450904365
