0 0.4912109375 0.4280598958333333 0.044921875 0.037109375
0 0.4798177083333333 0.2607421875 0.044921875 0.044596354166666664
0 0.0723876953125 0.412109375 0.042561848958333336 0.045572916666666664
0 0.908203125 0.6442057291666666 0.037760416666666664 0.037109375
0 0.6360677083333334 0.15323893229166666 0.038411458333333336 0.037923177083333336
0 0.5345052083333334 0.36328125 0.041015625 0.039713541666666664
0 0.9602864583333334 0.4274088541666667 0.0390625 0.037109375
0 0.458984375 0.10416666666666667 0.0390625 0.028645833333333332
0 0.5501302083333334 0.66796875 0.039713541666666664 0.0390625
0 0.3834635416666667 0.3870442708333333 0.037760416666666664 0.037760416666666664
0 0.9134114583333334 0.3889973958333333 0.029947916666666668 0.029296875
0 0.6647135416666666 0.4319661458333333 0.037760416666666664 0.038411458333333336
0 0.0711669921875 0.3165690104166667 0.050211588541666664 0.050455729166666664
0 0.029062906901041668 0.3779296875 0.029927571614583332 0.024739583333333332
0 0.4029947916666667 0.20393880208333334 0.02734375 0.029947916666666668
0 0.90625 0.203125 0.02734375 0.02734375
0 0.16796875 0.13948567708333334 0.037109375 0.037434895833333336
0 0.4739583333333333 0.19905598958333334 0.020833333333333332 0.0390625
0 0.5530598958333334 0.4241536458333333 0.027994791666666668 0.022786458333333332
0 0.9921875 0.6710611979166666 0.014322916666666666 0.040690104166666664
0 0.9759114583333334 0.1962890625 0.026041666666666668 0.02734375
0 0.162841796875 0.053049723307291664 0.03759765625 0.04852294921875
0 0.9889322916666666 0.5833333333333334 0.01953125 0.024088541666666668
0 0.9733072916666666 0.4013671875 0.016927083333333332 0.026041666666666668
