0 0.4091796875 0.07688395182291667 0.05078125 0.044148763020833336
0 0.77734375 0.4580078125 0.0390625 0.035807291666666664
0 0.8489583333333334 0.03363037109375 0.0625 0.060262044270833336
0 0.6175130208333334 0.035491943359375 0.043619791666666664 0.042134602864583336
0 0.7239583333333334 0.31298828125 0.0390625 0.037760416666666664
0 0.98046875 0.3330891927083333 0.03515625 0.02978515625
0 0.24381510416666666 0.3358561197916667 0.0498046875 0.035319010416666664
0 0.6435546875 0.057830810546875 0.040364583333333336 0.039774576822916664
0 0.3876953125 0.044932047526041664 0.034505208333333336 0.041971842447916664
0 0.2887369791666667 0.3642578125 0.037109375 0.037760416666666664
0 0.6896158854166666 0.053304036458333336 0.050455729166666664 0.046305338541666664
0 0.2535807291666667 0.09513346354166667 0.04296875 0.047037760416666664
0 0.7591145833333334 0.21842447916666666 0.03125 0.031901041666666664
0 0.25732421875 0.3733723958333333 0.0302734375 0.0390625
0 0.7701822916666666 0.3753255208333333 0.037760416666666664 0.03125
0 0.326171875 0.3948567708333333 0.026041666666666668 0.029947916666666668
0 0.7239583333333334 0.21158854166666666 0.040364583333333336 0.035807291666666664
0 0.7278645833333334 0.4563802083333333 0.03515625 0.01953125
0 0.4895833333333333 0.011678059895833334 0.051432291666666664 0.023356119791666668
0 0.8040364583333334 0.4811197916666667 0.03125 0.029947916666666668
0 0.8170572916666666 0.39453125 0.026041666666666668 0.031901041666666664
0 0.3465983072916667 0.07265218098958333 0.028157552083333332 0.024943033854166668
0 0.705078125 0.21842447916666666 0.03515625 0.024088541666666668
0 0.6272786458333334 0.18798828125 0.0234375 0.027669270833333332
0 0.3736979166666667 0.18587239583333334 0.024739583333333332 0.0224609375
0 0.3619791666666667 0.058919270833333336 0.026692708333333332 0.0283203125
