0 0.7864583333333334 0.3079427083333333 0.036458333333333336 0.041341145833333336
0 0.7981770833333334 0.027231852213541668 0.04296875 0.04742431640625
0 0.120361328125 0.6564127604166666 0.048502604166666664 0.034830729166666664
0 0.4853515625 0.3087565104166667 0.03125 0.033203125
0 0.76171875 0.026743570963541668 0.048177083333333336 0.05279541015625
0 0.023152669270833332 0.17061360677083334 0.046305338541666664 0.050699869791666664
0 0.5807291666666666 0.4954427083333333 0.031901041666666664 0.026041666666666668
0 0.4326171875 0.4554036458333333 0.031901041666666664 0.033203125
0 0.7701822916666666 0.5123697916666666 0.040364583333333336 0.037109375
0 0.6315104166666666 0.232421875 0.038411458333333336 0.030924479166666668
0 0.020660400390625 0.3302408854166667 0.04132080078125 0.0498046875
0 0.6472981770833334 0.048990885416666664 0.046549479166666664 0.046305338541666664
0 0.0286865234375 0.2835286458333333 0.037516276041666664 0.0390625
0 0.021982828776041668 0.09619140625 0.040018717447916664 0.049479166666666664
0 0.7858072916666666 0.4469401041666667 0.029947916666666668 0.022135416666666668
0 0.6083984375 0.4749348958333333 0.02734375 0.029296875
0 0.033905029296875 0.21158854166666666 0.03277587890625 0.041015625
0 0.034479777018229164 0.24202473958333334 0.027638753255208332 0.0419921875
0 0.67333984375 0.018839518229166668 0.042643229166666664 0.037679036458333336
0 0.4641927083333333 0.2734375 0.025390625 0.023763020833333332
0 0.0150146484375 0.1259765625 0.028238932291666668 0.042643229166666664
0 0.09757486979166667 0.591796875 0.027506510416666668 0.024739583333333332
0 0.4986979166666667 0.4716796875 0.029296875 0.032552083333333336
0 0.6158854166666666 0.044921875 0.039713541666666664 0.033284505208333336
0 0.5104166666666666 0.23291015625 0.021484375 0.017578125
0 0.5491536458333334 0.4739583333333333 0.017578125 0.020182291666666668
0 0.8450520833333334 0.443359375 0.0234375 0.0234375
0 0.6348009528423773 0.017795138888888888 0.03936531007751931 0.03330910852713178
