0 0.4384765625 0.4912109375 0.046223958333333336 0.041666666666666664
0 0.4534505208333333 0.047800699869791664 0.046223958333333336 0.05316162109375
0 0.4853515625 0.036041259765625 0.043619791666666664 0.053731282552083336
0 0.6435546875 0.2644856770833333 0.040364583333333336 0.036783854166666664
0 0.20947265625 0.8287760416666666 0.0400390625 0.044270833333333336
0 0.64892578125 0.3854166666666667 0.043294270833333336 0.0390625
0 0.4417317708333333 0.013671875 0.046223958333333336 0.02734375
0 0.7415364583333334 0.7317708333333334 0.036458333333333336 0.044270833333333336
0 0.6731770833333334 0.20686848958333334 0.03125 0.032877604166666664
0 0.673828125 0.24365234375 0.040364583333333336 0.039713541666666664
0 0.3834635416666667 0.623046875 0.029947916666666668 0.029947916666666668
0 0.6927083333333334 0.10929361979166667 0.033854166666666664 0.030598958333333332
0 0.7662760416666666 0.7239583333333334 0.040364583333333336 0.033854166666666664
0 0.22509765625 0.7220052083333334 0.041666666666666664 0.040364583333333336
0 0.6673177083333334 0.090576171875 0.03125 0.040690104166666664
0 0.4391276041666667 0.6686197916666666 0.037760416666666664 0.028645833333333332
0 0.5621744791666666 0.20768229166666666 0.03125 0.027994791666666668
0 0.6751302083333334 0.15616861979166666 0.03125 0.03466796875
0 0.6188151041666666 0.19205729166666666 0.028645833333333332 0.025716145833333332
0 0.18196614583333334 0.8235677083333334 0.027669270833333332 0.036458333333333336
0 0.6888020833333334 0.267578125 0.026041666666666668 0.032877604166666664
0 0.01123046875 0.3811848958333333 0.0174560546875 0.041666666666666664
0 0.23160807291666666 0.75 0.0341796875 0.02734375
0 0.6744791666666666 0.4996744791666667 0.037760416666666664 0.032552083333333336
0 0.3592437822997416 0.30041787790697677 0.03532784237726109 0.03532784237726098
