0 0.6194661458333334 0.6617838541666666 0.040364583333333336 0.035807291666666664
0 0.4290364583333333 0.4059244791666667 0.037760416666666664 0.029296875
0 0.8509114583333334 0.5286458333333334 0.036458333333333336 0.033854166666666664
0 0.390625 0.3046875 0.037760416666666664 0.0361328125
0 0.9075520833333334 0.5836588541666666 0.0390625 0.03515625
0 0.2794596354166667 0.10587565104166667 0.042317708333333336 0.046712239583333336
0 0.031946818033854164 0.14168294270833334 0.029937744140625 0.029296875
0 0.3961588541666667 0.353515625 0.038411458333333336 0.0390625
0 0.3243001302083333 0.65380859375 0.03759765625 0.030924479166666668
0 0.20703125 0.07480875651041667 0.036783854166666664 0.0357666015625
0 0.3531901041666667 0.431640625 0.040364583333333336 0.046223958333333336
0 0.08302815755208333 0.5537109375 0.035115559895833336 0.027994791666666668
0 0.4921875 0.5559895833333334 0.033203125 0.033854166666666664
0 0.8079427083333334 0.5185546875 0.033854166666666664 0.033203125
0 0.5716145833333334 0.4651692708333333 0.033854166666666664 0.0390625
0 0.51171875 0.5830078125 0.029947916666666668 0.0390625
0 0.4446614583333333 0.5745442708333334 0.047526041666666664 0.025390625
0 0.3371607265423126 0.204265584625323 0.04443359375 0.042317708333333336
0 0.22184244791666666 0.3365071614583333 0.027669270833333332 0.021647135416666668
0 0.77734375 0.6920572916666666 0.02734375 0.026041666666666668
0 0.11800130208333333 0.21370442708333334 0.030110677083333332 0.027994791666666668
0 0.19466145833333334 0.3240559895833333 0.041015625 0.0263671875
0 0.4241536458333333 0.458984375 0.024739583333333332 0.01953125
0 0.3125 0.4059244791666667 0.022786458333333332 0.029947916666666668
0 0.3368326822916667 0.67578125 0.02685546875 0.029947916666666668
