0 0.607421875 0.4358723958333333 0.041015625 0.041666666666666664
0 0.8854166666666666 0.5439453125 0.045572916666666664 0.037109375
0 0.13492838541666666 0.3514811197916667 0.04931640625 0.03857421875
0 0.5677083333333334 0.4420572916666667 0.042317708333333336 0.046875
0 0.3505045572916667 0.13631184895833334 0.035970052083333336 0.0390625
0 0.7298177083333334 0.5843098958333334 0.04296875 0.041015625
0 0.6484375 0.3694661458333333 0.041666666666666664 0.041666666666666664
0 0.028127034505208332 0.22509765625 0.040425618489583336 0.0517578125
0 0.026845296223958332 0.112548828125 0.05194091796875 0.053873697916666664
0 0.4459635416666667 0.3126627604166667 0.029947916666666668 0.0283203125
0 0.085693359375 0.5579427083333334 0.056477864583333336 0.047526041666666664
0 0.3431803385416667 0.2635091145833333 0.032389322916666664 0.0361328125
0 0.4811197916666667 0.4544270833333333 0.034505208333333336 0.047526041666666664
0 0.17997233072916666 0.013743082682291666 0.036539713541666664 0.027486165364583332
0 0.21321614583333334 0.125244140625 0.030598958333333332 0.029296875
0 0.3603515625 0.16927083333333334 0.0234375 0.034830729166666664
0 0.06158447265625 0.008392333984375 0.050984700520833336 0.014851888020833334
0 0.2991536458333333 0.9765625 0.040690104166666664 0.046875
0 0.009844462076822916 0.19156901041666666 0.019170125325520832 0.05078125
0 0.2972005208333333 0.12996419270833334 0.025065104166666668 0.036295572916666664
0 0.20842165293927647 0.1637439185642765 0.038199491279069665 0.04220289284560722
0 0.4117838541666667 0.12296549479166667 0.024739583333333332 0.028645833333333332
0 0.6227213541666666 0.3746744791666667 0.026692708333333332 0.033203125
0 0.3994140625 0.396484375 0.037109375 0.029947916666666668
0 0.4261067708333333 0.24951171875 0.026041666666666668 0.0244140625
