0 0.630859375 0.3311360677083333 0.04296875 0.03759765625
0 0.626953125 0.14786783854166666 0.052734375 0.06005859375
0 0.5065104166666666 0.1639404296875 0.057291666666666664 0.051025390625
0 0.81640625 0.4222005208333333 0.049479166666666664 0.039713541666666664
0 0.4020182291666667 0.345703125 0.044270833333333336 0.036458333333333336
0 0.4283854166666667 0.5061848958333334 0.041015625 0.037760416666666664
0 0.7649739583333334 0.4124348958333333 0.044270833333333336 0.036458333333333336
0 0.2591145833333333 0.8365885416666666 0.036458333333333336 0.049479166666666664
0 0.5520833333333334 0.490234375 0.037109375 0.032552083333333336
0 0.0177459716796875 0.47265625 0.033274332682291664 0.026692708333333332
0 0.3616536458333333 0.3841145833333333 0.031901041666666664 0.031901041666666664
0 0.66943359375 0.14095052083333334 0.045247395833333336 0.044759114583333336
0 0.4596354166666667 0.3971354166666667 0.04296875 0.043619791666666664
0 0.2503255208333333 0.787109375 0.048828125 0.049479166666666664
0 0.3538411458333333 0.4290364583333333 0.028645833333333332 0.046223958333333336
0 0.6240234375 0.038431803385416664 0.055338541666666664 0.058308919270833336
0 0.9537760416666666 0.3779296875 0.024739583333333332 0.035807291666666664
0 0.6389973958333334 0.55078125 0.037760416666666664 0.055338541666666664
0 0.9876302083333334 0.9166666666666666 0.0234375 0.04296875
0 0.3107096354166667 0.8391927083333334 0.0283203125 0.026041666666666668
0 0.6305338541666666 0.4986979166666667 0.02734375 0.036458333333333336
0 0.01654052734375 0.416015625 0.031982421875 0.033203125
0 0.7513020833333334 0.0927734375 0.04296875 0.037109375
0 0.8990885416666666 0.3541666666666667 0.028645833333333332 0.033203125
0 0.5865885416666666 0.7311197916666666 0.031901041666666664 0.028645833333333332
0 0.8821614583333334 0.5283203125 0.032552083333333336 0.034505208333333336
0 0.873046875 0.13671875 0.022135416666666668 0.028645833333333332
0 0.01580810546875 0.3522135416666667 0.024576822916666668 0.032552083333333336
0 0.5930989583333334 0.6507161458333334 0.029947916666666668 0.024088541666666668
0 0.01483154296875 0.2526041666666667 0.026326497395833332 0.050130208333333336
0 0.8411458333333334 0.3662109375 0.03125 0.038411458333333336
0 0.6535877947351421 0.08393958434270023 0.041015625 0.054199218749999965
0 0.6691080729166666 0.06508382161458333 0.051106770833333336 0.048868815104166664
0 0.015009562174479166 0.1497802734375 0.029876708984375 0.038981119791666664
