0 0.4710286458333333 0.040690104166666664 0.053385416666666664 0.0498046875
0 0.64892578125 0.2931315104166667 0.044596354166666664 0.046223958333333336
0 0.7102864583333334 0.0338592529296875 0.045572916666666664 0.041005452473958336
0 0.6953125 0.2600911458333333 0.044270833333333336 0.052408854166666664
0 0.6360677083333334 0.10400390625 0.044921875 0.0390625
0 0.2623697916666667 0.5563151041666666 0.0380859375 0.034505208333333336
0 0.78515625 0.3893229166666667 0.0390625 0.03515625
0 0.69140625 0.17366536458333334 0.0390625 0.04296875
0 0.58984375 0.271484375 0.035807291666666664 0.037109375
0 0.4127604166666667 0.044565836588541664 0.046875 0.06825764973958333
0 0.6446940104166666 0.2508138020833333 0.046549479166666664 0.047526041666666664
0 0.9759114583333334 0.77734375 0.040364583333333336 0.029947916666666668
0 0.30307819060885016 0.8702660691214469 0.02653499475129199 0.0341973514211887
0 0.5729166666666666 0.11197916666666667 0.037109375 0.034342447916666664
0 0.5667317708333334 0.40625 0.038411458333333336 0.030598958333333332
0 0.66357421875 0.031402587890625 0.046549479166666664 0.046895345052083336
0 0.6920572916666666 0.3099772135416667 0.03515625 0.059733072916666664
0 0.5638020833333334 0.2950846354166667 0.028645833333333332 0.029622395833333332
0 0.5817057291666666 0.01175689697265625 0.051432291666666664 0.020512898763020832
0 0.5911458333333334 0.4622395833333333 0.029296875 0.022135416666666668
0 0.4635416666666667 0.014628092447916666 0.0390625 0.029256184895833332
0 0.6435546875 0.443359375 0.04296875 0.018880208333333332
0 0.3466796875 0.865234375 0.048828125 0.05078125
0 0.4137369791666667 0.4817708333333333 0.026692708333333332 0.021484375
0 0.4375 0.24332682291666666 0.029296875 0.023111979166666668
0 0.5634765625 0.06783040364583333 0.033854166666666664 0.045166015625
0 0.9265079941860465 0.5184411337209301 0.02927164082687354 0.029271640826873318
