0 0.4215494791666667 0.14737955729166666 0.047526041666666664 0.062337239583333336
0 0.4345703125 0.060373942057291664 0.061197916666666664 0.05291748046875
0 0.4156901041666667 0.5774739583333334 0.037109375 0.03515625
0 0.3418782552083333 0.8782552083333334 0.038899739583333336 0.041666666666666664
0 0.158447265625 0.9055989583333334 0.037272135416666664 0.037760416666666664
0 0.2789713541666667 0.8079427083333334 0.039388020833333336 0.033854166666666664
0 0.4397786458333333 0.8333333333333334 0.051432291666666664 0.03515625
0 0.5787760416666666 0.591796875 0.048177083333333336 0.040364583333333336
0 0.06766764322916667 0.9381510416666666 0.031819661458333336 0.037760416666666664
0 0.7721354166666666 0.8157552083333334 0.044270833333333336 0.0390625
0 0.6184895833333334 0.2884114583333333 0.033854166666666664 0.032877604166666664
0 0.4928385416666667 0.2845052083333333 0.029296875 0.030924479166666668
0 0.439453125 0.6028645833333334 0.042317708333333336 0.030598958333333332
0 0.038675944010416664 0.947265625 0.038289388020833336 0.040364583333333336
0 0.3701171875 0.4749348958333333 0.026692708333333332 0.031901041666666664
0 0.6590169270833334 0.09499104817708333 0.033528645833333336 0.038045247395833336
0 0.3050130208333333 0.6259765625 0.045247395833333336 0.02734375
0 0.4879557291666667 0.1162109375 0.026692708333333332 0.022786458333333332
0 0.6671549479166666 0.2503255208333333 0.035481770833333336 0.023763020833333332
0 0.443359375 0.8548177083333334 0.0390625 0.033854166666666664
0 0.5682962895671834 0.811366985626615 0.04519440406976738 0.04096515665374678
0 0.4332682291666667 0.11328125 0.053385416666666664 0.029947916666666668
0 0.5055338541666666 0.814453125 0.026692708333333332 0.029947916666666668
0 0.24918619791666666 0.8125 0.0244140625 0.020833333333333332
0 0.5590984334625323 0.7591751453488372 0.031290374677002575 0.038355943152454795
