0 0.052398681640625 0.13248697916666666 0.04705810546875 0.0419921875
0 0.06435139973958333 0.16385904947916666 0.046101888020833336 0.045979817708333336
0 0.4075520833333333 0.17659505208333334 0.0390625 0.034505208333333336
0 0.4680989583333333 0.143310546875 0.034505208333333336 0.034505208333333336
0 0.5403645833333334 0.11572265625 0.035807291666666664 0.028971354166666668
0 0.6324869791666666 0.054290771484375 0.028645833333333332 0.030253092447916668
0 0.5947265625 0.013570149739583334 0.038411458333333336 0.027140299479166668
0 0.013916015625 0.3473307291666667 0.02783203125 0.030598958333333332
0 0.3466796875 0.01047515869140625 0.040364583333333336 0.020268758138020832
0 0.5983072916666666 0.17496744791666666 0.031901041666666664 0.030924479166666668
0 0.024164835611979168 0.0214385986328125 0.033213297526041664 0.027353922526041668
0 0.5823567708333334 0.037638346354166664 0.025390625 0.031656901041666664
0 0.08772407945736431 0.024356023901808785 0.03330910852713176 0.026243540051679587
