0 0.2594401041666667 0.3717447916666667 0.041666666666666664 0.04296875
0 0.6324869791666666 0.16813151041666666 0.057291666666666664 0.0595703125
0 0.5859375 0.3551432291666667 0.05078125 0.03515625
0 0.47789107921511625 0.085735311187823 0.05643118136304907 0.04681506883882428
0 0.767578125 0.18017578125 0.052083333333333336 0.0546875
0 0.6985677083333334 0.20719401041666666 0.04296875 0.056640625
0 0.685546875 0.11344401041666667 0.049479166666666664 0.038736979166666664
0 0.3245442708333333 0.6142578125 0.032552083333333336 0.027994791666666668
0 0.7122395833333334 0.2556966145833333 0.036458333333333336 0.038411458333333336
0 0.09189860026041667 0.6666666666666666 0.036905924479166664 0.0390625
0 0.7395833333333334 0.2197265625 0.03125 0.040690104166666664
0 0.8138020833333334 0.134033203125 0.032552083333333336 0.032877604166666664
0 0.7154947916666666 0.046559651692708336 0.041666666666666664 0.05743408203125
0 0.884765625 0.6632486979166666 0.032552083333333336 0.032877604166666664
0 0.6744791666666666 0.1466064453125 0.040364583333333336 0.043375651041666664
0 0.3902994791666667 0.2908528645833333 0.026041666666666668 0.023763020833333332
0 0.4290364583333333 0.3134765625 0.027994791666666668 0.0263671875
0 0.98046875 0.054646809895833336 0.03125 0.031575520833333336
0 0.6731770833333334 0.047892252604166664 0.041666666666666664 0.034993489583333336
0 0.7662760416666666 0.0093994140625 0.052083333333333336 0.018798828125
0 0.8782552083333334 0.4970703125 0.036458333333333336 0.033203125
0 0.14900716145833334 0.4384765625 0.030598958333333332 0.025390625
0 0.7395833333333334 0.3385416666666667 0.026041666666666668 0.022135416666666668
0 0.4772135416666667 0.054443359375 0.052083333333333336 0.02978515625
0 0.3113606770833333 0.3019205729166667 0.0234375 0.0283203125
0 0.58203125 0.011029561360677084 0.029296875 0.0185089111328125
