0 0.689453125 0.4010416666666667 0.05078125 0.048828125
0 0.5771484375 0.09588623046875 0.047526041666666664 0.036417643229166664
0 0.7454427083333334 0.27734375 0.05078125 0.06412760416666667
0 0.736328125 0.4108072916666667 0.052083333333333336 0.053385416666666664
0 0.3981119791666667 0.4378255208333333 0.046223958333333336 0.026041666666666668
0 0.2560221354166667 0.376953125 0.055013020833333336 0.038411458333333336
0 0.2867838541666667 0.3541666666666667 0.040364583333333336 0.037109375
0 0.7018229166666666 0.3020833333333333 0.040364583333333336 0.044921875
0 0.4205729166666667 0.17574055989583334 0.046223958333333336 0.058675130208333336
0 0.2805989583333333 0.5406901041666666 0.0361328125 0.042317708333333336
0 0.4615885416666667 0.06494140625 0.06315104166666667 0.061686197916666664
0 0.7076822916666666 0.13623046875 0.044270833333333336 0.0615234375
0 0.4869791666666667 0.039876302083333336 0.037760416666666664 0.044270833333333336
0 0.24755859375 0.5296223958333334 0.050130208333333336 0.0703125
0 0.66748046875 0.11865234375 0.037434895833333336 0.053059895833333336
0 0.6448567708333334 0.07143147786458333 0.03125 0.0296630859375
0 0.6663411458333334 0.18387858072916666 0.039713541666666664 0.036539713541666664
0 0.6946614583333334 0.2727864583333333 0.044270833333333336 0.042317708333333336
0 0.4104817708333333 0.21402994791666666 0.024088541666666668 0.028645833333333332
0 0.22867838541666666 0.4817708333333333 0.022786458333333332 0.042317708333333336
0 0.71875 0.090087890625 0.024739583333333332 0.033040364583333336
0 0.6106770833333334 0.4264322916666667 0.02734375 0.020833333333333332
0 0.48828125 0.12369791666666667 0.03515625 0.027018229166666668
0 0.2874348958333333 0.3782552083333333 0.024739583333333332 0.030598958333333332
0 0.6100714631782945 0.33877382105943155 0.02018733850129199 0.02927164082687343
