0 0.4264322916666667 0.732421875 0.048177083333333336 0.0390625
0 0.6370442708333334 0.7317708333333334 0.043619791666666664 0.04296875
0 0.2565104166666667 0.8528645833333334 0.0419921875 0.05078125
0 0.026285807291666668 0.9290364583333334 0.049153645833333336 0.07552083333333333
0 0.6409505208333334 0.2532552083333333 0.048177083333333336 0.0390625
0 0.6334635416666666 0.4534505208333333 0.048177083333333336 0.040364583333333336
0 0.2848307291666667 0.7936197916666666 0.0556640625 0.07161458333333333
0 0.4342447916666667 0.040506998697916664 0.044270833333333336 0.0369873046875
0 0.4296875 0.4443359375 0.043619791666666664 0.035807291666666664
0 0.64599609375 0.4873046875 0.045247395833333336 0.037109375
0 0.7291666666666666 0.10725911458333333 0.05078125 0.057942708333333336
0 0.6842447916666666 0.3499348958333333 0.03125 0.040364583333333336
0 0.3138834635416667 0.884765625 0.040201822916666664 0.04296875
0 0.6551106770833334 0.67578125 0.0478515625 0.028645833333333332
0 0.3984375 0.18159993489583334 0.03515625 0.030680338541666668
0 0.3776041666666667 0.7369791666666666 0.03515625 0.0390625
0 0.6463216145833334 0.327880859375 0.0498046875 0.032389322916666664
0 0.541015625 0.4267578125 0.038411458333333336 0.042317708333333336
0 0.7083333333333334 0.2867838541666667 0.041666666666666664 0.045247395833333336
0 0.6927083333333334 0.31787109375 0.037760416666666664 0.027994791666666668
0 0.6710611979166666 0.8053385416666666 0.0302734375 0.03515625
0 0.7180989583333334 0.7513020833333334 0.033854166666666664 0.036458333333333336
0 0.4518229166666667 0.5325520833333334 0.036458333333333336 0.038411458333333336
0 0.6888020833333334 0.4690755208333333 0.028645833333333332 0.03125
0 0.5579427083333334 0.22412109375 0.037760416666666664 0.039388020833333336
0 0.6842447916666666 0.5807291666666666 0.032552083333333336 0.037760416666666664
0 0.982421875 0.7102864583333334 0.03125 0.0234375
0 0.4166666666666667 0.4143880208333333 0.046875 0.025390625
0 0.7766927083333334 0.009145100911458334 0.045572916666666664 0.018290201822916668
0 0.4381510416666667 0.1875 0.040364583333333336 0.029947916666666668
0 0.3844401041666667 0.4944661458333333 0.026692708333333332 0.020833333333333332
0 0.591796875 0.5237630208333334 0.03125 0.022135416666666668
0 0.703125 0.10333251953125 0.04296875 0.045939127604166664
0 0.5338541666666666 0.3079427083333333 0.037760416666666664 0.026692708333333332
0 0.5895182291666666 0.3447265625 0.020833333333333332 0.038411458333333336
0 0.4466145833333333 0.650390625 0.048177083333333336 0.024088541666666668
0 0.6959635416666666 0.6590169270833334 0.028645833333333332 0.029622395833333332
0 0.7571614583333334 0.4173177083333333 0.0390625 0.034505208333333336
0 0.76171875 0.6513671875 0.029947916666666668 0.027994791666666668
0 0.4293619791666667 0.5667317708333334 0.025390625 0.033854166666666664
0 0.7838541666666666 0.7174479166666666 0.020833333333333332 0.01953125
0 0.685546875 0.5576171875 0.026041666666666668 0.029947916666666668
0 0.5061848958333334 0.2840169270833333 0.033854166666666664 0.0263671875
0 0.3314861918604651 0.6930616117571059 0.022206072351421174 0.025234173126615023
