0 0.5579427083333334 0.13850911458333334 0.04296875 0.040690104166666664
0 0.7317708333333334 0.115234375 0.045572916666666664 0.037434895833333336
0 0.6998697916666666 0.149169921875 0.0546875 0.0341796875
0 0.40234375 0.5826822916666666 0.046875 0.050130208333333336
0 0.6507161458333334 0.11197916666666667 0.041015625 0.054850260416666664
0 0.3811848958333333 0.12117513020833333 0.033854166666666664 0.0361328125
0 0.6863606770833334 0.11572265625 0.0400390625 0.05078125
0 0.7278645833333334 0.28759765625 0.045572916666666664 0.052408854166666664
0 0.2569986979166667 0.19986979166666666 0.037760416666666664 0.04296875
0 0.6686197916666666 0.18733723958333334 0.0390625 0.0390625
0 0.2513020833333333 0.482421875 0.042643229166666664 0.025390625
0 0.6632486979166666 0.056925455729166664 0.036783854166666664 0.025309244791666668
0 0.6458333333333334 0.21305338541666666 0.036458333333333336 0.048177083333333336
0 0.26025390625 0.0219268798828125 0.041666666666666664 0.038096110026041664
0 0.5325520833333334 0.4612630208333333 0.050130208333333336 0.033854166666666664
0 0.5638020833333334 0.2109375 0.03515625 0.039388020833333336
0 0.89453125 0.708984375 0.036458333333333336 0.032552083333333336
0 0.7473958333333334 0.7454427083333334 0.037760416666666664 0.037760416666666664
0 0.6941731770833334 0.011591593424479166 0.056966145833333336 0.021820068359375
0 0.4801432291666667 0.07314046223958333 0.025390625 0.030965169270833332
0 0.2724609375 0.06691487630208333 0.026692708333333332 0.034464518229166664
