0 0.3025716145833333 0.6472981770833334 0.039713541666666664 0.041341145833333336
0 0.8268229166666666 0.23828125 0.049479166666666664 0.0419921875
0 0.4739583333333333 0.24918619791666666 0.029296875 0.035481770833333336
0 0.6438802083333334 0.025980631510416668 0.049479166666666664 0.040974934895833336
0 0.431640625 0.15364583333333334 0.04296875 0.0439453125
0 0.6998697916666666 0.2892252604166667 0.02734375 0.034830729166666664
0 0.4788411458333333 0.3909505208333333 0.043619791666666664 0.037109375
0 0.7141927083333334 0.18212890625 0.040364583333333336 0.040690104166666664
0 0.22965494791666666 0.4876302083333333 0.036458333333333336 0.031901041666666664
0 0.5579427083333334 0.4993489583333333 0.04296875 0.0390625
0 0.17793782552083334 0.6331380208333334 0.032470703125 0.03125
0 0.9088541666666666 0.609375 0.028645833333333332 0.0234375
0 0.2762044270833333 0.3453776041666667 0.034830729166666664 0.042317708333333336
0 0.5631510416666666 0.016510009765625 0.038411458333333336 0.03302001953125
0 0.6500651041666666 0.5602213541666666 0.044921875 0.033854166666666664
0 0.2537434895833333 0.3502604166666667 0.034830729166666664 0.04296875
0 0.107177734375 0.6629231770833334 0.034505208333333336 0.037434895833333336
0 0.6396484375 0.5319010416666666 0.035807291666666664 0.042317708333333336
0 0.3649088541666667 0.22135416666666666 0.028645833333333332 0.031575520833333336
0 0.5 0.3567708333333333 0.029296875 0.0234375
0 0.537109375 0.5185546875 0.034505208333333336 0.024739583333333332
0 0.98828125 0.6920572916666666 0.020833333333333332 0.0234375
0 0.5149739583333334 0.10026041666666667 0.02734375 0.035319010416666664
0 0.2490234375 0.3994140625 0.01953125 0.024088541666666668
0 0.4381510416666667 0.24853515625 0.018880208333333332 0.023763020833333332
