0 0.054280598958333336 0.2981770833333333 0.049235026041666664 0.057942708333333336
0 0.5651041666666666 0.3421223958333333 0.048828125 0.043619791666666664
0 0.2685546875 0.5149739583333334 0.0537109375 0.051432291666666664
0 0.244140625 0.24088541666666666 0.052083333333333336 0.0546875
0 0.5393880208333334 0.4739583333333333 0.048828125 0.036458333333333336
0 0.28271484375 0.3521321614583333 0.055013020833333336 0.05224609375
0 0.022878011067708332 0.12687174479166666 0.042134602864583336 0.0439453125
0 0.3639322916666667 0.16650390625 0.031901041666666664 0.033528645833333336
0 0.4352213541666667 0.22477213541666666 0.050130208333333336 0.0302734375
0 0.51171875 0.27099609375 0.024739583333333332 0.029947916666666668
0 0.09718831380208333 0.3935546875 0.032674153645833336 0.026692708333333332
0 0.4794921875 0.14705403645833334 0.031901041666666664 0.023600260416666668
0 0.4684244791666667 0.019022623697916668 0.029296875 0.027180989583333332
0 0.0472412109375 0.7180989583333334 0.041259765625 0.03125
0 0.5185546875 0.126220703125 0.022135416666666668 0.029134114583333332
0 0.27978515625 0.07505289713541667 0.035481770833333336 0.031534830729166664
0 0.5240885416666666 0.3280436197916667 0.026692708333333332 0.02294921875
0 0.2693684895833333 0.7604166666666666 0.027994791666666668 0.032552083333333336
0 0.2942708333333333 0.3795572916666667 0.030598958333333332 0.050130208333333336
0 0.27001953125 0.1669921875 0.025716145833333332 0.0322265625
0 0.984375 0.7291666666666666 0.026041666666666668 0.026041666666666668
0 0.5419921875 0.4283854166666667 0.024739583333333332 0.026041666666666668
0 0.5234375 0.3306477864583333 0.032552083333333336 0.041829427083333336
0 0.4811197916666667 0.3284505208333333 0.028645833333333332 0.024739583333333332
0 0.4427083333333333 0.5576171875 0.044270833333333336 0.024739583333333332
0 0.9673873546511628 0.6501635174418605 0.034318475452196275 0.030281007751937983
