0 0.4427083333333333 0.10489908854166667 0.042317708333333336 0.03564453125
0 0.5478515625 0.3162434895833333 0.037109375 0.039388020833333336
0 0.5618489583333334 0.08243815104166667 0.033854166666666664 0.036458333333333336
0 0.5654296875 0.1904296875 0.026692708333333332 0.044270833333333336
0 0.3746744791666667 0.08406575520833333 0.040364583333333336 0.040364583333333336
0 0.5738932291666666 0.4306640625 0.03125 0.037109375
0 0.7916666666666666 0.3136393229166667 0.044270833333333336 0.0458984375
0 0.014378865559895834 0.151123046875 0.028208414713541668 0.02587890625
0 0.5804036458333334 0.5081380208333334 0.025390625 0.0234375
0 0.5559895833333334 0.04071044921875 0.03515625 0.0289306640625
0 0.8411458333333334 0.022699991861979168 0.041666666666666664 0.041514078776041664
0 0.6057942708333334 0.4475911458333333 0.037109375 0.024739583333333332
0 0.8658854166666666 0.6025390625 0.026041666666666668 0.025390625
0 0.7884114583333334 0.4039713541666667 0.029947916666666668 0.026692708333333332
0 0.9466145833333334 0.6162109375 0.026041666666666668 0.026692708333333332
0 0.7467447916666666 0.2080078125 0.033854166666666664 0.030924479166666668
0 0.7578125 0.306640625 0.0234375 0.025065104166666668
0 0.765625 0.3909505208333333 0.029947916666666668 0.032552083333333336
