0 0.939453125 0.06528727213541667 0.04296875 0.043253580729166664
0 0.3841145833333333 0.25732421875 0.039713541666666664 0.04296875
0 0.041982014973958336 0.4000651041666667 0.044291178385416664 0.034505208333333336
0 0.4270833333333333 0.26318359375 0.043619791666666664 0.040364583333333336
0 0.7252604166666666 0.129638671875 0.041666666666666664 0.040201822916666664
0 0.89453125 0.06512451171875 0.037760416666666664 0.0386962890625
0 0.708984375 0.061045328776041664 0.044270833333333336 0.04962158203125
0 0.2625325520833333 0.54296875 0.033854166666666664 0.03125
0 0.27587890625 0.7721354166666666 0.045247395833333336 0.049479166666666664
0 0.6720377604166666 0.3133138020833333 0.030924479166666668 0.0283203125
0 0.5439453125 0.5198567708333334 0.041015625 0.043619791666666664
0 0.2776692708333333 0.19547526041666666 0.038411458333333336 0.044596354166666664
0 0.8736979166666666 0.11344401041666667 0.049479166666666664 0.052408854166666664
0 0.14314778645833334 0.3932291666666667 0.043619791666666664 0.037760416666666664
0 0.16890462239583334 0.5026041666666666 0.037190755208333336 0.033854166666666664
0 0.5 0.7473958333333334 0.035807291666666664 0.040364583333333336
0 0.1318359375 0.11458333333333333 0.035319010416666664 0.034993489583333336
0 0.765625 0.3294270833333333 0.03515625 0.0390625
0 0.7897135416666666 0.20654296875 0.032552083333333336 0.032552083333333336
0 0.7330729166666666 0.07861328125 0.024739583333333332 0.04541015625
0 0.5934244791666666 0.4537760416666667 0.02734375 0.02734375
0 0.22835286458333334 0.27783203125 0.027669270833333332 0.026692708333333332
0 0.4928385416666667 0.580078125 0.025390625 0.038411458333333336
0 0.105712890625 0.083740234375 0.03564453125 0.0400390625
0 0.025187174479166668 0.29150390625 0.025431315104166668 0.029947916666666668
0 0.030598958333333332 0.3655598958333333 0.026611328125 0.026041666666666668
0 0.3006184895833333 0.4059244791666667 0.032552083333333336 0.029296875
0 0.16068522135416666 0.06888834635416667 0.024332682291666668 0.019938151041666668
0 0.4954427083333333 0.4716796875 0.024739583333333332 0.026692708333333332
0 0.8372395833333334 0.26513671875 0.022135416666666668 0.027018229166666668
0 0.13362630208333334 0.06844075520833333 0.027669270833333332 0.031575520833333336
0 0.16455078125 0.4410807291666667 0.030598958333333332 0.022786458333333332
