0 0.681640625 0.51171875 0.040364583333333336 0.043619791666666664
0 0.4293619791666667 0.8723958333333334 0.044270833333333336 0.049479166666666664
0 0.703125 0.3252766927083333 0.0390625 0.03369140625
0 0.6354166666666666 0.904296875 0.048828125 0.0546875
0 0.2939453125 0.7005208333333334 0.042317708333333336 0.0390625
0 0.2576497395833333 0.7102864583333334 0.040690104166666664 0.0390625
0 0.7623697916666666 0.38671875 0.046875 0.041015625
0 0.7018229166666666 0.2750651041666667 0.040364583333333336 0.034505208333333336
0 0.6764322916666666 0.3697916666666667 0.032552083333333336 0.045572916666666664
0 0.8548177083333334 0.908203125 0.0390625 0.029947916666666668
0 0.64453125 0.3098958333333333 0.038411458333333336 0.037760416666666664
0 0.576171875 0.9075520833333334 0.05078125 0.05078125
0 0.3863932291666667 0.6337890625 0.044270833333333336 0.029947916666666668
0 0.6399739583333334 0.3583984375 0.033854166666666664 0.030598958333333332
0 0.6861979166666666 0.6324869791666666 0.0390625 0.037760416666666664
0 0.23811848958333334 0.92578125 0.036783854166666664 0.033854166666666664
0 0.3339029947916667 0.8860677083333334 0.034016927083333336 0.036458333333333336
0 0.6476236979166666 0.6533203125 0.044596354166666664 0.034505208333333336
0 0.9674479166666666 0.900390625 0.036458333333333336 0.04296875
0 0.4671223958333333 0.7623697916666666 0.037109375 0.03125
0 0.4495442708333333 0.8359375 0.029296875 0.0390625
0 0.791015625 0.3534342447916667 0.032552083333333336 0.04052734375
0 0.91015625 0.8580729166666666 0.04296875 0.03515625
0 0.10514322916666667 0.7434895833333334 0.019856770833333332 0.024739583333333332
0 0.6119791666666666 0.72265625 0.024739583333333332 0.020833333333333332
0 0.6920572916666666 0.6658528645833334 0.0390625 0.0302734375
0 0.3740234375 0.603515625 0.03125 0.02734375
0 0.896484375 0.7044270833333334 0.029947916666666668 0.028645833333333332
0 0.06768798828125 0.4563802083333333 0.0325927734375 0.022135416666666668
0 0.29150390625 0.400390625 0.023111979166666668 0.020182291666666668
0 0.3675130208333333 0.5279947916666666 0.024088541666666668 0.026692708333333332
0 0.4465540213178294 0.26307130167958653 0.028262273901808726 0.02119670542635658
