0 0.6513671875 0.8795572916666666 0.042317708333333336 0.044270833333333336
0 0.6451822916666666 0.8216145833333334 0.041666666666666664 0.036458333333333336
0 0.6318359375 0.6100260416666666 0.041015625 0.041015625
0 0.7727864583333334 0.7493489583333334 0.0390625 0.036458333333333336
0 0.7395833333333334 0.7428385416666666 0.032552083333333336 0.029947916666666668
0 0.7903645833333334 0.7180989583333334 0.032552083333333336 0.029947916666666668
0 0.46484375 0.8919270833333334 0.041015625 0.044270833333333336
0 0.5208333333333334 0.84375 0.036458333333333336 0.032552083333333336
0 0.6829427083333334 0.19889322916666666 0.0390625 0.044270833333333336
0 0.014261881510416666 0.96875 0.028523763020833332 0.0390625
0 0.6012369791666666 0.6184895833333334 0.028645833333333332 0.028645833333333332
0 0.7662760416666666 0.85546875 0.03125 0.032552083333333336
0 0.7708333333333334 0.66064453125 0.029947916666666668 0.0302734375
0 0.69921875 0.20426432291666666 0.033854166666666664 0.0322265625
0 0.7747395833333334 0.8092447916666666 0.0234375 0.033854166666666664
0 0.7443172642118863 0.22622940891472867 0.02018733850129184 0.0282622739018088
