0 0.4964192708333333 0.9055989583333334 0.046875 0.033854166666666664
0 0.6443684895833334 0.8919270833333334 0.048502604166666664 0.036458333333333336
0 0.6292317708333334 0.517578125 0.033203125 0.031901041666666664
0 0.634765625 0.7278645833333334 0.033203125 0.045572916666666664
0 0.7721354166666666 0.8502604166666666 0.0546875 0.037760416666666664
0 0.599609375 0.7389322916666666 0.041015625 0.02734375
0 0.6243489583333334 0.3146158854166667 0.051432291666666664 0.053059895833333336
0 0.3987630208333333 0.9827473958333334 0.041666666666666664 0.034505208333333336
0 0.4388020833333333 0.9212239583333334 0.041015625 0.032552083333333336
0 0.689453125 0.12337239583333333 0.028645833333333332 0.041666666666666664
0 0.44967296511627913 0.9675438065245477 0.038411458333333336 0.0390625
0 0.4951171875 0.9654947916666666 0.037109375 0.036458333333333336
0 0.6552734375 0.06396484375 0.035807291666666664 0.049153645833333336
0 0.6796875 0.3142903645833333 0.024739583333333332 0.031575520833333336
0 0.4020182291666667 0.958984375 0.030598958333333332 0.033854166666666664
0 0.4964192708333333 0.6357421875 0.0234375 0.030598958333333332
0 0.6015625 0.4046223958333333 0.027994791666666668 0.026692708333333332
0 0.54296875 0.6647135416666666 0.029947916666666668 0.026041666666666668
0 0.5777994791666666 0.6028645833333334 0.02734375 0.022786458333333332
