0 0.8059895833333334 0.031463623046875 0.049479166666666664 0.043843587239583336
0 0.3841145833333333 0.2041015625 0.031901041666666664 0.0341796875
0 0.765625 0.10603841145833333 0.036458333333333336 0.034016927083333336
0 0.14664713541666666 0.353515625 0.0419921875 0.026692708333333332
0 0.6337890625 0.5192057291666666 0.034505208333333336 0.0390625
0 0.6533203125 0.541015625 0.025390625 0.03515625
0 0.115234375 0.4619140625 0.037434895833333336 0.026041666666666668
0 0.7779947916666666 0.3951822916666667 0.024739583333333332 0.033854166666666664
0 0.9309895833333334 0.15494791666666666 0.03125 0.030598958333333332
0 0.52734375 0.3564453125 0.036458333333333336 0.029947916666666668
0 0.7057291666666666 0.20393880208333334 0.02734375 0.023763020833333332
0 0.3037109375 0.2833658854166667 0.030924479166666668 0.025065104166666668
0 0.6090494791666666 0.159912109375 0.025390625 0.02392578125
0 0.6279296875 0.21793619791666666 0.022135416666666668 0.0185546875
0 0.21549479166666666 0.3102213541666667 0.027018229166666668 0.027018229166666668
0 0.043009440104166664 0.294921875 0.023111979166666668 0.028645833333333332
0 0.5611979166666666 0.3697916666666667 0.026692708333333332 0.020833333333333332
0 0.525390625 0.3815104166666667 0.033203125 0.035807291666666664
