0 0.4674479166666667 0.55859375 0.045572916666666664 0.049479166666666664
0 0.5013020833333334 0.4788411458333333 0.048177083333333336 0.041666666666666664
0 0.3053385416666667 0.15087890625 0.0419921875 0.040364583333333336
0 0.2823893229166667 0.7552083333333334 0.050455729166666664 0.057291666666666664
0 0.7708333333333334 0.015584309895833334 0.048177083333333336 0.030924479166666668
0 0.4713541666666667 0.8704427083333334 0.039713541666666664 0.037760416666666664
0 0.5696614583333334 0.8567708333333334 0.046223958333333336 0.040364583333333336
0 0.2696940104166667 0.16312662760416666 0.046875 0.048746744791666664
0 0.8990885416666666 0.9381510416666666 0.0390625 0.028645833333333332
0 0.3128255208333333 0.19124348958333334 0.035481770833333336 0.032877604166666664
0 0.23909505208333334 0.951171875 0.0546875 0.057291666666666664
0 0.6298828125 0.4287109375 0.037109375 0.033854166666666664
0 0.30615234375 0.6119791666666666 0.047200520833333336 0.045572916666666664
0 0.2939453125 0.24934895833333334 0.045247395833333336 0.031901041666666664
0 0.23990885416666666 0.016133626302083332 0.03515625 0.032267252604166664
0 0.7623697916666666 0.8098958333333334 0.041666666666666664 0.041666666666666664
0 0.3107096354166667 0.2913411458333333 0.0498046875 0.056315104166666664
0 0.3564453125 0.30517578125 0.037760416666666664 0.050130208333333336
0 0.8828125 0.8125 0.036458333333333336 0.036458333333333336
0 0.19807942708333334 0.8977864583333334 0.0341796875 0.036458333333333336
0 0.2701822916666667 0.4173177083333333 0.053059895833333336 0.059895833333333336
0 0.845703125 0.5068359375 0.029947916666666668 0.027994791666666668
0 0.1884765625 0.040995279947916664 0.041341145833333336 0.0321044921875
0 0.8470052083333334 0.6959635416666666 0.03515625 0.028645833333333332
0 0.6178385416666666 0.10164388020833333 0.039713541666666664 0.036295572916666664
0 0.4013671875 0.4156901041666667 0.044921875 0.026041666666666668
0 0.3597005208333333 0.030354817708333332 0.0390625 0.05859375
0 0.4983723958333333 0.8880208333333334 0.032552083333333336 0.024739583333333332
0 0.4241536458333333 0.7493489583333334 0.033854166666666664 0.029947916666666668
0 0.4345703125 0.373046875 0.033203125 0.02734375
0 0.21207682291666666 0.02978515625 0.02734375 0.043701171875
0 0.72265625 0.10880533854166667 0.024739583333333332 0.033203125
0 0.21240234375 0.09291585286458333 0.027018229166666668 0.0335693359375
0 0.4759114583333333 0.6285807291666666 0.04296875 0.026692708333333332
0 0.17215983072916666 0.9798177083333334 0.025146484375 0.036458333333333336
0 0.82421875 0.8177083333333334 0.028645833333333332 0.032552083333333336
0 0.13346354166666666 0.896484375 0.027018229166666668 0.029947916666666668
0 0.6233723958333334 0.33203125 0.0234375 0.024739583333333332
0 0.2692057291666667 0.5257161458333334 0.032877604166666664 0.030598958333333332
0 0.16959635416666666 0.09326171875 0.023763020833333332 0.028157552083333332
0 0.8756510416666666 0.5231119791666666 0.02734375 0.022786458333333332
0 0.28857421875 0.20751953125 0.021809895833333332 0.036783854166666664
0 0.3015950520833333 0.8802083333333334 0.03515625 0.028645833333333332
