0 0.9283854166666666 0.953125 0.041666666666666664 0.04296875
0 0.2833658854166667 0.4879557291666667 0.05078125 0.06770833333333333
0 0.6048177083333334 0.5042317708333334 0.045572916666666664 0.044921875
0 0.2643229166666667 0.3391927083333333 0.052083333333333336 0.0625
0 0.12109375 0.591796875 0.049153645833333336 0.036458333333333336
0 0.5126953125 0.6106770833333334 0.048177083333333336 0.041015625
0 0.4866536458333333 0.4065755208333333 0.038411458333333336 0.024739583333333332
0 0.5279947916666666 0.5237630208333334 0.03515625 0.039713541666666664
0 0.818359375 0.8307291666666666 0.0390625 0.0390625
0 0.3113606770833333 0.22086588541666666 0.033854166666666664 0.038411458333333336
0 0.6448567708333334 0.7545572916666666 0.041666666666666664 0.024739583333333332
0 0.07364908854166667 0.416015625 0.030598958333333332 0.036458333333333336
0 0.4521484375 0.5071614583333334 0.027994791666666668 0.022786458333333332
0 0.09340413411458333 0.5413411458333334 0.0413818359375 0.025390625
0 0.4749348958333333 0.2867838541666667 0.025390625 0.038411458333333336
0 0.2786458333333333 0.1575927734375 0.0517578125 0.052652994791666664
0 0.5452473958333334 0.6077473958333334 0.022135416666666668 0.033854166666666664
0 0.6920572916666666 0.6282552083333334 0.03125 0.04296875
0 0.2727864583333333 0.3922526041666667 0.023111979166666668 0.027994791666666668
0 0.828125 0.9694010416666666 0.03515625 0.03515625
0 0.1361736918604651 0.23985586240310078 0.01917797157622747 0.0232154392764858
0 0.4102168120155038 0.4659540536175711 0.02018733850129199 0.017159237726098214
