0 0.6389973958333334 0.044881184895833336 0.045572916666666664 0.035319010416666664
0 0.708984375 0.039225260416666664 0.053385416666666664 0.058756510416666664
0 0.3238932291666667 0.388671875 0.035807291666666664 0.027994791666666668
0 0.2721354166666667 0.3802083333333333 0.035807291666666664 0.04296875
0 0.265625 0.8352864583333334 0.052408854166666664 0.048177083333333336
0 0.5224609375 0.5686848958333334 0.045572916666666664 0.027994791666666668
0 0.15861002604166666 0.921875 0.056803385416666664 0.045572916666666664
0 0.4840494791666667 0.7493489583333334 0.037109375 0.036458333333333336
0 0.67578125 0.5670572916666666 0.02734375 0.022135416666666668
0 0.5384114583333334 0.43359375 0.030598958333333332 0.042317708333333336
0 0.90234375 0.4560546875 0.02734375 0.031901041666666664
0 0.6847330729166666 0.013570149739583334 0.047200520833333336 0.027140299479166668
0 0.5309244791666666 0.3932291666666667 0.057942708333333336 0.0546875
0 0.2786458333333333 0.31396484375 0.0302734375 0.028645833333333332
0 0.5524088541666666 0.0986328125 0.025390625 0.027669270833333332
0 0.5628255208333334 0.5423177083333334 0.0390625 0.03125
0 0.9388020833333334 0.6106770833333334 0.032552083333333336 0.031901041666666664
0 0.3684895833333333 0.5973307291666666 0.034505208333333336 0.032552083333333336
0 0.3388671875 0.6136067708333334 0.029296875 0.042317708333333336
0 0.5638020833333334 0.4052734375 0.026041666666666668 0.035807291666666664
0 0.66650390625 0.2916666666666667 0.025065104166666668 0.022786458333333332
0 0.4026692708333333 0.5625 0.01953125 0.031901041666666664
