0 0.4306640625 0.53125 0.041015625 0.02734375
0 0.78515625 0.23095703125 0.04296875 0.041666666666666664
0 0.9251302083333334 0.38671875 0.033854166666666664 0.031901041666666664
0 0.7395833333333334 0.4388020833333333 0.03515625 0.027994791666666668
0 0.720703125 0.14200846354166666 0.036458333333333336 0.036783854166666664
0 0.2529296875 0.5436197916666666 0.041341145833333336 0.029296875
0 0.6564127604166666 0.3876953125 0.0322265625 0.028645833333333332
0 0.5061848958333334 0.5618489583333334 0.034505208333333336 0.02734375
0 0.8196614583333334 0.22884114583333334 0.028645833333333332 0.0283203125
0 0.6490885416666666 0.5784505208333334 0.026692708333333332 0.033854166666666664
0 0.5989583333333334 0.22395833333333334 0.024088541666666668 0.033203125
0 0.91796875 0.4384765625 0.033854166666666664 0.047526041666666664
0 0.89453125 0.4401041666666667 0.024739583333333332 0.028645833333333332
0 0.6324869791666666 0.4293619791666667 0.026692708333333332 0.026041666666666668
0 0.3528645833333333 0.5657552083333334 0.033203125 0.025390625
0 0.6888020833333334 0.23225911458333334 0.028645833333333332 0.018880208333333332
0 0.2843424479166667 0.2776692708333333 0.027018229166666668 0.023763020833333332
0 0.3151041666666667 0.4182942708333333 0.029622395833333332 0.032552083333333336
0 0.9427083333333334 0.7337239583333334 0.046875 0.04296875
0 0.9680989583333334 0.7858072916666666 0.028645833333333332 0.01953125
0 0.544921875 0.4166666666666667 0.029296875 0.041666666666666664
0 0.6875 0.4899088541666667 0.018229166666666668 0.026041666666666668
0 0.55859375 0.11897786458333333 0.022135416666666668 0.035481770833333336
0 0.5983072916666666 0.3776041666666667 0.024739583333333332 0.032552083333333336
0 0.8391977551679587 0.7046693313953488 0.028262273901808577 0.024224806201550358
