0 0.9518229166666666 0.5084635416666666 0.036458333333333336 0.037760416666666664
0 0.4996744791666667 0.3477376302083333 0.037760416666666664 0.03955078125
0 0.8951822916666666 0.3818359375 0.033854166666666664 0.032552083333333336
0 0.8203125 0.31689453125 0.03515625 0.031575520833333336
0 0.9049479166666666 0.4593098958333333 0.03515625 0.0390625
0 0.6472981770833334 0.5048828125 0.0439453125 0.032552083333333336
0 0.353515625 0.4407552083333333 0.044921875 0.038411458333333336
0 0.2569986979166667 0.126953125 0.043294270833333336 0.030924479166666668
0 0.3538411458333333 0.31494140625 0.030598958333333332 0.026041666666666668
0 0.9296875 0.5843098958333334 0.033854166666666664 0.033203125
0 0.9251302083333334 0.3772786458333333 0.03125 0.0390625
0 0.9212239583333334 0.012471516927083334 0.044270833333333336 0.024943033854166668
0 0.6220703125 0.2830403645833333 0.037109375 0.029296875
0 0.85546875 0.17057291666666666 0.033854166666666664 0.037760416666666664
0 0.7565104166666666 0.2750651041666667 0.026041666666666668 0.027018229166666668
0 0.9635416666666666 0.2001953125 0.052083333333333336 0.054036458333333336
0 0.21061197916666666 0.09830729166666667 0.0263671875 0.028157552083333332
0 0.7135416666666666 0.21158854166666666 0.032552083333333336 0.031901041666666664
0 0.20296223958333334 0.220703125 0.028645833333333332 0.033203125
0 0.9654947916666666 0.7083333333333334 0.029947916666666668 0.03515625
0 0.3704427083333333 0.4778645833333333 0.022135416666666668 0.034505208333333336
0 0.11458333333333333 0.2571614583333333 0.038736979166666664 0.022786458333333332
0 0.5061848958333334 0.4765625 0.028645833333333332 0.026692708333333332
0 0.4313151041666667 0.22542317708333334 0.025390625 0.020833333333333332
0 0.7389322916666666 0.1865234375 0.02734375 0.025065104166666668
0 0.6474609375 0.4173177083333333 0.031901041666666664 0.045572916666666664
0 0.6554361979166666 0.28125 0.028971354166666668 0.027018229166666668
0 0.984375 0.2701822916666667 0.02734375 0.033528645833333336
0 0.6337890625 0.19645182291666666 0.027994791666666668 0.02734375
0 0.9622395833333334 0.2706705729166667 0.036458333333333336 0.0380859375
0 0.8671875 0.3740234375 0.022135416666666668 0.033854166666666664
0 0.2845052083333333 0.14754231770833334 0.036458333333333336 0.022786458333333332
0 0.365234375 0.21272786458333334 0.02734375 0.027669270833333332
0 0.8880208333333334 0.3440755208333333 0.029947916666666668 0.022786458333333332
0 0.3860677083333333 0.22347005208333334 0.022786458333333332 0.024739583333333332
0 0.5940755208333334 0.2906901041666667 0.026692708333333332 0.0263671875
0 0.4163411458333333 0.36328125 0.033854166666666664 0.02734375
0 0.08382161458333333 0.24186197916666666 0.027180989583333332 0.0234375
0 0.8372395833333334 0.18241373697916666 0.02734375 0.037841796875
0 0.849609375 0.3098958333333333 0.01953125 0.0263671875
0 0.72265625 0.4866536458333333 0.024739583333333332 0.024088541666666668
0 0.9368489583333334 0.162841796875 0.029947916666666668 0.037272135416666664
0 0.5690104166666666 0.4873046875 0.031901041666666664 0.029296875
0 0.8385416666666666 0.3108723958333333 0.032552083333333336 0.034830729166666664
