0 0.3350423177083333 0.3299153645833333 0.038899739583333336 0.037434895833333336
0 0.6953125 0.336181640625 0.040364583333333336 0.033365885416666664
0 0.65185546875 0.1611328125 0.033528645833333336 0.045247395833333336
0 0.025843302408854168 0.4212239583333333 0.037994384765625 0.031901041666666664
0 0.3662109375 0.6888020833333334 0.032552083333333336 0.033854166666666664
0 0.4010416666666667 0.060872395833333336 0.026041666666666668 0.038411458333333336
0 0.2765299479166667 0.18143717447916666 0.035481770833333336 0.036539713541666664
0 0.3811848958333333 0.8704427083333334 0.034505208333333336 0.037760416666666664
0 0.2972005208333333 0.3997395833333333 0.035807291666666664 0.032552083333333336
0 0.6868489583333334 0.3870442708333333 0.041666666666666664 0.036458333333333336
0 0.124755859375 0.20947265625 0.031087239583333332 0.027669270833333332
0 0.3077799479166667 0.13859049479166666 0.03515625 0.031901041666666664
0 0.024113972981770832 0.5289713541666666 0.037302652994791664 0.032552083333333336
0 0.4244791666666667 0.3457845052083333 0.033203125 0.028483072916666668
0 0.3369140625 0.2703450520833333 0.037760416666666664 0.040364583333333336
0 0.5921223958333334 0.7259114583333334 0.037109375 0.028645833333333332
0 0.4440104166666667 0.7623697916666666 0.033203125 0.029947916666666668
0 0.3399251302083333 0.3033854166666667 0.02587890625 0.029622395833333332
0 0.6822916666666666 0.01544189453125 0.028645833333333332 0.0308837890625
0 0.0657958984375 0.07899983723958333 0.031494140625 0.039265950520833336
0 0.08795166015625 0.4436848958333333 0.024943033854166668 0.025390625
0 0.034413655598958336 0.5559895833333334 0.031107584635416668 0.024088541666666668
0 0.084716796875 0.20361328125 0.02734375 0.027018229166666668
0 0.17545572916666666 0.20149739583333334 0.023111979166666668 0.0322265625
0 0.25390625 0.4918619791666667 0.037760416666666664 0.018229166666666668
0 0.357421875 0.8515625 0.033203125 0.02734375
0 0.09814453125 0.3118489583333333 0.026692708333333332 0.029296875
0 0.0318145751953125 0.6178385416666666 0.027760823567708332 0.0234375
0 0.14485677083333334 0.21077473958333334 0.025065104166666668 0.039388020833333336
0 0.9459635416666666 0.5406901041666666 0.028645833333333332 0.022135416666666668
0 0.2451171875 0.23470052083333334 0.023111979166666668 0.020833333333333332
0 0.032216389973958336 0.4677734375 0.029317220052083332 0.018229166666666668
0 0.029078165690104168 0.140869140625 0.029734293619791668 0.023274739583333332
