0 0.6484375 0.6875 0.044270833333333336 0.024739583333333332
0 0.76171875 0.6857096354166666 0.04296875 0.041341145833333336
0 0.4514973958333333 0.6901041666666666 0.043619791666666664 0.0390625
0 0.7376302083333334 0.5592447916666666 0.029947916666666668 0.037109375
0 0.0142822265625 0.7330729166666666 0.028564453125 0.040364583333333336
0 0.022226969401041668 0.6559244791666666 0.040669759114583336 0.041015625
0 0.5198567708333334 0.5970052083333334 0.038411458333333336 0.031901041666666664
0 0.4781901041666667 0.6526692708333334 0.031901041666666664 0.034505208333333336
0 0.6534830729166666 0.611328125 0.0419921875 0.03125
0 0.78515625 0.541015625 0.045572916666666664 0.039713541666666664
0 0.4033203125 0.728515625 0.036458333333333336 0.03125
0 0.6438802083333334 0.5745442708333334 0.03125 0.033203125
0 0.7727864583333334 0.65380859375 0.041666666666666664 0.0283203125
0 0.6087239583333334 0.32861328125 0.036458333333333336 0.037434895833333336
0 0.07194010416666667 0.7610677083333334 0.03564453125 0.029947916666666668
0 0.038014729817708336 0.7975260416666666 0.043924967447916664 0.028645833333333332
0 0.6389973958333334 0.3128255208333333 0.036458333333333336 0.0341796875
0 0.775390625 0.5989583333333334 0.033854166666666664 0.030598958333333332
0 0.16263834635416666 0.7213541666666666 0.024658203125 0.028645833333333332
0 0.6953125 0.10856119791666667 0.022135416666666668 0.0244140625
0 0.7734375 0.4410807291666667 0.045572916666666664 0.033854166666666664
0 0.5221354166666666 0.7102864583333334 0.034505208333333336 0.03125
0 0.8307291666666666 0.19449869791666666 0.03515625 0.025065104166666668
0 0.3818359375 0.7545572916666666 0.020182291666666668 0.041666666666666664
0 0.7846919412144703 0.1954437177002584 0.026243540051679837 0.02119670542635658
