0 0.650390625 0.3114420572916667 0.041666666666666664 0.053548177083333336
0 0.6360677083333334 0.8522135416666666 0.030598958333333332 0.0390625
0 0.814453125 0.11271158854166667 0.045572916666666664 0.05126953125
0 0.6848958333333334 0.17008463541666666 0.03515625 0.042317708333333336
0 0.8138020833333334 0.18896484375 0.040364583333333336 0.036783854166666664
0 0.8424479166666666 0.16975911458333334 0.041666666666666664 0.054036458333333336
0 0.6263020833333334 0.6435546875 0.042317708333333336 0.030598958333333332
0 0.7369791666666666 0.9466145833333334 0.037760416666666664 0.0390625
0 0.802734375 0.15165201822916666 0.045572916666666664 0.036539713541666664
0 0.6481119791666666 0.13777669270833334 0.033854166666666664 0.03466796875
0 0.5491536458333334 0.7233072916666666 0.031901041666666664 0.02734375
0 0.6953125 0.10392252604166667 0.03125 0.040690104166666664
0 0.78125 0.9348958333333334 0.044270833333333336 0.036458333333333336
0 0.6769205729166666 0.050262451171875 0.0498046875 0.048075358072916664
0 0.7734375 0.01202392578125 0.04296875 0.0240478515625
0 0.6341145833333334 0.9876302083333334 0.033203125 0.0234375
0 0.6168619791666666 0.9075520833333334 0.032552083333333336 0.0390625
0 0.6940104166666666 0.023213704427083332 0.028645833333333332 0.0416259765625
0 0.6067708333333334 0.849609375 0.03125 0.037760416666666664
0 0.693359375 0.0679931640625 0.036458333333333336 0.042073567708333336
0 0.7643229166666666 0.9811197916666666 0.03125 0.03515625
0 0.5930989583333334 0.66064453125 0.032552083333333336 0.023763020833333332
0 0.5264782178617571 0.682281572997416 0.01780018572351416 0.028625645994832045
0 0.6247072835917312 0.5492268249354005 0.017159237726098137 0.026243540051679542
