0 0.2568359375 0.2718098958333333 0.0400390625 0.039388020833333336
0 0.2451171875 0.6940104166666666 0.046223958333333336 0.032552083333333336
0 0.240234375 0.6588541666666666 0.041666666666666664 0.041666666666666664
0 0.2771809895833333 0.23844401041666666 0.035481770833333336 0.036783854166666664
0 0.765625 0.4853515625 0.0390625 0.034505208333333336
0 0.23942057291666666 0.11482747395833333 0.031575520833333336 0.042805989583333336
0 0.25048828125 0.7884114583333334 0.0419921875 0.03125
0 0.17696126302083334 0.11580403645833333 0.031494140625 0.036783854166666664
0 0.5628255208333334 0.4820963541666667 0.03125 0.025390625
0 0.27294921875 0.12841796875 0.028971354166666668 0.0419921875
0 0.6888020833333334 0.630859375 0.04296875 0.036458333333333336
0 0.6705729166666666 0.4143880208333333 0.029947916666666668 0.027994791666666668
0 0.826171875 0.6888020833333334 0.029947916666666668 0.029947916666666668
0 0.5576171875 0.6629231770833334 0.020833333333333332 0.027018229166666668
0 0.318359375 0.3961588541666667 0.0244140625 0.02734375
0 0.27880859375 0.60546875 0.027994791666666668 0.02734375
0 0.2509765625 0.18831380208333334 0.025065104166666668 0.029296875
0 0.6197916666666666 0.6119791666666666 0.024739583333333332 0.03125
0 0.21240234375 0.11588541666666667 0.018880208333333332 0.043782552083333336
0 0.025594075520833332 0.3785807291666667 0.025390625 0.024088541666666668
0 0.4134114583333333 0.5211588541666666 0.034505208333333336 0.022135416666666668
0 0.17626953125 0.4016927083333333 0.02734375 0.022786458333333332
0 0.4287109375 0.1727294921875 0.030598958333333332 0.023030598958333332
0 0.3328450520833333 0.4274088541666667 0.0205078125 0.035807291666666664
0 0.9895833333333334 0.88671875 0.01953125 0.022135416666666668
0 0.8125 0.7962239583333334 0.029947916666666668 0.03125
0 0.9641927083333334 0.6012369791666666 0.028645833333333332 0.026692708333333332
0 0.677734375 0.63671875 0.032552083333333336 0.020833333333333332
0 0.047932942708333336 0.41796875 0.037434895833333336 0.030598958333333332
