0 0.11824544270833333 0.5205078125 0.060872395833333336 0.050130208333333336
0 0.693359375 0.3448079427083333 0.036458333333333336 0.036295572916666664
0 0.7252604166666666 0.14729817708333334 0.04296875 0.036946614583333336
0 0.6842447916666666 0.0645751953125 0.045572916666666664 0.036783854166666664
0 0.2965494791666667 0.18619791666666666 0.0302734375 0.037760416666666664
0 0.390625 0.16446940104166666 0.040364583333333336 0.035970052083333336
0 0.14628092447916666 0.4635416666666667 0.040771484375 0.039713541666666664
0 0.06306966145833333 0.5139973958333334 0.031168619791666668 0.0390625
0 0.23502604166666666 0.3938802083333333 0.0419921875 0.035807291666666664
0 0.2633463541666667 0.3688151041666667 0.046875 0.03125
0 0.611328125 0.125 0.024088541666666668 0.03173828125
0 0.27099609375 0.15804036458333334 0.033203125 0.0341796875
0 0.2713216145833333 0.181640625 0.039713541666666664 0.033203125
0 0.955078125 0.3697916666666667 0.036458333333333336 0.025390625
0 0.83984375 0.283203125 0.024739583333333332 0.026692708333333332
0 0.5963541666666666 0.026845296223958332 0.020182291666666668 0.03289794921875
0 0.6295572916666666 0.0469970703125 0.0234375 0.034016927083333336
0 0.408203125 0.2809244791666667 0.026041666666666668 0.025716145833333332
0 0.8990885416666666 0.5218098958333334 0.026041666666666668 0.026041666666666668
0 0.12711588541666666 0.4241536458333333 0.029459635416666668 0.027994791666666668
0 0.6691080729166666 0.09114583333333333 0.0263671875 0.02978515625
0 0.5384114583333334 0.11881510416666667 0.036458333333333336 0.023763020833333332
0 0.5455729166666666 0.2708333333333333 0.024088541666666668 0.037760416666666664
0 0.408203125 0.061279296875 0.03515625 0.022298177083333332
