0 0.4713541666666667 0.06437174479166667 0.05078125 0.04248046875
0 0.6350911458333334 0.14363606770833334 0.041015625 0.03955078125
0 0.5354817708333334 0.2955729166666667 0.043619791666666664 0.044921875
0 0.2877604166666667 0.054829915364583336 0.06380208333333333 0.0648193359375
0 0.6259765625 0.026357014973958332 0.047526041666666664 0.03582763671875
0 0.755859375 0.58984375 0.03515625 0.043619791666666664
0 0.3028971354166667 0.09749348958333333 0.0498046875 0.0400390625
0 0.2794596354166667 0.15779622395833334 0.0439453125 0.04443359375
0 0.671875 0.11735026041666667 0.032552083333333336 0.0361328125
0 0.5579427083333334 0.04345703125 0.03125 0.044026692708333336
0 0.5013020833333334 0.298828125 0.043619791666666664 0.044921875
0 0.4140625 0.29345703125 0.024739583333333332 0.038411458333333336
0 0.035563151041666664 0.26171875 0.027099609375 0.022786458333333332
0 0.033803304036458336 0.06272379557291667 0.034444173177083336 0.042521158854166664
0 0.59765625 0.344970703125 0.029947916666666668 0.03271484375
0 0.8020833333333334 0.2353515625 0.026041666666666668 0.0224609375
0 0.9485677083333334 0.9680989583333334 0.08072916666666667 0.061197916666666664
0 0.13151041666666666 0.3068033854166667 0.0205078125 0.029296875
0 0.7493489583333334 0.009206136067708334 0.036458333333333336 0.0166015625
0 0.8157552083333334 0.5234375 0.037760416666666664 0.037760416666666664
0 0.03118896484375 0.010884602864583334 0.043741861979166664 0.01873779296875
0 0.6044921875 0.13785807291666666 0.02734375 0.044596354166666664
0 0.9303385416666666 0.3147786458333333 0.026041666666666668 0.023763020833333332
0 0.3291829427083333 0.22509765625 0.034342447916666664 0.024739583333333332
0 0.4332682291666667 0.12931315104166666 0.048177083333333336 0.039225260416666664
0 0.0089111328125 0.08199055989583333 0.015096028645833334 0.032470703125
0 0.8098958333333334 0.703125 0.037760416666666664 0.03125
0 0.15580240885416666 0.4215494791666667 0.028238932291666668 0.03125
0 0.2736002604166667 0.4798177083333333 0.025065104166666668 0.022786458333333332
0 0.51953125 0.5602213541666666 0.041666666666666664 0.032552083333333336
0 0.8649366117571059 0.3301942021963824 0.02321543927648584 0.018168604651162767
