0 0.6940104166666666 0.0281982421875 0.033854166666666664 0.05224609375
0 0.023518880208333332 0.22151692708333334 0.04248046875 0.047200520833333336
0 0.6090494791666666 0.53515625 0.041015625 0.034505208333333336
0 0.0187225341796875 0.8619791666666666 0.033762613932291664 0.03515625
0 0.6985677083333334 0.09000651041666667 0.040364583333333336 0.0380859375
0 0.6940104166666666 0.16023763020833334 0.03515625 0.04052734375
0 0.6490885416666666 0.08074951171875 0.046875 0.0426025390625
0 0.018941243489583332 0.6236979166666666 0.035970052083333336 0.035807291666666664
0 0.4169921875 0.8404947916666666 0.038411458333333336 0.028645833333333332
0 0.041819254557291664 0.24967447916666666 0.03240966796875 0.033854166666666664
0 0.029179890950520832 0.4137369791666667 0.036936442057291664 0.036458333333333336
0 0.4807942708333333 0.6707356770833334 0.040364583333333336 0.0322265625
0 0.5423177083333334 0.849609375 0.029947916666666668 0.02734375
0 0.5374348958333334 0.703125 0.024739583333333332 0.0234375
0 0.018208821614583332 0.08331298828125 0.036417643229166664 0.043009440104166664
0 0.6256510416666666 0.3548177083333333 0.051432291666666664 0.051432291666666664
0 0.06844075520833333 0.9641927083333334 0.026448567708333332 0.02734375
0 0.6422526041666666 0.0192718505859375 0.061848958333333336 0.035512288411458336
0 0.07784016927083333 0.5540364583333334 0.026611328125 0.026692708333333332
0 0.010945638020833334 0.18180338541666666 0.021891276041666668 0.033203125
0 0.7897135416666666 0.5904947916666666 0.03125 0.025390625
0 0.2701822916666667 0.4095052083333333 0.035807291666666664 0.026041666666666668
0 0.012674967447916666 0.3128255208333333 0.0247802734375 0.039713541666666664
0 0.6243489583333334 0.3987630208333333 0.03515625 0.032552083333333336
0 0.6031901041666666 0.4671223958333333 0.024739583333333332 0.033203125
0 0.6090494791666666 0.8157552083333334 0.026692708333333332 0.024739583333333332
0 0.6617838541666666 0.13932291666666666 0.035807291666666664 0.031901041666666664
0 0.4329427083333333 0.5862630208333334 0.031901041666666664 0.02734375
0 0.11002604166666667 0.9720052083333334 0.025065104166666668 0.020833333333333332
0 0.044514973958333336 0.30126953125 0.026936848958333332 0.021809895833333332
0 0.015688578287760418 0.18619791666666666 0.014155069986979166 0.034830729166666664
