0 0.9088541666666666 0.6458333333333334 0.0546875 0.033854166666666664
0 0.10945638020833333 0.541015625 0.040201822916666664 0.042317708333333336
0 0.69140625 0.12581380208333334 0.037760416666666664 0.041178385416666664
0 0.6463216145833334 0.14314778645833334 0.0419921875 0.043131510416666664
0 0.3378092447916667 0.24153645833333334 0.030110677083333332 0.033203125
0 0.6468098958333334 0.20963541666666666 0.033203125 0.032552083333333336
0 0.14046223958333334 0.5563151041666666 0.02978515625 0.029947916666666668
0 0.5530598958333334 0.3834635416666667 0.036458333333333336 0.031901041666666664
0 0.369140625 0.17594401041666666 0.037760416666666664 0.034505208333333336
0 0.23518880208333334 0.5143229166666666 0.039713541666666664 0.039713541666666664
0 0.4254557291666667 0.3912760416666667 0.032552083333333336 0.031901041666666664
0 0.6194661458333334 0.22884114583333334 0.025390625 0.034830729166666664
0 0.9088541666666666 0.44921875 0.028645833333333332 0.031901041666666664
0 0.6285807291666666 0.2620442708333333 0.035807291666666664 0.0322265625
0 0.8125 0.6419270833333334 0.036458333333333336 0.020182291666666668
0 0.6624348958333334 0.501953125 0.029296875 0.03125
0 0.9296875 0.5950520833333334 0.041666666666666664 0.020182291666666668
0 0.21256510416666666 0.5084635416666666 0.0263671875 0.031901041666666664
0 0.8053385416666666 0.3473307291666667 0.026041666666666668 0.021484375
0 0.8841145833333334 0.6223958333333334 0.02734375 0.030598958333333332
0 0.5315755208333334 0.4814453125 0.030598958333333332 0.031901041666666664
0 0.708984375 0.2898763020833333 0.029947916666666668 0.022786458333333332
0 0.8430989583333334 0.447265625 0.0234375 0.025390625
0 0.474609375 0.23974609375 0.020833333333333332 0.027018229166666668
0 0.9557544008397935 0.5143330103359173 0.026041666666666668 0.034505208333333336
0 0.6266276041666666 0.2843424479166667 0.02734375 0.0283203125
0 0.0433349609375 0.23909505208333334 0.021809895833333332 0.0263671875
0 0.4921875 0.4694010416666667 0.029947916666666668 0.025390625
0 0.7760416666666666 0.21370442708333334 0.0234375 0.025716145833333332
0 0.6302083333333334 0.515625 0.028645833333333332 0.022786458333333332
