0 0.5745442708333334 0.24853515625 0.041666666666666664 0.0380859375
0 0.4775390625 0.052663167317708336 0.06510416666666667 0.07159423828125
0 0.6746419270833334 0.3678385416666667 0.049153645833333336 0.052734375
0 0.65966796875 0.319580078125 0.0400390625 0.04833984375
0 0.0137939453125 0.4322916666666667 0.027587890625 0.044921875
0 0.2760416666666667 0.9772135416666666 0.034830729166666664 0.045572916666666664
0 0.2628580729166667 0.5240885416666666 0.027994791666666668 0.04296875
0 0.611328125 0.15128580729166666 0.040364583333333336 0.03466796875
0 0.012491861979166666 0.5563151041666666 0.024983723958333332 0.043619791666666664
0 0.011433919270833334 0.024943033854166668 0.022867838541666668 0.049886067708333336
0 0.5361328125 0.943359375 0.035807291666666664 0.033854166666666664
0 0.3111979166666667 0.9850260416666666 0.031901041666666664 0.024739583333333332
0 0.5817057291666666 0.3929036458333333 0.034505208333333336 0.0390625
0 0.5283203125 0.9654947916666666 0.037760416666666664 0.032552083333333336
0 0.6321614583333334 0.5 0.025390625 0.03125
0 0.62890625 0.3287760416666667 0.029296875 0.037760416666666664
0 0.027582804361979168 0.4716796875 0.028167724609375 0.034505208333333336
0 0.5638020833333334 0.5257161458333334 0.03515625 0.022786458333333332
0 0.032012939453125 0.59375 0.03265380859375 0.031901041666666664
0 0.765625 0.7194010416666666 0.029947916666666668 0.029947916666666668
0 0.014129638671875 0.20556640625 0.025533040364583332 0.042317708333333336
0 0.83984375 0.7083333333333334 0.026041666666666668 0.024739583333333332
0 0.060099283854166664 0.6025390625 0.03125 0.0390625
0 0.5185546875 0.2716471354166667 0.02734375 0.020833333333333332
0 0.19514973958333334 0.6025390625 0.025390625 0.0234375
0 0.17411295572916666 0.7018229166666666 0.022216796875 0.018229166666666668
0 0.3743489583333333 0.123291015625 0.024088541666666668 0.031412760416666664
0 0.79296875 0.7174479166666666 0.026041666666666668 0.03515625
0 0.4615885416666667 0.02227783203125 0.03515625 0.032958984375
0 0.01357269287109375 0.3951822916666667 0.020055135091145832 0.036458333333333336
0 0.6477864583333334 0.7122395833333334 0.026692708333333332 0.028645833333333332
