0 0.4303385416666667 0.19596354166666666 0.04296875 0.037109375
0 0.927734375 0.02191162109375 0.044270833333333336 0.0428466796875
0 0.16719563802083334 0.24934895833333334 0.045491536458333336 0.035481770833333336
0 0.974609375 0.08799235026041667 0.028645833333333332 0.0430908203125
0 0.7630208333333334 0.3216959635416667 0.040364583333333336 0.03369140625
0 0.669921875 0.4814453125 0.036458333333333336 0.025390625
0 0.5654296875 0.021647135416666668 0.040364583333333336 0.0369873046875
0 0.16475423177083334 0.10636393229166667 0.044840494791666664 0.0458984375
0 0.4710286458333333 0.2537434895833333 0.030598958333333332 0.025065104166666668
0 0.2451171875 0.23583984375 0.029296875 0.026041666666666668
0 0.3076171875 0.2521158854166667 0.025065104166666668 0.027018229166666668
0 0.7688802083333334 0.58984375 0.03125 0.021484375
0 0.3863932291666667 0.17561848958333334 0.03125 0.025390625
0 0.6513671875 0.12752278645833334 0.026041666666666668 0.0205078125
0 0.9309895833333334 0.5895182291666666 0.032552083333333336 0.026692708333333332
0 0.8203125 0.12776692708333334 0.03515625 0.032389322916666664
0 0.5530598958333334 0.3974609375 0.02734375 0.028645833333333332
0 0.9446614583333334 0.5052083333333334 0.0390625 0.029947916666666668
0 0.806640625 0.033686319986979164 0.036458333333333336 0.026295979817708332
0 0.5589192708333334 0.113037109375 0.031901041666666664 0.020833333333333332
0 0.5546875 0.2705078125 0.03125 0.024739583333333332
