0 0.7350260416666666 0.16389973958333334 0.0546875 0.050455729166666664
0 0.25390625 0.20231119791666666 0.044921875 0.0400390625
0 0.6822916666666666 0.055094401041666664 0.036458333333333336 0.031087239583333332
0 0.60546875 0.21630859375 0.044270833333333336 0.029622395833333332
0 0.3414713541666667 0.12841796875 0.033203125 0.029296875
0 0.96875 0.22151692708333334 0.040364583333333336 0.025065104166666668
0 0.3883463541666667 0.1865234375 0.03515625 0.029947916666666668
0 0.8841145833333334 0.208984375 0.026041666666666668 0.027669270833333332
0 0.6468098958333334 0.10660807291666667 0.026692708333333332 0.032552083333333336
0 0.2526041666666667 0.23372395833333334 0.025390625 0.0234375
0 0.016408284505208332 0.12516276041666666 0.026509602864583332 0.0205078125
