0 0.4827473958333333 0.8255208333333334 0.038411458333333336 0.037760416666666664
0 0.857421875 0.0811767578125 0.0546875 0.058186848958333336
0 0.09222412109375 0.12418619791666667 0.032999674479166664 0.032877604166666664
0 0.7669270833333334 0.06339518229166667 0.041666666666666664 0.038004557291666664
0 0.051523844401041664 0.9563802083333334 0.045389811197916664 0.037760416666666664
0 0.564453125 0.8359375 0.049479166666666664 0.033854166666666664
0 0.21272786458333334 0.19791666666666666 0.028645833333333332 0.029296875
0 0.17366536458333334 0.17122395833333334 0.048828125 0.0400390625
0 0.160400390625 0.058512369791666664 0.042154947916666664 0.028564453125
0 0.6477864583333334 0.82421875 0.037109375 0.03125
0 0.19156901041666666 0.33056640625 0.028971354166666668 0.0263671875
0 0.08414713541666667 0.07023111979166667 0.029134114583333332 0.027018229166666668
0 0.16715494791666666 0.12394205729166667 0.026041666666666668 0.028483072916666668
0 0.121337890625 0.9518229166666666 0.0546875 0.033854166666666664
0 0.380859375 0.32763671875 0.029296875 0.0302734375
0 0.154052734375 0.027257283528645832 0.031087239583333332 0.023773193359375
0 0.5504557291666666 0.6376953125 0.047526041666666664 0.022135416666666668
0 0.4401041666666667 0.701171875 0.024739583333333332 0.029947916666666668
0 0.3028971354166667 0.2765299479166667 0.030924479166666668 0.028645833333333332
0 0.6497395833333334 0.2830403645833333 0.026692708333333332 0.026692708333333332
0 0.13606770833333334 0.21468098958333334 0.029459635416666668 0.043619791666666664
0 0.6321614583333334 0.4899088541666667 0.031901041666666664 0.029947916666666668
0 0.19384765625 0.09407552083333333 0.027018229166666668 0.029622395833333332
0 0.07733154296875 0.5944010416666666 0.031697591145833336 0.030598958333333332
0 0.18277994791666666 0.4775390625 0.028971354166666668 0.030598958333333332
0 0.10465494791666667 0.5426432291666666 0.033854166666666664 0.030598958333333332
0 0.020991007486979168 0.4228515625 0.026214599609375 0.0234375
0 0.69140625 0.4361979166666667 0.029947916666666668 0.021484375
0 0.3365885416666667 0.4755859375 0.037109375 0.026692708333333332
0 0.6507161458333334 0.537109375 0.022786458333333332 0.024088541666666668
0 0.619140625 0.4983723958333333 0.030598958333333332 0.029296875
0 0.5182379986272609 0.894478258236434 0.03839379441214478 0.040470566860465094
0 0.5296223958333334 0.67919921875 0.037760416666666664 0.029622395833333332
0 0.7115885416666666 0.126953125 0.02734375 0.031412760416666664
0 0.2600911458333333 0.2828776041666667 0.026041666666666668 0.018229166666666668
0 0.1549072265625 0.5442708333333334 0.029052734375 0.0234375
0 0.3531901041666667 0.515625 0.039713541666666664 0.027994791666666668
0 0.69140625 0.137939453125 0.022135416666666668 0.03369140625
0 0.16190592447916666 0.7291666666666666 0.040771484375 0.029947916666666668
0 0.927734375 0.3434244791666667 0.0234375 0.028645833333333332
0 0.6422526041666666 0.7317708333333334 0.024739583333333332 0.026041666666666668
0 0.16646321614583334 0.12849934895833334 0.041097005208333336 0.0166015625
0 0.3512369791666667 0.974609375 0.033203125 0.033854166666666664
0 0.15071614583333334 0.7884114583333334 0.024088541666666668 0.02734375
0 0.8736979166666666 0.13240559895833334 0.036458333333333336 0.026692708333333332
0 0.8776041666666666 0.061930338541666664 0.040364583333333336 0.037516276041666664
0 0.116943359375 0.031331380208333336 0.026692708333333332 0.027425130208333332
0 0.6559244791666666 0.3587239583333333 0.029296875 0.025390625
0 0.6328125 0.76171875 0.031901041666666664 0.02734375
0 0.09220377604166667 0.3352864583333333 0.022135416666666668 0.022786458333333332
0 0.771484375 0.6940104166666666 0.020833333333333332 0.028645833333333332
0 0.17464192708333334 0.7395833333333334 0.028971354166666668 0.028645833333333332
0 0.1142578125 0.09554036458333333 0.022623697916666668 0.035970052083333336
0 0.4036458333333333 0.3058268229166667 0.020833333333333332 0.021158854166666668
0 0.802860545865633 0.5295441698966408 0.02018733850129184 0.02119670542635658
