0 0.65087890625 0.3343098958333333 0.043294270833333336 0.037760416666666664
0 0.572265625 0.17333984375 0.037109375 0.037109375
0 0.560546875 0.06355794270833333 0.04296875 0.039388020833333336
0 0.88671875 0.19189453125 0.048177083333333336 0.053385416666666664
0 0.5169270833333334 0.17582194010416666 0.041015625 0.025960286458333332
0 0.19189453125 0.10823567708333333 0.027669270833333332 0.0439453125
0 0.105224609375 0.108154296875 0.049641927083333336 0.05322265625
0 0.7278645833333334 0.23714192708333334 0.036458333333333336 0.028971354166666668
0 0.024983723958333332 0.009287516276041666 0.049967447916666664 0.018575032552083332
0 0.022115071614583332 0.22786458333333334 0.036173502604166664 0.033528645833333336
0 0.3736979166666667 0.07316080729166667 0.027994791666666668 0.031575520833333336
0 0.6790364583333334 0.22428385416666666 0.022135416666666668 0.0302734375
0 0.20296223958333334 0.057545979817708336 0.0244140625 0.032694498697916664
0 0.880859375 0.034322102864583336 0.029947916666666668 0.025675455729166668
0 0.5491536458333334 0.12654622395833334 0.026692708333333332 0.018717447916666668
0 0.11669921875 0.20784505208333334 0.03076171875 0.038411458333333336
0 0.08247884114583333 0.18310546875 0.029541015625 0.033528645833333336
0 0.09630369832041337 0.21310763888888892 0.03431847545219643 0.026243540051679577
0 0.13920179263565893 0.166172076873385 0.02321543927648584 0.02927164082687339
