0 0.13460286458333334 0.35546875 0.047037760416666664 0.03125
0 0.857421875 0.16703287760416666 0.0390625 0.038330078125
0 0.6549479166666666 0.060923258463541664 0.03125 0.045145670572916664
0 0.78125 0.4270833333333333 0.0390625 0.03515625
0 0.6546223958333334 0.320556640625 0.030598958333333332 0.027506510416666668
0 0.8815104166666666 0.14501953125 0.033854166666666664 0.031087239583333332
0 0.88671875 0.334228515625 0.040364583333333336 0.028157552083333332
0 0.4293619791666667 0.2814127604166667 0.032552083333333336 0.033528645833333336
0 0.8899739583333334 0.17923990885416666 0.028645833333333332 0.034423828125
0 0.9583333333333334 0.2810872395833333 0.032552083333333336 0.0244140625
0 0.3681640625 0.2825520833333333 0.037760416666666664 0.032877604166666664
0 0.7864583333333334 0.10628255208333333 0.03515625 0.025065104166666668
0 0.8177083333333334 0.13639322916666666 0.03125 0.030924479166666668
0 0.24430338541666666 0.21809895833333334 0.033203125 0.020182291666666668
0 0.2041015625 0.2936197916666667 0.023111979166666668 0.02734375
0 0.045450846354166664 0.16666666666666666 0.028076171875 0.023763020833333332
0 0.7682291666666666 0.0117034912109375 0.028645833333333332 0.020294189453125
0 0.23974609375 0.431640625 0.039388020833333336 0.028645833333333332
0 0.7545572916666666 0.3043619791666667 0.028645833333333332 0.037109375
0 0.178062419250646 0.11570373062015504 0.024224806201550358 0.025234173126614984
