0 0.8658854166666666 0.5983072916666666 0.04296875 0.036458333333333336
0 0.16548665364583334 0.4508463541666667 0.047932942708333336 0.041015625
0 0.65380859375 0.10017903645833333 0.037434895833333336 0.031087239583333332
0 0.3019205729166667 0.1614990234375 0.029947916666666668 0.033772786458333336
0 0.9055989583333334 0.541015625 0.037760416666666664 0.035807291666666664
0 0.4915364583333333 0.4208984375 0.038411458333333336 0.027994791666666668
0 0.6901041666666666 0.3356119791666667 0.029947916666666668 0.035807291666666664
0 0.9772135416666666 0.3746744791666667 0.03125 0.032552083333333336
0 0.5338541666666666 0.4176432291666667 0.028645833333333332 0.02734375
0 0.6818033854166666 0.2810872395833333 0.0322265625 0.028971354166666668
0 0.15006510416666666 0.118896484375 0.030598958333333332 0.025227864583333332
0 0.8053385416666666 0.20670572916666666 0.03125 0.033203125
0 0.25439453125 0.2713216145833333 0.032877604166666664 0.029947916666666668
0 0.4309895833333333 0.332763671875 0.033854166666666664 0.02587890625
0 0.7662760416666666 0.17142740885416666 0.032552083333333336 0.021077473958333332
0 0.810546875 0.5791015625 0.03515625 0.025390625
0 0.951171875 0.3600260416666667 0.028645833333333332 0.024088541666666668
0 0.109130859375 0.3795572916666667 0.034505208333333336 0.02734375
0 0.4055989583333333 0.058837890625 0.029296875 0.029947916666666668
0 0.080810546875 0.12288411458333333 0.03173828125 0.027994791666666668
0 0.060994466145833336 0.4010416666666667 0.022542317708333332 0.021484375
0 0.8548177083333334 0.2490234375 0.032552083333333336 0.03125
0 0.4186197916666667 0.019170125325520832 0.020833333333333332 0.036855061848958336
0 0.4095052083333333 0.10603841145833333 0.026692708333333332 0.028971354166666668
0 0.3126627604166667 0.12980143229166666 0.022135416666666668 0.021647135416666668
0 0.18375651041666666 0.032806396484375 0.021809895833333332 0.025370279947916668
0 0.5504557291666666 0.0667724609375 0.042317708333333336 0.022054036458333332
0 0.338623046875 0.042073567708333336 0.048014322916666664 0.028157552083333332
0 0.3717447916666667 0.3597005208333333 0.022786458333333332 0.017578125
0 0.2801106770833333 0.13785807291666666 0.021484375 0.02099609375
0 0.529296875 0.2021484375 0.026041666666666668 0.017252604166666668
0 0.2527669270833333 0.14404296875 0.027994791666666668 0.040201822916666664
