0 0.3069661458333333 0.5885416666666666 0.0478515625 0.052083333333333336
0 0.19270833333333334 0.9303385416666666 0.042317708333333336 0.044270833333333336
0 0.7005208333333334 0.5380859375 0.044270833333333336 0.041015625
0 0.3990885416666667 0.4329427083333333 0.040364583333333336 0.041666666666666664
0 0.7532552083333334 0.4954427083333333 0.036458333333333336 0.038411458333333336
0 0.2791341145833333 0.5016276041666666 0.047200520833333336 0.046875
0 0.2626953125 0.8014322916666666 0.044921875 0.037760416666666664
0 0.4410807291666667 0.06899007161458333 0.036458333333333336 0.040568033854166664
0 0.2731119791666667 0.7356770833333334 0.0478515625 0.032552083333333336
0 0.623046875 0.3697916666666667 0.046223958333333336 0.029296875
0 0.2890625 0.4586588541666667 0.039388020833333336 0.03515625
0 0.2618815104166667 0.5992838541666666 0.046875 0.037760416666666664
0 0.66943359375 0.330078125 0.0400390625 0.048828125
0 0.3782552083333333 0.5693359375 0.04296875 0.025390625
0 0.2503255208333333 0.8372395833333334 0.043294270833333336 0.0390625
0 0.7649739583333334 0.3343098958333333 0.03125 0.036458333333333336
0 0.8938802083333334 0.7994791666666666 0.024739583333333332 0.026041666666666668
0 0.703125 0.4837239583333333 0.05078125 0.061197916666666664
0 0.302734375 0.6520182291666666 0.030598958333333332 0.02734375
0 0.6495768229166666 0.4658203125 0.0419921875 0.035807291666666664
0 0.3671875 0.7727864583333334 0.036458333333333336 0.03125
0 0.7766927083333334 0.6354166666666666 0.02734375 0.031901041666666664
0 0.7018229166666666 0.3384602864583333 0.02734375 0.023600260416666668
0 0.2596028645833333 0.5322265625 0.031575520833333336 0.020833333333333332
0 0.139892578125 0.5432942708333334 0.039713541666666664 0.029947916666666668
0 0.5725911458333334 0.4954427083333333 0.037760416666666664 0.02734375
0 0.4274088541666667 0.3955078125 0.03515625 0.031901041666666664
0 0.4527994791666667 0.4215494791666667 0.029947916666666668 0.026041666666666668
0 0.3821614583333333 0.054850260416666664 0.033854166666666664 0.0263671875
0 0.4055989583333333 0.031260172526041664 0.031901041666666664 0.029764811197916668
0 0.2882486979166667 0.5979817708333334 0.039388020833333336 0.042317708333333336
0 0.9791666666666666 0.80078125 0.032552083333333336 0.029947916666666668
0 0.4087027616279069 0.29133357558139533 0.021196705426356655 0.015140503875968991
0 0.4642179425064599 0.39277495155038755 0.02321543927648584 0.02422480620155043
0 0.8558523094315245 0.7904655200258398 0.021196705426356505 0.022206072351421174
0 0.6489320897932817 0.6244246608527132 0.03129037467700272 0.027252906976744207
0 0.7317001776485789 0.5194505006459949 0.033309108527131905 0.04542151162790694
