0 0.2578125 0.6432291666666666 0.060221354166666664 0.0703125
0 0.024576822916666668 0.6433919270833334 0.049153645833333336 0.0556640625
0 0.3782552083333333 0.025716145833333332 0.04296875 0.041666666666666664
0 0.68798828125 0.15279134114583334 0.052408854166666664 0.053792317708333336
0 0.64892578125 0.21728515625 0.048502604166666664 0.040364583333333336
0 0.4026692708333333 0.3912760416666667 0.043619791666666664 0.037760416666666664
0 0.67041015625 0.336181640625 0.039388020833333336 0.041829427083333336
0 0.8776041666666666 0.08331298828125 0.040364583333333336 0.030965169270833332
0 0.6443684895833334 0.17594401041666666 0.0537109375 0.034505208333333336
0 0.2545572916666667 0.15096028645833334 0.037760416666666664 0.034016927083333336
0 0.4583333333333333 0.1649169921875 0.051432291666666664 0.050374348958333336
0 0.2757161458333333 0.10286458333333333 0.031575520833333336 0.031575520833333336
0 0.6442057291666666 0.10603841145833333 0.03125 0.037760416666666664
0 0.6861979166666666 0.08015950520833333 0.045572916666666664 0.03466796875
0 0.8444010416666666 0.20052083333333334 0.02734375 0.0224609375
0 0.890625 0.039388020833333336 0.029947916666666668 0.03369140625
0 0.2932942708333333 0.3743489583333333 0.043294270833333336 0.052083333333333336
0 0.6578776041666666 0.14860026041666666 0.029296875 0.036458333333333336
0 0.5914713541666666 0.3306477864583333 0.025390625 0.02685546875
0 0.708984375 0.33984375 0.033854166666666664 0.027994791666666668
0 0.318359375 0.2999674479166667 0.03125 0.023763020833333332
0 0.2643229166666667 0.380859375 0.03515625 0.041666666666666664
0 0.921875 0.21337890625 0.028645833333333332 0.019205729166666668
0 0.5110677083333334 0.16861979166666666 0.027994791666666668 0.028971354166666668
0 0.865234375 0.019816080729166668 0.033854166666666664 0.036580403645833336
0 0.3512369791666667 0.022501627604166668 0.02734375 0.035970052083333336
0 0.7076822916666666 0.48046875 0.022135416666666668 0.03125
0 0.25830078125 0.26611328125 0.029622395833333332 0.03125
0 0.8470052083333334 0.5719401041666666 0.020833333333333332 0.032552083333333336
0 0.9908854166666666 0.525390625 0.018229166666666668 0.026041666666666668
0 0.8606770833333334 0.5436197916666666 0.02734375 0.021484375
0 0.9641927083333334 0.4866536458333333 0.024739583333333332 0.028645833333333332
0 0.009918212890625 0.08656819661458333 0.01983642578125 0.0311279296875
0 0.814453125 0.011698404947916666 0.033854166666666664 0.023396809895833332
0 0.324951171875 0.026652018229166668 0.030436197916666668 0.023966471354166668
0 0.85546875 0.5517578125 0.01953125 0.025390625
0 0.7311197916666666 0.039774576822916664 0.026041666666666668 0.020792643229166668
