0 0.7526041666666666 0.6409505208333334 0.048177083333333336 0.044921875
0 0.4899088541666667 0.5804036458333334 0.044270833333333336 0.042317708333333336
0 0.6901041666666666 0.4716796875 0.041666666666666664 0.038411458333333336
0 0.8483072916666666 0.6744791666666666 0.041666666666666664 0.032552083333333336
0 0.6453450520833334 0.478515625 0.046549479166666664 0.049479166666666664
0 0.5309244791666666 0.3279622395833333 0.047526041666666664 0.035481770833333336
0 0.2747395833333333 0.19173177083333334 0.0576171875 0.046875
0 0.22428385416666666 0.17024739583333334 0.035807291666666664 0.0458984375
0 0.2693684895833333 0.36328125 0.051432291666666664 0.04296875
0 0.2864583333333333 0.7102864583333334 0.050455729166666664 0.059895833333333336
0 0.41015625 0.5563151041666666 0.041015625 0.031901041666666664
0 0.4912109375 0.6328125 0.037760416666666664 0.033854166666666664
0 0.4427083333333333 0.3048502604166667 0.027994791666666668 0.027669270833333332
0 0.5501302083333334 0.5872395833333334 0.037109375 0.033854166666666664
0 0.5100911458333334 0.3720703125 0.030598958333333332 0.032552083333333336
0 0.2727864583333333 0.6302083333333334 0.040364583333333336 0.036458333333333336
0 0.5432942708333334 0.2708333333333333 0.036458333333333336 0.032552083333333336
0 0.3610026041666667 0.390625 0.031901041666666664 0.026692708333333332
0 0.568359375 0.5045572916666666 0.026692708333333332 0.029947916666666668
0 0.27880859375 0.6673177083333334 0.031575520833333336 0.040364583333333336
0 0.3668619791666667 0.3427734375 0.026041666666666668 0.045572916666666664
0 0.671875 0.17138671875 0.03125 0.021484375
0 0.4173177083333333 0.6422526041666666 0.039713541666666664 0.040364583333333336
0 0.1884765625 0.2776692708333333 0.037434895833333336 0.029296875
0 0.5485026041666666 0.55859375 0.034505208333333336 0.032552083333333336
0 0.5602213541666666 0.5289713541666666 0.034505208333333336 0.03125
0 0.5914713541666666 0.18863932291666666 0.0234375 0.027018229166666668
0 0.7643229166666666 0.5703125 0.02734375 0.025390625
0 0.2633463541666667 0.755859375 0.033854166666666664 0.046875
