0 0.484375 0.5201822916666666 0.037109375 0.041015625
0 0.6500651041666666 0.5445963541666666 0.043619791666666664 0.033854166666666664
0 0.4287109375 0.6012369791666666 0.041015625 0.033203125
0 0.6136067708333334 0.23014322916666666 0.038411458333333336 0.040364583333333336
0 0.34765625 0.6448567708333334 0.040364583333333336 0.020182291666666668
0 0.7701822916666666 0.513671875 0.029947916666666668 0.0390625
0 0.6451822916666666 0.4677734375 0.039713541666666664 0.033203125
0 0.7760416666666666 0.4772135416666667 0.037760416666666664 0.032552083333333336
0 0.6370442708333334 0.21272786458333334 0.037109375 0.0263671875
0 0.2919921875 0.6494140625 0.034830729166666664 0.021484375
0 0.7630208333333334 0.3489583333333333 0.032552083333333336 0.027994791666666668
0 0.5530598958333334 0.482421875 0.041666666666666664 0.024088541666666668
0 0.057657877604166664 0.5611979166666666 0.041666666666666664 0.036458333333333336
0 0.6448567708333334 0.4173177083333333 0.021484375 0.021484375
0 0.794921875 0.3509114583333333 0.0390625 0.033203125
0 0.6357421875 0.4895833333333333 0.038411458333333336 0.039713541666666664
0 0.7897135416666666 0.3850911458333333 0.029947916666666668 0.031901041666666664
0 0.5413411458333334 0.09586588541666667 0.03125 0.0263671875
0 0.011372884114583334 0.5247395833333334 0.022745768229166668 0.037109375
0 0.7688802083333334 0.4300130208333333 0.049479166666666664 0.037109375
0 0.7356770833333334 0.2373046875 0.020833333333333332 0.027669270833333332
0 0.7356770833333334 0.5315755208333334 0.032552083333333336 0.046875
0 0.4475911458333333 0.5543619791666666 0.034505208333333336 0.029296875
0 0.8190104166666666 0.14043322028423774 0.03835594315245494 0.024224806201550375
0 0.8094214308785529 0.055646398578811374 0.021196705426356804 0.02826227390180879
