0 0.2587890625 0.578125 0.039713541666666664 0.039713541666666664
0 0.5751953125 0.6028645833333334 0.03125 0.035807291666666664
0 0.18196614583333334 0.6578776041666666 0.036458333333333336 0.031901041666666664
0 0.7194010416666666 0.7350260416666666 0.036458333333333336 0.03515625
0 0.2679036458333333 0.4332682291666667 0.031575520833333336 0.035807291666666664
0 0.15059407552083334 0.6471354166666666 0.039306640625 0.031901041666666664
0 0.030364990234375 0.57421875 0.037577311197916664 0.034505208333333336
0 0.5123697916666666 0.6022135416666666 0.026692708333333332 0.030598958333333332
0 0.3169759114583333 0.4368489583333333 0.035319010416666664 0.024739583333333332
0 0.01434326171875 0.482421875 0.0286865234375 0.024088541666666668
0 0.5680338541666666 0.0198974609375 0.032552083333333336 0.0380859375
0 0.875 0.012593587239583334 0.045572916666666664 0.025187174479166668
0 0.5042317708333334 0.4957682291666667 0.032552083333333336 0.027994791666666668
0 0.6744791666666666 0.390625 0.03125 0.026041666666666668
0 0.28125 0.15966796875 0.0322265625 0.023111979166666668
0 0.24544270833333334 0.3896484375 0.026692708333333332 0.0234375
0 0.916015625 0.5387369791666666 0.03515625 0.035807291666666664
0 0.7975260416666666 0.012797037760416666 0.048177083333333336 0.025594075520833332
0 0.2618815104166667 0.11751302083333333 0.03125 0.03076171875
0 0.751953125 0.73046875 0.0234375 0.033854166666666664
0 0.137939453125 0.67578125 0.029134114583333332 0.02734375
0 0.5323388545704134 0.42505702923126615 0.02424751695736423 0.01820393249354006
0 0.19775390625 0.3828125 0.0283203125 0.024088541666666668
0 0.9069010416666666 0.08015950520833333 0.029947916666666668 0.026041666666666668
0 0.5465494791666666 0.40625 0.025390625 0.028645833333333332
0 0.4192708333333333 0.3004557291666667 0.028645833333333332 0.020833333333333332
0 0.10196940104166667 0.4192708333333333 0.035807291666666664 0.031901041666666664
0 0.72265625 0.3531901041666667 0.01953125 0.029947916666666668
0 0.023396809895833332 0.3772786458333333 0.025146484375 0.027994791666666668
0 0.297672399870801 0.061197916666666664 0.03532784237726094 0.02927164082687338
0 0.39759972545219635 0.24944484819121446 0.02321543927648569 0.02018733850129199
