0 0.7682291666666666 0.4482421875 0.05859375 0.052734375
0 0.6533203125 0.51953125 0.033203125 0.0390625
0 0.73046875 0.8196614583333334 0.0390625 0.0390625
0 0.7610677083333334 0.040008544921875 0.05859375 0.056376139322916664
0 0.6901041666666666 0.5286458333333334 0.0390625 0.032552083333333336
0 0.9329427083333334 0.4736328125 0.0390625 0.033203125
0 0.5032552083333334 0.8483072916666666 0.051432291666666664 0.044270833333333336
0 0.4095052083333333 0.68310546875 0.034505208333333336 0.034830729166666664
0 0.4954427083333333 0.7903645833333334 0.03515625 0.041666666666666664
0 0.022257486979166668 0.3759765625 0.041015625 0.029296875
0 0.4404296875 0.833984375 0.0390625 0.02734375
0 0.4326171875 0.4225260416666667 0.026041666666666668 0.026692708333333332
0 0.029332478841145832 0.4869791666666667 0.037770589192708336 0.042317708333333336
0 0.4387566618217054 0.8576615996447029 0.03376332364341087 0.029125282622739057
0 0.6809895833333334 0.8040364583333334 0.05078125 0.04296875
0 0.023991902669270832 0.7708333333333334 0.039337158203125 0.026041666666666668
0 0.7701822916666666 0.021952311197916668 0.048177083333333336 0.043904622395833336
0 0.47265625 0.7799479166666666 0.026692708333333332 0.037760416666666664
0 0.702267038113695 0.8162195171188631 0.03363210594315236 0.03529756136950901
0 0.9401041666666666 0.4169921875 0.040364583333333336 0.024739583333333332
0 0.4501953125 0.9361979166666666 0.02734375 0.041666666666666664
0 0.019068400065104168 0.3394368489583333 0.032745361328125 0.03076171875
0 0.321533203125 0.484375 0.041178385416666664 0.021484375
0 0.11767578125 0.474609375 0.0302734375 0.021484375
0 0.51171875 0.4163411458333333 0.0234375 0.033203125
0 0.027537027994791668 0.31103515625 0.034769694010416664 0.030598958333333332
0 0.07269287109375 0.3115234375 0.0308837890625 0.0341796875
0 0.3818359375 0.5182291666666666 0.02734375 0.018880208333333332
0 0.8372395833333334 0.4401041666666667 0.026041666666666668 0.02734375
0 0.4514973958333333 0.3271484375 0.040364583333333336 0.022135416666666668
0 0.015238444010416666 0.8815104166666666 0.030476888020833332 0.046875
0 0.013493855794270834 0.4986979166666667 0.023712158203125 0.041666666666666664
0 0.4536195897932816 0.8712148740310077 0.024224806201550358 0.026243540051679542
