0 0.6145833333333334 0.8899739583333334 0.044921875 0.0390625
0 0.701171875 0.138916015625 0.049479166666666664 0.040852864583333336
0 0.4381510416666667 0.3636067708333333 0.044270833333333336 0.042317708333333336
0 0.8190104166666666 0.5234375 0.049479166666666664 0.039713541666666664
0 0.4456380208333333 0.9244791666666666 0.051432291666666664 0.04296875
0 0.380859375 0.4694010416666667 0.038411458333333336 0.036458333333333336
0 0.4417317708333333 0.8880208333333334 0.048177083333333336 0.0390625
0 0.4827473958333333 0.8528645833333334 0.041015625 0.046875
0 0.015889485677083332 0.8841145833333334 0.031778971354166664 0.044270833333333336
0 0.6214192708333334 0.3116861979166667 0.051432291666666664 0.040690104166666664
0 0.7845052083333334 0.751953125 0.03125 0.036458333333333336
0 0.2985026041666667 0.4794921875 0.042643229166666664 0.037109375
0 0.4856770833333333 0.9557291666666666 0.048828125 0.06380208333333333
0 0.023417154947916668 0.0806884765625 0.0435791015625 0.054768880208333336
0 0.066680908203125 0.95703125 0.05218505859375 0.046875
0 0.7923177083333334 0.27490234375 0.037760416666666664 0.040364583333333336
0 0.5699869791666666 0.5107421875 0.040364583333333336 0.045572916666666664
0 0.6197916666666666 0.4449869791666667 0.06315104166666667 0.06380208333333333
0 0.6204427083333334 0.8216145833333334 0.044270833333333336 0.029947916666666668
0 0.0174102783203125 0.2732747395833333 0.032725016276041664 0.047200520833333336
0 0.4163411458333333 0.135498046875 0.044921875 0.029134114583333332
0 0.4781901041666667 0.3346354166666667 0.033203125 0.032552083333333336
0 0.7779947916666666 0.41796875 0.033854166666666664 0.025390625
0 0.3045247395833333 0.4479166666666667 0.039388020833333336 0.044270833333333336
0 0.27685546875 0.5022786458333334 0.039388020833333336 0.034505208333333336
0 0.6139322916666666 0.9283854166666666 0.0390625 0.036458333333333336
0 0.5657552083333334 0.849609375 0.027994791666666668 0.032552083333333336
0 0.5719401041666666 0.039347330729166664 0.03515625 0.024739583333333332
0 0.6295572916666666 0.6318359375 0.032552083333333336 0.029296875
0 0.4225260416666667 0.4602864583333333 0.028645833333333332 0.02734375
0 0.0057373046875 0.09295654296875 0.011474609375 0.0377197265625
0 0.5625 0.4313151041666667 0.040364583333333336 0.024739583333333332
0 0.4130859375 0.978515625 0.022786458333333332 0.029947916666666668
0 0.007512410481770833 0.9879557291666666 0.015024820963541666 0.024088541666666668
0 0.025472005208333332 0.147216796875 0.03271484375 0.032063802083333336
0 0.054158528645833336 0.9908854166666666 0.022379557291666668 0.018229166666666668
