0 0.9381510416666666 0.4348958333333333 0.046875 0.048828125
0 0.646484375 0.06800333658854167 0.045572916666666664 0.06011962890625
0 0.51953125 0.15498860677083334 0.040364583333333336 0.036702473958333336
0 0.736328125 0.037241617838541664 0.033854166666666664 0.04547119140625
0 0.8509114583333334 0.4108072916666667 0.032552083333333336 0.033203125
0 0.6569010416666666 0.2708333333333333 0.040364583333333336 0.027994791666666668
0 0.67138671875 0.08782958984375 0.030924479166666668 0.028116861979166668
0 0.6656901041666666 0.3642578125 0.034505208333333336 0.021484375
0 0.6243489583333334 0.327392578125 0.041015625 0.032063802083333336
0 0.89453125 0.5022786458333334 0.036458333333333336 0.033203125
0 0.6979166666666666 0.011678059895833334 0.044270833333333336 0.023356119791666668
0 0.6442057291666666 0.017888387044270832 0.044270833333333336 0.035105387369791664
0 0.18668619791666666 0.2823893229166667 0.0322265625 0.023763020833333332
0 0.9173177083333334 0.4720052083333333 0.0234375 0.029947916666666668
0 0.7415364583333334 0.4322916666666667 0.022135416666666668 0.026692708333333332
0 0.4951171875 0.12215169270833333 0.026692708333333332 0.023274739583333332
