0 0.92578125 0.24300130208333334 0.040364583333333336 0.040364583333333336
0 0.8932291666666666 0.5628255208333334 0.037760416666666664 0.041015625
0 0.9322916666666666 0.54296875 0.037760416666666664 0.043619791666666664
0 0.3948567708333333 0.3050130208333333 0.022786458333333332 0.03125
0 0.8548177083333334 0.2734375 0.03125 0.0283203125
0 0.8860677083333334 0.6067708333333334 0.03125 0.032552083333333336
0 0.3388671875 0.2001953125 0.033854166666666664 0.028971354166666668
0 0.4537760416666667 0.12150065104166667 0.02734375 0.02734375
0 0.7298177083333334 0.058186848958333336 0.03515625 0.023600260416666668
0 0.052083333333333336 0.19889322916666666 0.031494140625 0.023111979166666668
0 0.8826005329457364 0.37460634689922473 0.050468346253230045 0.05450581395348834
