0 0.482421875 0.16597493489583334 0.048828125 0.06453450520833333
0 0.4934895833333333 0.070556640625 0.049479166666666664 0.057779947916666664
0 0.4576822916666667 0.5963541666666666 0.047526041666666664 0.045572916666666664
0 0.63671875 0.16410319010416666 0.036458333333333336 0.036376953125
0 0.6712239583333334 0.20572916666666666 0.052083333333333336 0.044921875
0 0.451171875 0.06972249348958333 0.050130208333333336 0.06888834635416667
0 0.6617838541666666 0.5608723958333334 0.037109375 0.039713541666666664
0 0.6888020833333334 0.30029296875 0.053385416666666664 0.039713541666666664
0 0.6953125 0.5511067708333334 0.041666666666666664 0.047526041666666664
0 0.7975260416666666 0.4319661458333333 0.040364583333333336 0.039713541666666664
0 0.6123046875 0.85546875 0.03515625 0.0390625
0 0.017964680989583332 0.763671875 0.034016927083333336 0.029947916666666668
0 0.6412760416666666 0.08951822916666667 0.041015625 0.034342447916666664
0 0.3123372395833333 0.720703125 0.034505208333333336 0.037760416666666664
0 0.66845703125 0.4075520833333333 0.031575520833333336 0.037109375
0 0.4303385416666667 0.17329915364583334 0.05078125 0.059651692708333336
0 0.5732421875 0.4583333333333333 0.030598958333333332 0.030598958333333332
0 0.020853678385416668 0.88671875 0.041707356770833336 0.040364583333333336
0 0.28857421875 0.7350260416666666 0.034830729166666664 0.026041666666666668
0 0.011210123697916666 0.5823567708333334 0.021687825520833332 0.041666666666666664
0 0.15091959635416666 0.7975260416666666 0.032796223958333336 0.026041666666666668
0 0.494140625 0.030588785807291668 0.039713541666666664 0.029154459635416668
0 0.7421875 0.404296875 0.024739583333333332 0.029947916666666668
0 0.4609375 0.0203399658203125 0.036458333333333336 0.036794026692708336
0 0.4306640625 0.6227213541666666 0.026692708333333332 0.029296875
0 0.02862548828125 0.3610026041666667 0.0330810546875 0.033203125
0 0.3909505208333333 0.60546875 0.022786458333333332 0.032552083333333336
0 0.12972005208333334 0.8359375 0.039388020833333336 0.028645833333333332
0 0.7180989583333334 0.4436848958333333 0.033854166666666664 0.027994791666666668
0 0.5875651041666666 0.4833984375 0.027994791666666668 0.02734375
0 0.8483072916666666 0.91796875 0.03125 0.037760416666666664
0 0.9166666666666666 0.5582682291666666 0.03125 0.020182291666666668
0 0.010711669921875 0.419921875 0.02142333984375 0.03125
0 0.7076822916666666 0.865234375 0.0234375 0.032552083333333336
0 0.4404296875 0.5120442708333334 0.026692708333333332 0.021484375
0 0.734375 0.4534505208333333 0.036458333333333336 0.026041666666666668
0 0.4446614583333333 0.2906901041666667 0.033854166666666664 0.023111979166666668
0 0.3043619791666667 0.8177083333333334 0.02734375 0.01953125
