0 0.3084309895833333 0.17496744791666666 0.0400390625 0.041666666666666664
0 0.21077473958333334 0.4388020833333333 0.057291666666666664 0.038411458333333336
0 0.7135416666666666 0.2516276041666667 0.041666666666666664 0.039713541666666664
0 0.2529296875 0.3512369791666667 0.044921875 0.046223958333333336
0 0.6474609375 0.10148111979166667 0.047526041666666664 0.0419921875
0 0.2683919270833333 0.1815185546875 0.046223958333333336 0.044514973958333336
0 0.1787109375 0.5579427083333334 0.056966145833333336 0.052083333333333336
0 0.6881510416666666 0.055826822916666664 0.049479166666666664 0.037760416666666664
0 0.6292317708333334 0.06378173828125 0.042317708333333336 0.039265950520833336
0 0.3160807291666667 0.21468098958333334 0.044921875 0.0439453125
0 0.818359375 0.0650634765625 0.048177083333333336 0.045003255208333336
0 0.07981363932291667 0.5986328125 0.0555419921875 0.059895833333333336
0 0.8678385416666666 0.3636067708333333 0.048177083333333336 0.027994791666666668
0 0.173828125 0.6123046875 0.0380859375 0.032552083333333336
0 0.4235026041666667 0.26611328125 0.046223958333333336 0.06380208333333333
0 0.5859375 0.15030924479166666 0.052083333333333336 0.042805989583333336
0 0.9791666666666666 0.513671875 0.040364583333333336 0.03125
0 0.6940104166666666 0.09391276041666667 0.032552083333333336 0.033203125
0 0.6749674479166666 0.2516276041666667 0.023763020833333332 0.0283203125
0 0.22591145833333334 0.4781901041666667 0.041015625 0.034505208333333336
0 0.2879231770833333 0.3977864583333333 0.041341145833333336 0.037760416666666664
0 0.6725260416666666 0.16048177083333334 0.03125 0.0361328125
0 0.6611328125 0.4365234375 0.024088541666666668 0.037760416666666664
0 0.2610677083333333 0.3828125 0.040690104166666664 0.045572916666666664
0 0.943359375 0.5696614583333334 0.0390625 0.028645833333333332
0 0.9850260416666666 0.5696614583333334 0.02734375 0.02734375
0 0.9615885416666666 0.4593098958333333 0.04296875 0.029296875
0 0.4098307291666667 0.21028645833333334 0.039713541666666664 0.041341145833333336
0 0.17268880208333334 0.5139973958333334 0.036783854166666664 0.031901041666666664
0 0.93359375 0.018498738606770832 0.03125 0.031768798828125
0 0.3720703125 0.2724609375 0.024088541666666668 0.026041666666666668
0 0.9303385416666666 0.16324869791666666 0.024739583333333332 0.021158854166666668
0 0.5908203125 0.09391276041666667 0.018229166666666668 0.022298177083333332
