0 0.9088541666666666 0.028157552083333332 0.048177083333333336 0.056315104166666664
0 0.525390625 0.3727213541666667 0.035807291666666664 0.039713541666666664
0 0.5553385416666666 0.3600260416666667 0.039713541666666664 0.037109375
0 0.11922200520833333 0.2835286458333333 0.040852864583333336 0.042317708333333336
0 0.7272135416666666 0.5162760416666666 0.03515625 0.034505208333333336
0 0.040751139322916664 0.3147786458333333 0.039103190104166664 0.030924479166666668
0 0.7760416666666666 0.4778645833333333 0.03515625 0.02734375
0 0.26708984375 0.08042399088541667 0.0283203125 0.032674153645833336
0 0.10750325520833333 0.3821614583333333 0.03173828125 0.027994791666666668
0 0.9609375 0.12638346354166666 0.036458333333333336 0.027994791666666668
0 0.2891930868459302 0.11214981276243541 0.024024194525193703 0.024267073441537463
0 0.21647135416666666 0.06254069010416667 0.028971354166666668 0.023356119791666668
0 0.5052083333333334 0.36328125 0.024739583333333332 0.038411458333333336
0 0.3837890625 0.23518880208333334 0.025390625 0.020182291666666668
0 0.458984375 0.26953125 0.025390625 0.0224609375
0 0.29464429909560724 0.13841448643410853 0.021196705426356655 0.02018733850129199
