0 0.5013020833333334 0.6009114583333334 0.044921875 0.041666666666666664
0 0.6292317708333334 0.5530598958333334 0.044921875 0.04296875
0 0.023722330729166668 0.2732747395833333 0.042317708333333336 0.033854166666666664
0 0.14046223958333334 0.3460286458333333 0.050944010416666664 0.046223958333333336
0 0.5084635416666666 0.8346354166666666 0.033854166666666664 0.037760416666666664
0 0.6920572916666666 0.08223470052083333 0.0390625 0.043375651041666664
0 0.013427734375 0.3240559895833333 0.02685546875 0.0400390625
0 0.7701822916666666 0.5826822916666666 0.052083333333333336 0.036458333333333336
0 0.0246734619140625 0.24300130208333334 0.035532633463541664 0.033854166666666664
0 0.6920572916666666 0.13484700520833334 0.037760416666666664 0.044759114583333336
0 0.24869791666666666 0.2752278645833333 0.034505208333333336 0.028645833333333332
0 0.6328125 0.5061848958333334 0.03515625 0.022786458333333332
0 0.6920572916666666 0.18098958333333334 0.033854166666666664 0.022135416666666668
0 0.19856770833333334 0.6337890625 0.0234375 0.025390625
0 0.21142578125 0.2545572916666667 0.022135416666666668 0.031575520833333336
0 0.2679036458333333 0.3714192708333333 0.038736979166666664 0.0234375
0 0.7047854085917313 0.1499278933502907 0.027929182816537484 0.02908301538275195
0 0.5966796875 0.3662109375 0.034505208333333336 0.028645833333333332
0 0.0057373046875 0.5104166666666666 0.011474609375 0.029296875
0 0.5924479166666666 0.62109375 0.018229166666666668 0.025390625
0 0.3082682291666667 0.3642578125 0.021158854166666668 0.024739583333333332
0 0.6595052083333334 0.5478515625 0.024739583333333332 0.03125
0 0.15006510416666666 0.5826822916666666 0.025065104166666668 0.029947916666666668
0 0.8020833333333334 0.5146484375 0.020833333333333332 0.02734375
0 0.9906128875968991 0.5668503714470284 0.016170058139535055 0.0251534237726098
