0 0.6998697916666666 0.18717447916666666 0.04296875 0.037109375
0 0.6614583333333334 0.2294921875 0.0390625 0.040364583333333336
0 0.642578125 0.025807698567708332 0.041666666666666664 0.037089029947916664
0 0.9700520833333334 0.11865234375 0.03515625 0.03515625
0 0.4990234375 0.4892578125 0.030598958333333332 0.031901041666666664
0 0.49609375 0.1719970703125 0.022786458333333332 0.032958984375
0 0.291015625 0.7760416666666666 0.0439453125 0.037760416666666664
0 0.4248046875 0.23860677083333334 0.0390625 0.02734375
0 0.6510416666666666 0.31005859375 0.033854166666666664 0.028645833333333332
0 0.4280598958333333 0.521484375 0.040364583333333336 0.045572916666666664
0 0.67333984375 0.5660807291666666 0.030924479166666668 0.0234375
0 0.6712239583333334 0.27734375 0.026041666666666668 0.030598958333333332
0 0.396484375 0.18277994791666666 0.027994791666666668 0.023763020833333332
0 0.4399931363049095 0.43769177971576223 0.02927164082687339 0.023215439276485766
0 0.6852692990956072 0.824783995478036 0.03936531007751946 0.03431847545219643
