0 0.94921875 0.5201822916666666 0.045572916666666664 0.031901041666666664
0 0.3053385416666667 0.23095703125 0.0390625 0.034505208333333336
0 0.162109375 0.533203125 0.044596354166666664 0.033203125
0 0.9088541666666666 0.5211588541666666 0.041666666666666664 0.037109375
0 0.5813802083333334 0.334716796875 0.039713541666666664 0.04150390625
0 0.615234375 0.16780598958333334 0.033203125 0.033528645833333336
0 0.3658854166666667 0.5361328125 0.032552083333333336 0.034505208333333336
0 0.6321614583333334 0.2931315104166667 0.036458333333333336 0.043619791666666664
0 0.6324869791666666 0.14200846354166666 0.034505208333333336 0.033203125
0 0.6357421875 0.4501953125 0.042317708333333336 0.035807291666666664
0 0.8587239583333334 0.4609375 0.0390625 0.032552083333333336
0 0.8678385416666666 0.5950520833333334 0.040364583333333336 0.037760416666666664
0 0.1396484375 0.024419148763020832 0.03515625 0.027740478515625
0 0.736328125 0.2021484375 0.04296875 0.049479166666666664
0 0.4280598958333333 0.2685546875 0.027994791666666668 0.029947916666666668
0 0.787109375 0.14607747395833334 0.036458333333333336 0.037109375
0 0.5263671875 0.5120442708333334 0.038411458333333336 0.03125
0 0.6940104166666666 0.4381510416666667 0.03515625 0.041015625
0 0.9615885416666666 0.4853515625 0.037760416666666664 0.031901041666666664
0 0.3733723958333333 0.15592447916666666 0.03515625 0.031901041666666664
0 0.287109375 0.008982340494791666 0.0615234375 0.017964680989583332
0 0.8053385416666666 0.10205078125 0.033854166666666664 0.040852864583333336
0 0.6842447916666666 0.232421875 0.03125 0.030598958333333332
0 0.0496826171875 0.056640625 0.03271484375 0.028157552083333332
0 0.7604166666666666 0.20442708333333334 0.044270833333333336 0.037760416666666664
0 0.9759114583333334 0.5514322916666666 0.032552083333333336 0.026041666666666668
0 0.974609375 0.5875651041666666 0.033854166666666664 0.029947916666666668
0 0.7701822916666666 0.22428385416666666 0.048177083333333336 0.0556640625
0 0.7415364583333334 0.8313802083333334 0.03515625 0.06380208333333333
0 0.4446614583333333 0.17513020833333334 0.026041666666666668 0.031575520833333336
0 0.6009114583333334 0.5680338541666666 0.022135416666666668 0.02734375
0 0.4830729166666667 0.145263671875 0.025390625 0.028971354166666668
0 0.12972005208333334 0.5690104166666666 0.026041666666666668 0.03125
0 0.4280598958333333 0.412109375 0.024088541666666668 0.022135416666666668
0 0.671875 0.4475911458333333 0.026041666666666668 0.026041666666666668
0 0.056966145833333336 0.416015625 0.039388020833333336 0.020833333333333332
0 0.427734375 0.22932942708333334 0.026692708333333332 0.0283203125
0 0.24251302083333334 0.2522786458333333 0.023111979166666668 0.026692708333333332
0 0.15226236979166666 0.4860026041666667 0.02685546875 0.022786458333333332
0 0.755859375 0.763671875 0.022135416666666668 0.033854166666666664
