0 0.701171875 0.24544270833333334 0.044270833333333336 0.044270833333333336
0 0.8307291666666666 0.1748046875 0.0390625 0.04296875
0 0.3977864583333333 0.20849609375 0.042317708333333336 0.03125
0 0.9713541666666666 0.4554036458333333 0.02734375 0.029296875
0 0.14567057291666666 0.4228515625 0.04150390625 0.033203125
0 0.5296223958333334 0.4189453125 0.033203125 0.033203125
0 0.9544270833333334 0.073974609375 0.044270833333333336 0.043782552083333336
0 0.529296875 0.4557291666666667 0.030598958333333332 0.034505208333333336
0 0.9518229166666666 0.11490885416666667 0.041666666666666664 0.032552083333333336
0 0.8216145833333334 0.22005208333333334 0.036458333333333336 0.029622395833333332
0 0.3050130208333333 0.11295572916666667 0.032552083333333336 0.025716145833333332
0 0.9498697916666666 0.3528645833333333 0.02734375 0.022135416666666668
0 0.2960611979166667 0.2581380208333333 0.030924479166666668 0.0244140625
0 0.146484375 0.010599772135416666 0.038736979166666664 0.020060221354166668
0 0.4833984375 0.4192708333333333 0.026041666666666668 0.026692708333333332
0 0.3321126302083333 0.3665364583333333 0.03369140625 0.028645833333333332
0 0.4680989583333333 0.4580078125 0.025390625 0.027994791666666668
0 0.24446614583333334 0.06770833333333333 0.0244140625 0.045084635416666664
0 0.982421875 0.11311848958333333 0.024739583333333332 0.036783854166666664
0 0.671875 0.2275390625 0.024739583333333332 0.0341796875
0 0.7897135416666666 0.4388020833333333 0.01953125 0.025390625
0 0.19303385416666666 0.0657958984375 0.025716145833333332 0.023111979166666668
0 0.3837890625 0.10880533854166667 0.025390625 0.019856770833333332
0 0.24153645833333334 0.041910807291666664 0.028645833333333332 0.023844401041666668
0 0.7239583333333334 0.40234375 0.020833333333333332 0.018880208333333332
