0 0.8157552083333334 0.6041666666666666 0.045572916666666664 0.029296875
0 0.09757486979166667 0.3501790364583333 0.039225260416666664 0.03857421875
0 0.022603352864583332 0.16255696614583334 0.045206705729166664 0.051839192708333336
0 0.9108072916666666 0.1807861328125 0.028645833333333332 0.040120442708333336
0 0.6393229166666666 0.22574869791666666 0.03125 0.0361328125
0 0.047648111979166664 0.83203125 0.041097005208333336 0.041666666666666664
0 0.039011637369791664 0.3243815104166667 0.04534912109375 0.0498046875
0 0.3401692708333333 0.5406901041666666 0.032552083333333336 0.03515625
0 0.6350911458333334 0.0244598388671875 0.038411458333333336 0.040191650390625
0 0.6051432291666666 0.16552734375 0.037760416666666664 0.037109375
0 0.6373697916666666 0.3336588541666667 0.041666666666666664 0.035807291666666664
0 0.09149169921875 0.6697591145833334 0.045206705729166664 0.035481770833333336
0 0.3955078125 0.5227864583333334 0.037760416666666664 0.030598958333333332
0 0.5458984375 0.4775390625 0.029296875 0.030598958333333332
0 0.6101610444928941 0.5851464086724806 0.02642270268087854 0.03348322432170544
0 0.4208984375 0.2926432291666667 0.039713541666666664 0.037760416666666664
0 0.7356770833333334 0.337646484375 0.024739583333333332 0.050618489583333336
0 0.4947916666666667 0.2119140625 0.028645833333333332 0.027669270833333332
0 0.0359344482421875 0.2501627604166667 0.038238525390625 0.041341145833333336
0 0.5608723958333334 0.3896484375 0.042317708333333336 0.043619791666666664
0 0.055013020833333336 0.5406901041666666 0.03955078125 0.029296875
0 0.9720052083333334 0.345703125 0.02734375 0.028645833333333332
0 0.3971354166666667 0.4586588541666667 0.037760416666666664 0.029296875
0 0.20719401041666666 0.302734375 0.032552083333333336 0.039713541666666664
0 0.03052227010406572 0.285472938872739 0.034663631626493885 0.043011648094315236
0 0.4661458333333333 0.21826171875 0.02734375 0.035481770833333336
0 0.9140625 0.232421875 0.024739583333333332 0.0322265625
0 0.650390625 0.2921549479166667 0.03515625 0.030924479166666668
0 0.60546875 0.0237579345703125 0.032552083333333336 0.032073974609375
0 0.012064615885416666 0.26611328125 0.024129231770833332 0.040690104166666664
0 0.144287109375 0.4306640625 0.033854166666666664 0.0234375
0 0.034840901692708336 0.10009765625 0.024393717447916668 0.032877604166666664
0 0.011576334635416666 0.09781901041666667 0.023152669270833332 0.035807291666666664
0 0.10611979166666667 0.826171875 0.04052734375 0.045572916666666664
0 0.39453125 0.5804036458333334 0.031901041666666664 0.028645833333333332
0 0.00516510009765625 0.5100911458333334 0.0103302001953125 0.03125
0 0.09773763020833333 0.2887369791666667 0.029947916666666668 0.0361328125
0 0.853515625 0.2916666666666667 0.037760416666666664 0.0283203125
0 0.5511067708333334 0.3974609375 0.025390625 0.033854166666666664
0 0.9674479166666666 0.19303385416666666 0.03125 0.020182291666666668
0 0.6038411458333334 0.5598958333333334 0.025390625 0.026041666666666668
0 0.2668867086563307 0.3352410368217054 0.024224806201550358 0.02220607235142121
