0 0.939453125 0.06868489583333333 0.044270833333333336 0.05029296875
0 0.8977864583333334 0.055867513020833336 0.044270833333333336 0.040608723958333336
0 0.7766927083333334 0.103515625 0.037760416666666664 0.037109375
0 0.66845703125 0.026316324869791668 0.044596354166666664 0.04193115234375
0 0.8763020833333334 0.014607747395833334 0.044270833333333336 0.029215494791666668
0 0.9791666666666666 0.10416666666666667 0.0390625 0.030598958333333332
0 0.7669270833333334 0.20345052083333334 0.03125 0.027994791666666668
0 0.11824544270833333 0.21630859375 0.029947916666666668 0.024088541666666668
0 0.7233072916666666 0.08308919270833333 0.029947916666666668 0.029622395833333332
0 0.10368847908591731 0.2078892118863049 0.02964258317183462 0.022549257105943132
0 0.3629557291666667 0.14908854166666666 0.026692708333333332 0.02490234375
0 0.5592447916666666 0.2919921875 0.01953125 0.0244140625
