0 0.23551432291666666 0.9134114583333334 0.042643229166666664 0.04296875
0 0.763671875 0.4140625 0.036458333333333336 0.042317708333333336
0 0.024037679036458332 0.4521484375 0.04632568359375 0.042317708333333336
0 0.2840169270833333 0.4404296875 0.039713541666666664 0.036458333333333336
0 0.3649088541666667 0.028462727864583332 0.050130208333333336 0.050821940104166664
0 0.06717936197916667 0.5921223958333334 0.038330078125 0.037760416666666664
0 0.3209635416666667 0.026407877604166668 0.036458333333333336 0.052815755208333336
0 0.2906901041666667 0.9134114583333334 0.0546875 0.057291666666666664
0 0.9544270833333334 0.3154296875 0.045572916666666664 0.04296875
0 0.5263671875 0.2708333333333333 0.052734375 0.040690104166666664
0 0.3395182291666667 0.3307291666666667 0.033203125 0.038411458333333336
0 0.018549601236979168 0.5286458333333334 0.031016031901041668 0.037760416666666664
0 0.29736328125 0.1904296875 0.0400390625 0.03515625
0 0.6927083333333334 0.6097005208333334 0.040364583333333336 0.036458333333333336
0 0.3639322916666667 0.171875 0.031901041666666664 0.032877604166666664
0 0.4567057291666667 0.326904296875 0.037760416666666664 0.025227864583333332
0 0.017720540364583332 0.9010416666666666 0.035441080729166664 0.03515625
0 0.5693359375 0.2742513020833333 0.039713541666666664 0.052408854166666664
0 0.2799479166666667 0.15861002604166666 0.034505208333333336 0.02587890625
0 0.2682291666666667 0.3233235677083333 0.02734375 0.036946614583333336
0 0.796875 0.4189453125 0.033854166666666664 0.0390625
0 0.376334887758398 0.39140725936692505 0.038411458333333336 0.038411458333333336
0 0.015879313151041668 0.4830729166666667 0.031758626302083336 0.047526041666666664
0 0.5543619791666666 0.5152994791666666 0.028645833333333332 0.03125
0 0.12809244791666666 0.6044921875 0.037434895833333336 0.027994791666666668
0 0.6842447916666666 0.259765625 0.03125 0.025716145833333332
0 0.07088216145833333 0.4990234375 0.033203125 0.032552083333333336
0 0.013437906901041666 0.30126953125 0.026875813802083332 0.034505208333333336
0 0.4664713541666667 0.10978190104166667 0.030598958333333332 0.028483072916666668
0 0.9576822916666666 0.3473307291666667 0.03515625 0.03515625
0 0.5289713541666666 0.353515625 0.047526041666666664 0.040364583333333336
0 0.06992594401041667 0.6529947916666666 0.0401611328125 0.026692708333333332
0 0.4599609375 0.40234375 0.030598958333333332 0.033854166666666664
0 0.7408854166666666 0.6305338541666666 0.02734375 0.027994791666666668
0 0.23600260416666666 0.2560221354166667 0.029947916666666668 0.021809895833333332
0 0.3795572916666667 0.150146484375 0.033854166666666664 0.02587890625
0 0.5485026041666666 0.46875 0.028645833333333332 0.025390625
0 0.0540771484375 0.21468098958333334 0.024332682291666668 0.0234375
0 0.14680989583333334 0.5745442708333334 0.029296875 0.026692708333333332
0 0.4026692708333333 0.4078776041666667 0.030598958333333332 0.031901041666666664
0 0.984375 0.31591796875 0.026041666666666668 0.024088541666666668
0 0.11669921875 0.7955729166666666 0.02490234375 0.0234375
0 0.5185546875 0.5387369791666666 0.022786458333333332 0.026041666666666668
0 0.016759236653645832 0.4137369791666667 0.026865641276041668 0.041015625
0 0.5515281815245477 0.2994085109819122 0.03229974160206724 0.033309108527131794
0 0.11649103682170543 0.5411518895348837 0.022206072351421174 0.022206072351421174
0 0.11447230297157618 0.6865007267441859 0.03431847545219643 0.03633720930232561
0 0.3688327680878553 0.6759023740310077 0.02018733850129199 0.02321543927648584
