0 0.26513671875 0.4375 0.034505208333333336 0.041666666666666664
0 0.015492757161458334 0.5384114583333334 0.030985514322916668 0.046223958333333336
0 0.4384765625 0.2975260416666667 0.034505208333333336 0.028645833333333332
0 0.603515625 0.0294189453125 0.044921875 0.026529947916666668
0 0.6529947916666666 0.061197916666666664 0.03125 0.037760416666666664
0 0.6334635416666666 0.0777587890625 0.03515625 0.033772786458333336
0 0.4820963541666667 0.3438313802083333 0.038411458333333336 0.033040364583333336
0 0.4886067708333333 0.3064778645833333 0.021484375 0.021809895833333332
0 0.6227213541666666 0.13077799479166666 0.031901041666666664 0.021158854166666668
0 0.6233723958333334 0.2745768229166667 0.027994791666666668 0.035481770833333336
0 0.3997395833333333 0.3434244791666667 0.0234375 0.028645833333333332
0 0.587890625 0.20068359375 0.022135416666666668 0.025390625
0 0.8118489583333334 0.044891357421875 0.026041666666666668 0.026590983072916668
0 0.419921875 0.332275390625 0.025390625 0.039876302083333336
0 0.7897135416666666 0.18473307291666666 0.024739583333333332 0.029296875
0 0.008321126302083334 0.4059244791666667 0.016642252604166668 0.022135416666666668
0 0.8190104166666666 0.1903968830749354 0.02826227390180887 0.025234173126614984
0 0.7604671350129197 0.181312580749354 0.022206072351421174 0.02119670542635658
