0 0.14945475260416666 0.351806640625 0.043538411458333336 0.043131510416666664
0 0.4925130208333333 0.1650390625 0.042317708333333336 0.030598958333333332
0 0.021321614583333332 0.05517578125 0.042643229166666664 0.038899739583333336
0 0.3821614583333333 0.26513671875 0.03515625 0.035481770833333336
0 0.5930989583333334 0.041219075520833336 0.036458333333333336 0.032063802083333336
0 0.08430989583333333 0.054036458333333336 0.039713541666666664 0.029052734375
0 0.12752278645833334 0.3157552083333333 0.046223958333333336 0.044270833333333336
0 0.638671875 0.06418863932291667 0.02734375 0.044474283854166664
0 0.14208984375 0.23063151041666666 0.03515625 0.036783854166666664
0 0.3522135416666667 0.042185465494791664 0.027994791666666668 0.034444173177083336
0 0.5911458333333334 0.012379964192708334 0.033854166666666664 0.024759928385416668
0 0.037516276041666664 0.09708658854166667 0.028076171875 0.03076171875
0 0.008633931477864584 0.12784830729166666 0.015324910481770834 0.036295572916666664
0 0.011393229166666666 0.2696940104166667 0.022786458333333332 0.0234375
