0 0.4736328125 0.3697916666666667 0.037109375 0.044921875
0 0.4928385416666667 0.326416015625 0.045572916666666664 0.043782552083333336
0 0.23665364583333334 0.6201171875 0.045572916666666664 0.052734375
0 0.6453450520833334 0.7220052083333334 0.0478515625 0.044270833333333336
0 0.6409505208333334 0.5061848958333334 0.036458333333333336 0.0390625
0 0.3889973958333333 0.5621744791666666 0.034505208333333336 0.037760416666666664
0 0.724609375 0.3263346354166667 0.033854166666666664 0.036783854166666664
0 0.6512044270833334 0.06817626953125 0.038736979166666664 0.0399169921875
0 0.7389322916666666 0.4326171875 0.040364583333333336 0.042317708333333336
0 0.7311197916666666 0.23453776041666666 0.049479166666666664 0.053059895833333336
0 0.4508463541666667 0.3216959635416667 0.040364583333333336 0.040852864583333336
0 0.9114583333333334 0.9303385416666666 0.040364583333333336 0.040364583333333336
0 0.2734375 0.6217447916666666 0.032877604166666664 0.037109375
0 0.8782552083333334 0.9290364583333334 0.029947916666666668 0.03515625
0 0.580078125 0.1787109375 0.055338541666666664 0.048177083333333336
0 0.6881510416666666 0.06296793619791667 0.032552083333333336 0.045613606770833336
0 0.14961751302083334 0.9173177083333334 0.040608723958333336 0.041666666666666664
0 0.6979166666666666 0.4827473958333333 0.049479166666666664 0.032552083333333336
0 0.646484375 0.3583984375 0.040364583333333336 0.040364583333333336
0 0.2937825520833333 0.3407389322916667 0.037760416666666664 0.035319010416666664
0 0.6106770833333334 0.16328938802083334 0.041015625 0.055582682291666664
0 0.6463216145833334 0.22721354166666666 0.043294270833333336 0.0576171875
0 0.7044270833333334 0.603515625 0.0546875 0.046875
0 0.4166666666666667 0.5530598958333334 0.029296875 0.038411458333333336
0 0.6139322916666666 0.3196614583333333 0.054036458333333336 0.027994791666666668
0 0.4749348958333333 0.13167317708333334 0.050130208333333336 0.0400390625
0 0.712890625 0.18001302083333334 0.029947916666666668 0.0390625
0 0.5677083333333334 0.14583333333333334 0.037760416666666664 0.03271484375
0 0.3011067708333333 0.7936197916666666 0.033203125 0.032552083333333336
0 0.2945963541666667 0.3971354166666667 0.033203125 0.026692708333333332
0 0.4847005208333333 0.053304036458333336 0.042317708333333336 0.03466796875
0 0.6966145833333334 0.21223958333333334 0.033854166666666664 0.023111979166666668
0 0.4371744791666667 0.3919270833333333 0.043619791666666664 0.048828125
0 0.68359375 0.012105305989583334 0.05078125 0.024210611979166668
0 0.560546875 0.7864583333333334 0.027994791666666668 0.02734375
0 0.24332682291666666 0.4908854166666667 0.02734375 0.0234375
0 0.4046223958333333 0.08536783854166667 0.033854166666666664 0.027018229166666668
0 0.6474609375 0.01678466796875 0.026041666666666668 0.0335693359375
0 0.24479166666666666 0.7298177083333334 0.036783854166666664 0.022135416666666668
0 0.4423828125 0.24967447916666666 0.031901041666666664 0.025716145833333332
0 0.7018229166666666 0.2794596354166667 0.033854166666666664 0.030924479166666668
0 0.685546875 0.728515625 0.02734375 0.02734375
0 0.7766927083333334 0.740234375 0.02734375 0.029947916666666668
