0 0.82421875 0.1474609375 0.0390625 0.034016927083333336
0 0.7135416666666666 0.3948567708333333 0.033854166666666664 0.037109375
0 0.96875 0.1787109375 0.041666666666666664 0.039388020833333336
0 0.8528645833333334 0.014302571614583334 0.04296875 0.028605143229166668
0 0.7044270833333334 0.3512369791666667 0.053385416666666664 0.034505208333333336
0 0.10221354166666667 0.19189453125 0.029622395833333332 0.027018229166666668
0 0.14436848958333334 0.042887369791666664 0.034016927083333336 0.030680338541666668
0 0.17138671875 0.06461588541666667 0.027018229166666668 0.041829427083333336
0 0.7298177083333334 0.4710286458333333 0.037760416666666664 0.034505208333333336
0 0.8717447916666666 0.18798828125 0.026041666666666668 0.026692708333333332
0 0.9622395833333334 0.5423177083333334 0.037760416666666664 0.045572916666666664
0 0.1318359375 0.18912760416666666 0.024576822916666668 0.027994791666666668
0 0.4303385416666667 0.03594970703125 0.036458333333333336 0.0272216796875
0 0.9752604166666666 0.09637451171875 0.022135416666666668 0.0299072265625
0 0.9641927083333334 0.5042317708333334 0.040364583333333336 0.051432291666666664
0 0.11881510416666667 0.040150960286458336 0.028157552083333332 0.021097819010416668
