0 0.90625 0.06412760416666667 0.03515625 0.034830729166666664
0 0.047932942708333336 0.104736328125 0.0400390625 0.043294270833333336
0 0.9537760416666666 0.3951822916666667 0.037760416666666664 0.03125
0 0.91015625 0.39453125 0.036458333333333336 0.031901041666666664
0 0.431640625 0.23697916666666666 0.033203125 0.029296875
0 0.8274739583333334 0.12459309895833333 0.040364583333333336 0.03759765625
0 0.9759114583333334 0.27001953125 0.029947916666666668 0.035807291666666664
0 0.9680989583333334 0.16162109375 0.037760416666666664 0.038411458333333336
0 0.9485677083333334 0.08199055989583333 0.037760416666666664 0.035888671875
0 0.681640625 0.2698567708333333 0.032552083333333336 0.025390625
0 0.2872721354166667 0.02264404296875 0.0302734375 0.030843098958333332
0 0.9876302083333334 0.2001953125 0.020833333333333332 0.023111979166666668
0 0.537109375 0.4866536458333333 0.024739583333333332 0.037760416666666664
0 0.6285807291666666 0.369140625 0.024088541666666668 0.041015625
0 0.9563802083333334 0.14274088541666666 0.028645833333333332 0.026204427083333332
0 0.15201822916666666 0.3343912760416667 0.0234375 0.03564453125
0 0.955078125 0.5921223958333334 0.026041666666666668 0.029947916666666668
0 0.42485263242894056 0.05362766472868217 0.02321543927648569 0.02220607235142119
0 0.38397327196382425 0.09450702519379844 0.02018733850129199 0.019177971576227398
0 0.10993015180878547 0.09147892441860465 0.02927164082687339 0.025234173126614984
