0 0.24479166666666666 0.4534505208333333 0.044596354166666664 0.039713541666666664
0 0.24007161458333334 0.09958902994791667 0.035481770833333336 0.038614908854166664
0 0.6476236979166666 0.024408976236979168 0.039388020833333336 0.040293375651041664
0 0.4000651041666667 0.3456217447916667 0.043619791666666664 0.03662109375
0 0.3841145833333333 0.2854817708333333 0.047526041666666664 0.039713541666666664
0 0.25927734375 0.4000651041666667 0.033854166666666664 0.033203125
0 0.6888020833333334 0.050089518229166664 0.03515625 0.027750651041666668
0 0.708984375 0.22412109375 0.040364583333333336 0.027994791666666668
0 0.2985026041666667 0.4388020833333333 0.044270833333333336 0.037760416666666664
0 0.5748697916666666 0.08966064453125 0.032552083333333336 0.0364990234375
0 0.7161458333333334 0.015289306640625 0.03125 0.02093505859375
0 0.73828125 0.3165690104166667 0.033854166666666664 0.034830729166666664
0 0.1015625 0.3079427083333333 0.034993489583333336 0.028645833333333332
0 0.048828125 0.3994140625 0.031412760416666664 0.027994791666666668
0 0.043009440104166664 0.1583251953125 0.031168619791666668 0.024820963541666668
0 0.5472005208333334 0.14534505208333334 0.038411458333333336 0.02734375
0 0.291015625 0.4127604166666667 0.0390625 0.031901041666666664
0 0.23860677083333334 0.1669921875 0.026692708333333332 0.0283203125
0 0.6360677083333334 0.5250651041666666 0.03125 0.026692708333333332
0 0.014984130859375 0.24967447916666666 0.02996826171875 0.025716145833333332
0 0.67431640625 0.24641927083333334 0.028971354166666668 0.030598958333333332
0 0.4303385416666667 0.115234375 0.027994791666666668 0.028157552083333332
0 0.7630208333333334 0.3147786458333333 0.0234375 0.029947916666666668
0 0.7454427083333334 0.4501953125 0.033854166666666664 0.0234375
0 0.9840494791666666 0.051432291666666664 0.031901041666666664 0.023193359375
0 0.18408203125 0.23876953125 0.0234375 0.022786458333333332
0 0.67822265625 0.517578125 0.0302734375 0.030598958333333332
0 0.4309895833333333 0.16015625 0.029947916666666668 0.036458333333333336
0 0.6985677083333334 0.525390625 0.022135416666666668 0.033203125
0 0.7649739583333334 0.4176432291666667 0.024739583333333332 0.038411458333333336
0 0.27783203125 0.1761474609375 0.020833333333333332 0.024007161458333332
0 0.7821685239018087 0.10813347868217055 0.021196705426356804 0.02018733850129199
0 0.4536195897932816 0.2544916828165375 0.028262273901808726 0.02220607235142121
0 0.4884427487080103 0.206546753875969 0.01917797157622747 0.019177971576227398
0 0.29716771640826867 0.2565104166666667 0.026243540051679542 0.024224806201550392
0 0.32088783914728675 0.28780079134366926 0.025234173126615023 0.024224806201550358
