0 0.6985677083333334 0.4534505208333333 0.041666666666666664 0.037109375
0 0.9583333333333334 0.06787109375 0.053385416666666664 0.052083333333333336
0 0.9016927083333334 0.68017578125 0.0546875 0.051106770833333336
0 0.7825520833333334 0.302734375 0.037760416666666664 0.037434895833333336
0 0.7506510416666666 0.4388020833333333 0.040364583333333336 0.044270833333333336
0 0.5478515625 0.4016927083333333 0.036458333333333336 0.034505208333333336
0 0.8880208333333334 0.19742838541666666 0.046875 0.037109375
0 0.908203125 0.3984375 0.037760416666666664 0.040364583333333336
0 0.035634358723958336 0.3447265625 0.033060709635416664 0.036458333333333336
0 0.3385416666666667 0.171875 0.033203125 0.029296875
0 0.93359375 0.19986979166666666 0.041666666666666664 0.043619791666666664
0 0.15470377604166666 0.3553873697916667 0.04052734375 0.045084635416666664
0 0.8587239583333334 0.16959635416666666 0.046875 0.037760416666666664
0 0.962890625 0.22965494791666666 0.03515625 0.027994791666666668
0 0.95703125 0.4609375 0.046875 0.0390625
0 0.2962239583333333 0.13997395833333334 0.032877604166666664 0.040690104166666664
0 0.3889973958333333 0.3343098958333333 0.03515625 0.032552083333333336
0 0.07969156901041667 0.17041015625 0.0347900390625 0.033203125
0 0.16475423177083334 0.12451171875 0.023030598958333332 0.041178385416666664
0 0.6554361979166666 0.416015625 0.0380859375 0.032552083333333336
0 0.08308919270833333 0.3561197916666667 0.042317708333333336 0.029947916666666668
0 0.642578125 0.0557861328125 0.029947916666666668 0.045654296875
0 0.978515625 0.125 0.036458333333333336 0.044596354166666664
0 0.8235677083333334 0.3264973958333333 0.032552083333333336 0.034505208333333336
0 0.09830729166666667 0.032892862955729164 0.027180989583333332 0.036997477213541664
0 0.6194661458333334 0.14729817708333334 0.021484375 0.026204427083333332
0 0.7109375 0.22151692708333334 0.02734375 0.0283203125
0 0.7200520833333334 0.23909505208333334 0.024739583333333332 0.043294270833333336
0 0.94140625 0.14615885416666666 0.041666666666666664 0.036783854166666664
0 0.9661458333333334 0.3173828125 0.029947916666666668 0.025065104166666668
0 0.98828125 0.22867838541666666 0.015625 0.022135416666666668
0 0.20133463541666666 0.12809244791666666 0.022786458333333332 0.031575520833333336
