0 0.2664388020833333 0.3116861979166667 0.0400390625 0.0390625
0 0.9088541666666666 0.3727213541666667 0.049479166666666664 0.04296875
0 0.8743489583333334 0.3746744791666667 0.037760416666666664 0.03515625
0 0.9420572916666666 0.5227864583333334 0.036458333333333336 0.031901041666666664
0 0.931640625 0.2080078125 0.033854166666666664 0.041341145833333336
0 0.7454427083333334 0.68359375 0.045572916666666664 0.026041666666666668
0 0.8528645833333334 0.7180989583333334 0.044270833333333336 0.052083333333333336
0 0.244140625 0.2770182291666667 0.037434895833333336 0.036783854166666664
0 0.20768229166666666 0.30322265625 0.033528645833333336 0.026041666666666668
0 0.9798177083333334 0.21533203125 0.032552083333333336 0.021484375
0 0.9739583333333334 0.7259114583333334 0.045572916666666664 0.032552083333333336
0 0.77734375 0.13680013020833334 0.022135416666666668 0.026204427083333332
0 0.043243408203125 0.5198567708333334 0.031026204427083332 0.033854166666666664
0 0.12784830729166666 0.4986979166666667 0.036946614583333336 0.028645833333333332
0 0.9615885416666666 0.3053385416666667 0.029947916666666668 0.024088541666666668
0 0.771484375 0.7630208333333334 0.03515625 0.02734375
0 0.43595566860465107 0.396812419250646 0.031290374677002575 0.022206072351421174
