0 0.6038411458333334 0.28466796875 0.03125 0.0302734375
0 0.8919270833333334 0.5358072916666666 0.040364583333333336 0.034505208333333336
0 0.19694010416666666 0.13671875 0.040364583333333336 0.0439453125
0 0.7220052083333334 0.11458333333333333 0.024739583333333332 0.025390625
0 0.9694010416666666 0.16304524739583334 0.037760416666666664 0.027099609375
0 0.76953125 0.09554036458333333 0.026041666666666668 0.0341796875
0 0.4098307291666667 0.4759114583333333 0.028645833333333332 0.033854166666666664
0 0.626953125 0.2744140625 0.03515625 0.032877604166666664
0 0.9381510416666666 0.2692057291666667 0.036458333333333336 0.037760416666666664
0 0.29736328125 0.4671223958333333 0.0283203125 0.034505208333333336
0 0.3408203125 0.09230550130208333 0.029947916666666668 0.0211181640625
0 0.98828125 0.7083333333333334 0.0234375 0.029947916666666668
0 0.24088541666666666 0.015360514322916666 0.0341796875 0.030721028645833332
0 0.8092447916666666 0.267578125 0.022135416666666668 0.020833333333333332
0 0.953125 0.6578776041666666 0.024739583333333332 0.024088541666666668
0 0.4189453125 0.3743489583333333 0.027994791666666668 0.030598958333333332
0 0.2703450520833333 0.010960896809895834 0.037760416666666664 0.020477294921875
0 0.4261067708333333 0.2666015625 0.031901041666666664 0.018229166666666668
0 0.1793212890625 0.4114583333333333 0.026123046875 0.024739583333333332
0 0.9147135416666666 0.2726236979166667 0.0390625 0.0205078125
0 0.6482747395833334 0.008824666341145834 0.043294270833333336 0.016367594401041668
0 0.3030598958333333 0.013824462890625 0.024739583333333332 0.024068196614583332
0 0.7447916666666666 0.044840494791666664 0.029947916666666668 0.036295572916666664
0 0.4856770833333333 0.5638020833333334 0.041015625 0.017578125
0 0.8546284520348837 0.6527538053133075 0.035756823320413446 0.03923156895994836
0 0.339111328125 0.23974609375 0.02490234375 0.019205729166666668
0 0.2845506298449612 0.4240653262273902 0.02321543927648584 0.02018733850129199
0 0.8528242086563306 0.6804445251937986 0.01917797157622747 0.02018733850129199
0 0.5283127422480619 0.3680454618863049 0.022206072351421174 0.017159237726098214
