0 0.6788736979166666 0.0640869140625 0.047200520833333336 0.043212890625
0 0.5540364583333334 0.24088541666666666 0.048828125 0.047526041666666664
0 0.4440104166666667 0.011647542317708334 0.039713541666666664 0.023295084635416668
0 0.6749674479166666 0.2727864583333333 0.0263671875 0.04296875
0 0.3876953125 0.048014322916666664 0.041015625 0.051350911458333336
0 0.3020833333333333 0.2216796875 0.037434895833333336 0.034505208333333336
0 0.4955083171834625 0.21630985545865633 0.046223958333333336 0.0439453125
0 0.224609375 0.054931640625 0.0322265625 0.033935546875
0 0.74609375 0.015482584635416666 0.059895833333333336 0.030843098958333332
0 0.9654947916666666 0.3284505208333333 0.033854166666666664 0.027994791666666668
0 0.5387369791666666 0.11881510416666667 0.026692708333333332 0.03125
0 0.755859375 0.3538411458333333 0.03125 0.027994791666666668
0 0.3094075520833333 0.10408528645833333 0.030924479166666668 0.038248697916666664
0 0.4775390625 0.10465494791666667 0.029296875 0.020833333333333332
0 0.9734435562015503 0.5492268249354005 0.03229974160206724 0.04643087855297153
0 0.5066113533591731 0.027384124677002585 0.01917797157622747 0.018168604651162792
