0 0.869140625 0.9348958333333334 0.05078125 0.045572916666666664
0 0.6477864583333334 0.8470052083333334 0.046875 0.0390625
0 0.8111979166666666 0.11474609375 0.052083333333333336 0.044270833333333336
0 0.2989908854166667 0.5940755208333334 0.045572916666666664 0.0390625
0 0.8483072916666666 0.31787109375 0.0390625 0.02734375
0 0.07621256510416667 0.8268229166666666 0.051025390625 0.046875
0 0.6246744791666666 0.18766276041666666 0.034505208333333336 0.033203125
0 0.4189453125 0.6139322916666666 0.0390625 0.02734375
0 0.6110026041666666 0.035115559895833336 0.042317708333333336 0.045572916666666664
0 0.22216796875 0.2353515625 0.039713541666666664 0.0341796875
0 0.8125 0.15543619791666666 0.046875 0.035807291666666664
0 0.7259114583333334 0.7708333333333334 0.028645833333333332 0.040364583333333336
0 0.6624348958333334 0.9615885416666666 0.046223958333333336 0.044270833333333336
0 0.07826741536458333 0.3763020833333333 0.037801106770833336 0.038411458333333336
0 0.5833333333333334 0.9576822916666666 0.0390625 0.028645833333333332
0 0.9108072916666666 0.2706705729166667 0.026041666666666668 0.033854166666666664
0 0.888671875 0.2978515625 0.026041666666666668 0.024088541666666668
0 0.8990885416666666 0.919921875 0.037760416666666664 0.037760416666666664
0 0.8098958333333334 0.2119140625 0.03515625 0.030598958333333332
0 0.5817057291666666 0.2667643229166667 0.031901041666666664 0.036783854166666664
0 0.6279296875 0.8125 0.036458333333333336 0.037760416666666664
0 0.8125 0.3186848958333333 0.0390625 0.025065104166666668
0 0.6126302083333334 0.6842447916666666 0.02734375 0.0234375
0 0.9029947916666666 0.7239583333333334 0.024739583333333332 0.024739583333333332
0 0.5087890625 0.3883463541666667 0.022135416666666668 0.022135416666666668
0 0.455078125 0.2928059895833333 0.03125 0.0234375
0 0.6380208333333334 0.9361979166666666 0.0390625 0.022135416666666668
0 0.567703286498708 0.7448926033591731 0.024088541666666668 0.02734375
0 0.6881510416666666 0.5452473958333334 0.022135416666666668 0.022786458333333332
0 0.1590576171875 0.2996419270833333 0.023030598958333332 0.025065104166666668
0 0.3580729166666667 0.2522786458333333 0.024739583333333332 0.027994791666666668
0 0.4729817708333333 0.2928059895833333 0.032552083333333336 0.029296875
0 0.6331380208333334 0.15055338541666666 0.028645833333333332 0.02392578125
0 0.23610101744186043 0.4109435562015504 0.02321543927648569 0.024224806201550358
0 0.127594072997416 0.1803032138242894 0.018168604651162806 0.017159237726098175
0 0.12305192183462532 0.21815447351421188 0.013121770025839771 0.012112403100775179
