0 0.51171875 0.18310546875 0.037760416666666664 0.031901041666666664
0 0.638671875 0.4339192708333333 0.04296875 0.042317708333333336
0 0.5537109375 0.09393310546875 0.041015625 0.043253580729166664
0 0.546875 0.13509114583333334 0.042317708333333336 0.043619791666666664
0 0.37304308987403095 0.03912716256863695 0.04406643653100787 0.04313214127099482
0 0.29541015625 0.0272674560546875 0.041341145833333336 0.032948811848958336
0 0.031241089182614628 0.17443973827115633 0.053080240885416664 0.040771484375
0 0.53515625 0.4391276041666667 0.041015625 0.043619791666666664
0 0.2906901041666667 0.055216471354166664 0.037760416666666664 0.033528645833333336
0 0.4684244791666667 0.027348836263020832 0.044270833333333336 0.039621988932291664
0 0.4820963541666667 0.24055989583333334 0.029947916666666668 0.021809895833333332
0 0.040045923040818776 0.2056648195251938 0.03436279296875 0.035481770833333336
0 0.058634440104166664 0.2796223958333333 0.025716145833333332 0.021158854166666668
0 0.3987630208333333 0.14534505208333334 0.029296875 0.02685546875
0 0.8131510416666666 0.3720703125 0.028645833333333332 0.034505208333333336
0 0.2652994791666667 0.012125651041666666 0.041666666666666664 0.024251302083333332
0 0.630859375 0.4951171875 0.024088541666666668 0.028645833333333332
0 0.2786458333333333 0.12467447916666667 0.033203125 0.024251302083333332
0 0.3094435107800387 0.16525733809754523 0.023898023659560657 0.01898871527777779
0 0.3723958333333333 0.24430338541666666 0.026041666666666668 0.019856770833333332
0 0.6888020833333334 0.4208984375 0.024739583333333332 0.026041666666666668
0 0.047078450520833336 0.458984375 0.022623697916666668 0.026041666666666668
0 0.36949895025839785 0.008580407430959301 0.025390625 0.017160814861918602
0 0.6110808301033591 0.4215419089147286 0.02018733850129199 0.02119670542635658
0 0.40668402777777773 0.010729570413436694 0.025234173126615023 0.01917797157622739
0 0.31079416989664077 0.14548005490956073 0.01917797157622747 0.0161498708010336
