0 0.2952473958333333 0.09580485026041667 0.037760416666666664 0.038370768229166664
0 0.12418619791666667 0.943359375 0.0625 0.06770833333333333
0 0.06992594401041667 0.24479166666666666 0.033976236979166664 0.0390625
0 0.2724609375 0.11539713541666667 0.035481770833333336 0.035481770833333336
0 0.6590169270833334 0.439453125 0.0283203125 0.037760416666666664
0 0.7766927083333334 0.19466145833333334 0.03125 0.029947916666666668
0 0.837890625 0.11572265625 0.03515625 0.029622395833333332
0 0.7278645833333334 0.15450032552083334 0.0234375 0.025634765625
0 0.03076171875 0.08170572916666667 0.027262369791666668 0.024088541666666668
0 0.09423828125 0.091064453125 0.02685546875 0.0224609375
0 0.5387369791666666 0.3409016927083333 0.031901041666666664 0.028483072916666668
0 0.96875 0.10953776041666667 0.033854166666666664 0.026041666666666668
0 0.6848958333333334 0.4352213541666667 0.02734375 0.037760416666666664
0 0.7473958333333334 0.09470621744791667 0.026041666666666668 0.029825846354166668
0 0.2757161458333333 0.13924153645833334 0.031901041666666664 0.03466796875
0 0.83984375 0.008829752604166666 0.041666666666666664 0.01690673828125
0 0.18017578125 0.18424479166666666 0.024739583333333332 0.023763020833333332
0 0.005777994791666667 0.146240234375 0.011555989583333334 0.03564453125
0 0.5429485626614987 0.09904917635658915 0.027252906976744207 0.026243540051679577
0 0.8376837047803617 0.07230095284237725 0.021196705426356505 0.019177971576227387
0 0.6403524709302325 0.06069323320413437 0.03431847545219643 0.024224806201550386
0 0.5273033753229973 0.019309189276485787 0.028262273901808726 0.02220607235142119
0 0.2966630329457364 0.018804505813953487 0.02927164082687339 0.025234173126614984
0 0.4914708494832041 0.1515362564599483 0.025234173126615023 0.024224806201550375
