0 0.21175130208333334 0.25 0.0458984375 0.04296875
0 0.6165364583333334 0.5423177083333334 0.03515625 0.037109375
0 0.024210611979166668 0.08079020182291667 0.044352213541666664 0.048380533854166664
0 0.1744384765625 0.09423828125 0.039469401041666664 0.031901041666666664
0 0.10555013020833333 0.060394287109375 0.034505208333333336 0.04522705078125
0 0.2786458333333333 0.2805989583333333 0.03125 0.036783854166666664
0 0.10970052083333333 0.22623697916666666 0.029947916666666668 0.028645833333333332
0 0.346923828125 0.693359375 0.039225260416666664 0.049479166666666664
0 0.13956705729166666 0.21354166666666666 0.0244140625 0.030924479166666668
0 0.17350260416666666 0.033833821614583336 0.025065104166666668 0.028279622395833332
0 0.3590494791666667 0.332275390625 0.032552083333333336 0.039225260416666664
0 0.11279296875 0.4733072916666667 0.0380859375 0.051432291666666664
0 0.3994140625 0.4055989583333333 0.038411458333333336 0.036458333333333336
0 0.2607421875 0.3339029947916667 0.02734375 0.04052734375
0 0.19775390625 0.16031901041666666 0.028645833333333332 0.021809895833333332
0 0.5615234375 0.7109375 0.032552083333333336 0.052083333333333336
0 0.10636393229166667 0.66650390625 0.040852864583333336 0.048502604166666664
0 0.91796875 0.6686197916666666 0.040364583333333336 0.041666666666666664
0 0.3056640625 0.6946614583333334 0.038411458333333336 0.0390625
0 0.8235677083333334 0.599609375 0.044270833333333336 0.029296875
0 0.8170572916666666 0.23323567708333334 0.03125 0.034830729166666664
0 0.4296875 0.3024088541666667 0.033203125 0.031575520833333336
0 0.024953206380208332 0.3313802083333333 0.038472493489583336 0.038411458333333336
0 0.3402506510416667 0.3011067708333333 0.024576822916666668 0.035481770833333336
0 0.25732421875 0.1552734375 0.030598958333333332 0.0263671875
0 0.12044270833333333 0.7096354166666666 0.043782552083333336 0.0390625
0 0.5201822916666666 0.6184895833333334 0.026041666666666668 0.03515625
0 0.3116861979166667 0.096923828125 0.022135416666666668 0.030110677083333332
0 0.10831705729166667 0.14762369791666666 0.0263671875 0.036458333333333336
0 0.080078125 0.10026041666666667 0.02490234375 0.030110677083333332
0 0.8997395833333334 0.5960286458333334 0.032552083333333336 0.022786458333333332
0 0.8841145833333334 0.759765625 0.033854166666666664 0.029947916666666668
0 0.3463541666666667 0.25244140625 0.0234375 0.029622395833333332
0 0.08905029296875 0.19222005208333334 0.0250244140625 0.02734375
