0 0.4710286458333333 0.09873453776041667 0.042317708333333336 0.051228841145833336
0 0.026163736979166668 0.31787109375 0.052327473958333336 0.0439453125
0 0.4814453125 0.051839192708333336 0.052083333333333336 0.051595052083333336
0 0.67822265625 0.5634765625 0.0380859375 0.037109375
0 0.6673177083333334 0.3694661458333333 0.041666666666666664 0.043619791666666664
0 0.4322916666666667 0.08797200520833333 0.048177083333333336 0.0439453125
0 0.6907552083333334 0.828125 0.0390625 0.036458333333333336
0 0.3055013020833333 0.8736979166666666 0.041666666666666664 0.044270833333333336
0 0.4407552083333333 0.041819254557291664 0.042317708333333336 0.047383626302083336
0 0.7018229166666666 0.3551432291666667 0.046875 0.055989583333333336
0 0.01385498046875 0.544921875 0.0277099609375 0.033203125
0 0.67529296875 0.7200520833333334 0.034830729166666664 0.03515625
0 0.4768880208333333 0.015635172526041668 0.054036458333333336 0.031270345052083336
0 0.6412760416666666 0.19026692708333334 0.033203125 0.045572916666666664
0 0.2548828125 0.9231770833333334 0.0517578125 0.040364583333333336
0 0.4573567708333333 0.4749348958333333 0.029296875 0.027994791666666668
0 0.4163411458333333 0.016550699869791668 0.054036458333333336 0.033101399739583336
0 0.7721354166666666 0.8268229166666666 0.037760416666666664 0.048177083333333336
0 0.4521484375 0.3971354166666667 0.027994791666666668 0.03515625
0 0.4420572916666667 0.14961751302083334 0.042317708333333336 0.064697265625
0 0.4814453125 0.3990885416666667 0.033854166666666664 0.045572916666666664
0 0.018300374348958332 0.6468098958333334 0.036600748697916664 0.046223958333333336
0 0.048868815104166664 0.65673828125 0.034016927083333336 0.032877604166666664
0 0.4869791666666667 0.14029947916666666 0.048828125 0.060221354166666664
0 0.373046875 0.4921875 0.030598958333333332 0.028645833333333332
0 0.7154947916666666 0.9140625 0.053385416666666664 0.033854166666666664
0 0.6357421875 0.4557291666666667 0.028645833333333332 0.030598958333333332
0 0.751953125 0.3291829427083333 0.029947916666666668 0.036295572916666664
0 0.5595703125 0.4811197916666667 0.041666666666666664 0.033854166666666664
0 0.3746744791666667 0.6136067708333334 0.037109375 0.030598958333333332
0 0.69140625 0.09393310546875 0.03125 0.029093424479166668
0 0.23193359375 0.8997395833333334 0.028645833333333332 0.033854166666666664
0 0.5711616299257106 0.27192786559270027 0.02129511870155021 0.027708383801679615
0 0.4833984375 0.3421223958333333 0.031901041666666664 0.026041666666666668
0 0.7734375 0.6321614583333334 0.028645833333333332 0.02734375
0 0.6155598958333334 0.7376302083333334 0.029296875 0.028645833333333332
0 0.7825520833333334 0.6686197916666666 0.0234375 0.026041666666666668
0 0.8411458333333334 0.4153645833333333 0.028645833333333332 0.024739583333333332
0 0.59765625 0.4010416666666667 0.027994791666666668 0.041666666666666664
0 0.7408854166666666 0.8216145833333334 0.02734375 0.03125
0 0.026896158854166668 0.4293619791666667 0.027872721354166668 0.029296875
0 0.008783976236979166 0.8893229166666666 0.017567952473958332 0.03125
0 0.5895737443475452 0.27207359294250644 0.02484556686046509 0.017323259851421174
0 0.06608072916666667 0.3766276041666667 0.024332682291666668 0.024739583333333332
0 0.435546875 0.701171875 0.022135416666666668 0.022135416666666668
0 0.012908935546875 0.126953125 0.02252197265625 0.031087239583333332
