0 0.931640625 0.4947916666666667 0.048177083333333336 0.04296875
0 0.9173177083333334 0.4485677083333333 0.0546875 0.060546875
0 0.8671875 0.6048177083333334 0.06640625 0.048828125
0 0.9641927083333334 0.345703125 0.053385416666666664 0.05078125
0 0.8372395833333334 0.59765625 0.028645833333333332 0.036458333333333336
0 0.912109375 0.517578125 0.04296875 0.044270833333333336
0 0.875 0.11661783854166667 0.029947916666666668 0.039388020833333336
0 0.96875 0.30712890625 0.0390625 0.030924479166666668
0 0.8828125 0.4537760416666667 0.02734375 0.036458333333333336
0 0.3841145833333333 0.08455403645833333 0.038411458333333336 0.032063802083333336
0 0.8704881298449613 0.23026687661498704 0.03028100775193791 0.02826227390180876
