0 0.11881510416666667 0.8092447916666666 0.057942708333333336 0.06640625
0 0.251953125 0.2693684895833333 0.044270833333333336 0.043294270833333336
0 0.2819010416666667 0.7311197916666666 0.050130208333333336 0.057291666666666664
0 0.2941080729166667 0.063232421875 0.042643229166666664 0.0361328125
0 0.7630208333333334 0.7578125 0.046875 0.0390625
0 0.3184407552083333 0.740234375 0.044759114583333336 0.0546875
0 0.66748046875 0.20198567708333334 0.0517578125 0.045572916666666664
0 0.9524739583333334 0.09488932291666667 0.03515625 0.03466796875
0 0.556640625 0.3766276041666667 0.029947916666666668 0.033203125
0 0.03553121404130325 0.26789229045542634 0.0387768807029231 0.027704598675710585
0 0.5458984375 0.4947916666666667 0.03515625 0.033203125
0 0.3209635416666667 0.5361328125 0.029296875 0.029947916666666668
0 0.7278645833333334 0.139892578125 0.0390625 0.027180989583333332
0 0.17386881510416666 0.5100911458333334 0.032796223958333336 0.024739583333333332
0 0.412109375 0.14200846354166666 0.034505208333333336 0.031575520833333336
0 0.7395833333333334 0.22021484375 0.033854166666666664 0.025065104166666668
0 0.2791341145833333 0.23876953125 0.037109375 0.048177083333333336
0 0.841796875 0.8873697916666666 0.041666666666666664 0.045572916666666664
0 0.7552360909237725 0.04836176593790375 0.050836765180878395 0.050906474584140826
0 0.6442057291666666 0.2752278645833333 0.03515625 0.025716145833333332
0 0.5501302083333334 0.340576171875 0.044921875 0.021321614583333332
0 0.6744791666666666 0.2833658854166667 0.036458333333333336 0.0478515625
0 0.011225382486979166 0.2711588541666667 0.021657307942708332 0.041341145833333336
0 0.3204752604166667 0.392578125 0.025065104166666668 0.031901041666666664
0 0.7467447916666666 0.4013671875 0.024739583333333332 0.024088541666666668
0 0.3704427083333333 0.4899088541666667 0.024088541666666668 0.027994791666666668
0 0.82421875 0.8326822916666666 0.028645833333333332 0.01953125
0 0.6829427083333334 0.3181966145833333 0.03125 0.027669270833333332
0 0.2119140625 0.3053385416666667 0.026041666666666668 0.036458333333333336
0 0.62109375 0.3339029947916667 0.022135416666666668 0.02099609375
0 0.345703125 0.14322916666666666 0.022786458333333332 0.031412760416666664
0 0.3853636749031008 0.3310332384528424 0.01942526647286824 0.028602935239018096
0 0.41980579780361754 0.32615673449612403 0.025234173126615023 0.026243540051679577
0 0.03977915051679585 0.2454073804909561 0.026243540051679542 0.02220607235142121
