0 0.4954427083333333 0.3857421875 0.03125 0.033203125
0 0.5804036458333334 0.626953125 0.044921875 0.050130208333333336
0 0.6707356770833334 0.3277180989583333 0.0361328125 0.039876302083333336
0 0.5016276041666666 0.6285807291666666 0.040364583333333336 0.040364583333333336
0 0.693359375 0.13395182291666666 0.0390625 0.038736979166666664
0 0.7604166666666666 0.5852864583333334 0.028645833333333332 0.03125
0 0.65234375 0.134033203125 0.03125 0.03564453125
0 0.7747395833333334 0.6580403645833334 0.028645833333333332 0.0263671875
0 0.6940104166666666 0.4462890625 0.028645833333333332 0.024088541666666668
0 0.609375 0.5107421875 0.03515625 0.033203125
0 0.6429036458333334 0.07537841796875 0.028645833333333332 0.024373372395833332
0 0.6363932291666666 0.3580729166666667 0.029947916666666668 0.022135416666666668
0 0.6959635416666666 0.4085286458333333 0.020833333333333332 0.0234375
0 0.6354166666666666 0.3165690104166667 0.024088541666666668 0.0234375
0 0.8528242086563308 0.6622759205426356 0.02927164082687324 0.020187338501292063
