0 0.031606038411458336 0.3697916666666667 0.034444173177083336 0.037109375
0 0.3658854166666667 0.5862630208333334 0.05859375 0.048828125
0 0.4287109375 0.5244140625 0.041015625 0.037760416666666664
0 0.8098958333333334 0.4524739583333333 0.0390625 0.046223958333333336
0 0.271484375 0.6461588541666666 0.046223958333333336 0.048828125
0 0.7283768370478038 0.26932432978036175 0.03188085432816538 0.028877987726098175
0 0.2517903645833333 0.6162109375 0.044596354166666664 0.038411458333333336
0 0.4645182291666667 0.0216064453125 0.046875 0.043212890625
0 0.693359375 0.064453125 0.048177083333333336 0.042154947916666664
0 0.6399739583333334 0.2825520833333333 0.032552083333333336 0.037109375
0 0.775390625 0.4475911458333333 0.032552083333333336 0.045572916666666664
0 0.4794921875 0.501953125 0.03515625 0.040364583333333336
0 0.7447916666666666 0.15946451822916666 0.02734375 0.039143880208333336
0 0.3157552083333333 0.113037109375 0.033528645833333336 0.028483072916666668
0 0.7272135416666666 0.127685546875 0.02734375 0.03173828125
0 0.3098958333333333 0.2854817708333333 0.025716145833333332 0.0390625
0 0.26708984375 0.031300862630208336 0.043619791666666664 0.03179931640625
0 0.6451822916666666 0.12760416666666666 0.033203125 0.019856770833333332
0 0.6041666666666666 0.20231119791666666 0.031901041666666664 0.0244140625
0 0.6783854166666666 0.4306640625 0.022135416666666668 0.02734375
0 0.9694010416666666 0.4602864583333333 0.032552083333333336 0.027994791666666668
0 0.7449481185400515 0.25574771378391475 0.03507550064599485 0.031806413517441845
0 0.3915435239018088 0.272155604005168 0.021196705426356655 0.02119670542635658
