0 0.775390625 0.18489583333333334 0.036458333333333336 0.037434895833333336
0 0.9739583333333334 0.11555989583333333 0.041666666666666664 0.035807291666666664
0 0.7662760416666666 0.048329671223958336 0.04296875 0.042826334635416664
0 0.9622395833333334 0.013712565104166666 0.053385416666666664 0.027425130208333332
0 0.7311197916666666 0.18766276041666666 0.03125 0.042317708333333336
0 0.6888020833333334 0.09619140625 0.03515625 0.024088541666666668
0 0.95703125 0.062652587890625 0.048177083333333336 0.053080240885416664
0 0.08298746744791667 0.31201171875 0.0345458984375 0.027018229166666668
0 0.6142578125 0.22330729166666666 0.029296875 0.023111979166666668
0 0.5143229166666666 0.26123046875 0.029296875 0.021809895833333332
0 0.5934244791666666 0.026250203450520832 0.026692708333333332 0.028147379557291668
0 0.7180989583333334 0.119873046875 0.032552083333333336 0.021158854166666668
0 0.10880155341569771 0.04982763482618702 0.025472636062661518 0.0237499306060239
0 0.92578125 0.01123046875 0.03515625 0.0224609375
0 0.2703450520833333 0.21728515625 0.026041666666666668 0.025065104166666668
0 0.055989583333333336 0.06917317708333333 0.020182291666666668 0.021728515625
0 0.31005859375 0.18033854166666666 0.023763020833333332 0.032552083333333336
0 0.931640625 0.008672078450520834 0.0234375 0.017344156901041668
0 0.9739482396640825 0.3286801518087855 0.027252906976744207 0.02119670542635658
0 0.22499798126614987 0.033440326227390176 0.025234173126615023 0.024224806201550386
0 0.5288174257105943 0.04252462855297157 0.02321543927648584 0.02220607235142119
