0 0.2556966145833333 0.4361979166666667 0.037434895833333336 0.047526041666666664
0 0.6555989583333334 0.3561197916666667 0.032552083333333336 0.031901041666666664
0 0.9752604166666666 0.3678385416666667 0.029947916666666668 0.028645833333333332
0 0.9596354166666666 0.3326009114583333 0.037760416666666664 0.026204427083333332
0 0.587890625 0.37109375 0.032552083333333336 0.026692708333333332
0 0.147216796875 0.3199869791666667 0.033854166666666664 0.028645833333333332
0 0.48828125 0.028727213541666668 0.030598958333333332 0.025960286458333332
0 0.5276692708333334 0.3440755208333333 0.025390625 0.028645833333333332
0 0.08439127604166667 0.3369140625 0.033365885416666664 0.033203125
0 0.2654622395833333 0.0653076171875 0.027669270833333332 0.02294921875
0 0.4716796875 0.19140625 0.032552083333333336 0.037434895833333336
0 0.7421875 0.212890625 0.02734375 0.019205729166666668
0 0.6544596354166666 0.3997395833333333 0.034830729166666664 0.028645833333333332
0 0.3736979166666667 0.2711588541666667 0.026692708333333332 0.036458333333333336
0 0.818359375 0.23111979166666666 0.02734375 0.021484375
0 0.4303385416666667 0.050547281901041664 0.029296875 0.030415852864583332
0 0.3726305111434108 0.17268123183139536 0.026722989341085412 0.034421935562015525
0 0.21305338541666666 0.4625651041666667 0.0341796875 0.027994791666666668
