0 0.2740885416666667 0.431640625 0.03515625 0.03515625
0 0.2713216145833333 0.4716796875 0.041341145833333336 0.0390625
0 0.2781575520833333 0.3948567708333333 0.03125 0.037109375
0 0.6901041666666666 0.12776692708333334 0.0390625 0.035807291666666664
0 0.8756510416666666 0.353515625 0.046875 0.032552083333333336
0 0.3238932291666667 0.035634358723958336 0.03125 0.04705810546875
0 0.124267578125 0.4977213541666667 0.035319010416666664 0.024739583333333332
0 0.6399739583333334 0.13028971354166666 0.043619791666666664 0.0185546875
0 0.9654947916666666 0.5706380208333334 0.033854166666666664 0.026692708333333332
0 0.23079427083333334 0.4495442708333333 0.034505208333333336 0.024739583333333332
0 0.3772786458333333 0.28125 0.034505208333333336 0.0322265625
0 0.2766927083333333 0.032740275065104164 0.01953125 0.027699788411458332
0 0.7213541666666666 0.1556396484375 0.028645833333333332 0.031168619791666668
0 0.7858072916666666 0.043619791666666664 0.024739583333333332 0.025553385416666668
0 0.23860677083333334 0.029469807942708332 0.032877604166666664 0.026509602864583332
0 0.5823567708333334 0.23388671875 0.041015625 0.024739583333333332
0 0.124267578125 0.5152994791666666 0.040690104166666664 0.040364583333333336
0 0.5751953125 0.036916097005208336 0.05078125 0.03814697265625
0 0.23660570090439279 0.12882550064599482 0.02018733850129199 0.023215439276485783
0 0.4647226259689922 0.07129158591731266 0.01614987080103362 0.015140503875968991
