0 0.5110677083333334 0.5592447916666666 0.04296875 0.040364583333333336
0 0.5787760416666666 0.5758463541666666 0.048177083333333336 0.037109375
0 0.455078125 0.4873046875 0.04296875 0.046875
0 0.14111328125 0.8723958333333334 0.048177083333333336 0.05078125
0 0.8177083333333334 0.09938557942708333 0.048177083333333336 0.042439778645833336
0 0.11319986979166667 0.83984375 0.048990885416666664 0.0546875
0 0.7565104166666666 0.5166015625 0.03515625 0.036458333333333336
0 0.0164794921875 0.5042317708333334 0.032958984375 0.037760416666666664
0 0.4625651041666667 0.6705729166666666 0.042317708333333336 0.048177083333333336
0 0.13427734375 0.4348958333333333 0.037272135416666664 0.03515625
0 0.2626953125 0.8567708333333334 0.047200520833333336 0.045572916666666664
0 0.3785807291666667 0.65966796875 0.043619791666666664 0.0400390625
0 0.046101888020833336 0.5384114583333334 0.043212890625 0.035807291666666664
0 0.2713216145833333 0.607421875 0.042643229166666664 0.041015625
0 0.5764973958333334 0.9251302083333334 0.0546875 0.061197916666666664
0 0.14469401041666666 0.689453125 0.043619791666666664 0.040364583333333336
0 0.3107096354166667 0.4736328125 0.0341796875 0.032552083333333336
0 0.06005859375 0.5634765625 0.02880859375 0.031901041666666664
0 0.8821614583333334 0.759765625 0.03125 0.03125
0 0.6572265625 0.3372395833333333 0.035807291666666664 0.026041666666666668
0 0.2742513020833333 0.316650390625 0.039713541666666664 0.047037760416666664
0 0.8111979166666666 0.338134765625 0.036458333333333336 0.02099609375
0 0.9739583333333334 0.6619466145833334 0.036458333333333336 0.036783854166666664
0 0.4996744791666667 0.6622721354166666 0.038411458333333336 0.042643229166666664
0 0.2882486979166667 0.20263671875 0.027994791666666668 0.030924479166666668
0 0.3401692708333333 0.3671875 0.022786458333333332 0.0390625
0 0.2587890625 0.65234375 0.034830729166666664 0.026692708333333332
0 0.2581380208333333 0.14990234375 0.032877604166666664 0.03515625
0 0.23746744791666666 0.3172200520833333 0.030924479166666668 0.026041666666666668
0 0.2897135416666667 0.4244791666666667 0.028971354166666668 0.022135416666666668
0 0.5104166666666666 0.7903645833333334 0.029947916666666668 0.032552083333333336
0 0.8248697916666666 0.400390625 0.03125 0.024739583333333332
0 0.3802083333333333 0.7838541666666666 0.035807291666666664 0.03515625
0 0.3177083333333333 0.009516398111979166 0.036458333333333336 0.016021728515625
0 0.28466796875 0.2853190104166667 0.0283203125 0.023111979166666668
0 0.21175130208333334 0.5338541666666666 0.03515625 0.026041666666666668
0 0.927734375 0.353515625 0.037760416666666664 0.028645833333333332
0 0.00933837890625 0.30126953125 0.01605224609375 0.041341145833333336
0 0.17679850260416666 0.4140625 0.023681640625 0.026692708333333332
0 0.8815104166666666 0.734375 0.028645833333333332 0.028645833333333332
0 0.6354166666666666 0.4720052083333333 0.027994791666666668 0.021484375
0 0.0237884521484375 0.2698567708333333 0.032257080078125 0.0302734375
0 0.344970703125 0.14583333333333334 0.02880859375 0.028645833333333332
0 0.008488775839793239 0.39731710271317827 0.012112403100775179 0.019177971576227398
0 0.26335392441860456 0.25196826550387597 0.027252906976744207 0.019177971576227398
0 0.36378593346253224 0.3064740794573643 0.01614987080103362 0.019177971576227398
