0 0.6583658854166666 0.22330729166666666 0.042643229166666664 0.040690104166666664
0 0.6920572916666666 0.564453125 0.040364583333333336 0.045572916666666664
0 0.66943359375 0.322509765625 0.0517578125 0.045084635416666664
0 0.5579427083333334 0.216796875 0.038411458333333336 0.038736979166666664
0 0.6569010416666666 0.13802083333333334 0.045572916666666664 0.042805989583333336
0 0.2822265625 0.95703125 0.032552083333333336 0.033854166666666664
0 0.4287109375 0.2970377604166667 0.044921875 0.036458333333333336
0 0.6681315104166666 0.9768880208333334 0.0400390625 0.046223958333333336
0 0.26904296875 0.615234375 0.0400390625 0.033203125
0 0.7845052083333334 0.7721354166666666 0.02734375 0.026041666666666668
0 0.69140625 0.3639322916666667 0.037760416666666664 0.041015625
0 0.685546875 0.8248697916666666 0.044270833333333336 0.05078125
0 0.6927083333333334 0.14969889322916666 0.036458333333333336 0.043701171875
0 0.12890625 0.716796875 0.033365885416666664 0.037760416666666664
0 0.4661458333333333 0.2825520833333333 0.048177083333333336 0.046875
0 0.6907552083333334 0.498046875 0.036458333333333336 0.043619791666666664
0 0.5947265625 0.7018229166666666 0.02734375 0.040364583333333336
0 0.6012369791666666 0.20865885416666666 0.026692708333333332 0.02734375
0 0.5120442708333334 0.21158854166666666 0.030598958333333332 0.024739583333333332
0 0.10251871744791667 0.7278645833333334 0.040079752604166664 0.040364583333333336
0 0.018366495768229168 0.6875 0.029429117838541668 0.02734375
0 0.06612141927083333 0.5735677083333334 0.040934244791666664 0.041015625
0 0.943359375 0.8020833333333334 0.041666666666666664 0.029947916666666668
0 0.93359375 0.73828125 0.03125 0.03125
0 0.7669270833333334 0.6214192708333334 0.020833333333333332 0.030598958333333332
0 0.107421875 0.7955729166666666 0.033365885416666664 0.029947916666666668
0 0.3492838541666667 0.6653645833333334 0.026692708333333332 0.032552083333333336
0 0.06903076171875 0.7174479166666666 0.032023111979166664 0.028645833333333332
0 0.5524088541666666 0.2960611979166667 0.022135416666666668 0.037434895833333336
0 0.5445963541666666 0.5234375 0.026041666666666668 0.026041666666666668
0 0.7200520833333334 0.4798177083333333 0.028645833333333332 0.029947916666666668
0 0.2643229166666667 0.7174479166666666 0.027669270833333332 0.029947916666666668
0 0.3834635416666667 0.5169270833333334 0.032552083333333336 0.028645833333333332
0 0.4169921875 0.3412272135416667 0.026692708333333332 0.03564453125
0 0.3074544270833333 0.5556640625 0.0224609375 0.043619791666666664
0 0.7421875 0.7760416666666666 0.033854166666666664 0.022135416666666668
0 0.314453125 0.6608072916666666 0.023763020833333332 0.026041666666666668
0 0.4215494791666667 0.3948567708333333 0.027994791666666668 0.027994791666666668
0 0.6857739825581396 0.6698461724806202 0.02018733850129199 0.02321543927648584
