0 0.6861979166666666 0.09735107421875 0.037760416666666664 0.034138997395833336
0 0.4654947916666667 0.2877604166666667 0.044270833333333336 0.047200520833333336
0 0.6920572916666666 0.14803059895833334 0.0390625 0.039876302083333336
0 0.2786458333333333 0.69482421875 0.052734375 0.056966145833333336
0 0.6427408854166666 0.4947916666666667 0.049153645833333336 0.034505208333333336
0 0.2887369791666667 0.7447916666666666 0.062174479166666664 0.052083333333333336
0 0.68701171875 0.3146158854166667 0.0439453125 0.035481770833333336
0 0.8893229166666666 0.3916015625 0.04296875 0.029296875
0 0.7141927083333334 0.27734375 0.040364583333333336 0.036458333333333336
0 0.3779296875 0.5686848958333334 0.044921875 0.030598958333333332
0 0.6541341145833334 0.2939453125 0.0419921875 0.038411458333333336
0 0.4742838541666667 0.019276936848958332 0.031901041666666664 0.038553873697916664
0 0.4430338541666667 0.019307454427083332 0.037109375 0.038614908854166664
0 0.3815104166666667 0.353515625 0.029296875 0.024739583333333332
0 0.5856119791666666 0.24576822916666666 0.026692708333333332 0.027018229166666668
0 0.6451822916666666 0.021692911783854168 0.024739583333333332 0.039296468098958336
0 0.3776041666666667 0.2605794270833333 0.027994791666666668 0.02734375
0 0.697265625 0.22265625 0.029947916666666668 0.026041666666666668
0 0.6402994791666666 0.10555013020833333 0.025390625 0.042154947916666664
0 0.61328125 0.0626220703125 0.033203125 0.0224609375
0 0.7083333333333334 0.3743489583333333 0.033854166666666664 0.022786458333333332
0 0.5478515625 0.4296875 0.020182291666666668 0.030598958333333332
0 0.336181640625 0.21061197916666666 0.041829427083333336 0.021484375
0 0.3805338541666667 0.4104817708333333 0.022135416666666668 0.017578125
0 0.3154296875 0.19059244791666666 0.0234375 0.025065104166666668
0 0.3010783823885659 0.7150506702196383 0.04466574814276495 0.039799337855297136
0 0.6398477874677002 0.40842013888888884 0.02321543927648569 0.027252906976744134
