0 0.9622395833333334 0.7200520833333334 0.04296875 0.037760416666666664
0 0.904296875 0.3502604166666667 0.0390625 0.036458333333333336
0 0.6578776041666666 0.036661783854166664 0.038411458333333336 0.04248046875
0 0.6119791666666666 0.06429036458333333 0.034505208333333336 0.031168619791666668
0 0.6217447916666666 0.2609049479166667 0.029947916666666668 0.022786458333333332
0 0.5751953125 0.12272135416666667 0.03125 0.0361328125
0 0.2610677083333333 0.3531901041666667 0.034830729166666664 0.036458333333333336
0 0.16455078125 0.21142578125 0.0341796875 0.0341796875
0 0.019816080729166668 0.19368489583333334 0.034830729166666664 0.036783854166666664
0 0.8736979166666666 0.3274739583333333 0.029947916666666668 0.022786458333333332
0 0.12190755208333333 0.18798828125 0.031901041666666664 0.035481770833333336
0 0.9329427083333334 0.3551432291666667 0.024739583333333332 0.022135416666666668
0 0.011698404947916666 0.15669759114583334 0.01629638671875 0.043375651041666664
0 0.810546875 0.3984375 0.029947916666666668 0.029296875
0 0.7688802083333334 0.18294270833333334 0.0234375 0.0263671875
0 0.24013848514211888 0.6340136466408269 0.02321543927648584 0.02422480620155043
