0 0.7610677083333334 0.104736328125 0.028645833333333332 0.042643229166666664
0 0.87890625 0.1875 0.036458333333333336 0.046875
0 0.5511067708333334 0.3356119791666667 0.034505208333333336 0.039713541666666664
0 0.787109375 0.10823567708333333 0.04296875 0.056966145833333336
0 0.875 0.4388020833333333 0.04296875 0.047526041666666664
0 0.9694010416666666 0.3179524739583333 0.036458333333333336 0.04052734375
0 0.3828125 0.04132080078125 0.027994791666666668 0.0313720703125
0 0.1829833984375 0.052581787109375 0.036702473958333336 0.038065592447916664
0 0.07421875 0.3069661458333333 0.035481770833333336 0.030924479166666668
0 0.6393229166666666 0.22835286458333334 0.033854166666666664 0.028971354166666668
0 0.9518229166666666 0.3216959635416667 0.032552083333333336 0.038248697916666664
0 0.677734375 0.2898763020833333 0.028645833333333332 0.0341796875
0 0.7434895833333334 0.4996744791666667 0.044270833333333336 0.033854166666666664
0 0.8580729166666666 0.4469401041666667 0.026041666666666668 0.036458333333333336
0 0.8684895833333334 0.7330729166666666 0.029947916666666668 0.028645833333333332
