0 0.3876953125 0.7239583333333334 0.039713541666666664 0.037760416666666664
0 0.65087890625 0.2937825520833333 0.0498046875 0.0439453125
0 0.4091796875 0.4518229166666667 0.047526041666666664 0.040364583333333336
0 0.6946614583333334 0.2999674479166667 0.0390625 0.0439453125
0 0.6907552083333334 0.19401041666666666 0.044270833333333336 0.044596354166666664
0 0.27490234375 0.6158854166666666 0.046875 0.052083333333333336
0 0.6103515625 0.7180989583333334 0.042317708333333336 0.033854166666666664
0 0.22135416666666666 0.8671875 0.048177083333333336 0.046875
0 0.5849609375 0.08321126302083333 0.035807291666666664 0.041259765625
0 0.609375 0.6448567708333334 0.044921875 0.034505208333333336
0 0.9827473958333334 0.69921875 0.034505208333333336 0.03515625
0 0.4010416666666667 0.6552734375 0.037109375 0.039713541666666664
0 0.24267578125 0.7291666666666666 0.028971354166666668 0.041666666666666664
0 0.5514322916666666 0.6393229166666666 0.029947916666666668 0.020833333333333332
0 0.703125 0.07316080729166667 0.061197916666666664 0.044921875
0 0.6765950520833334 0.724609375 0.027018229166666668 0.024739583333333332
0 0.3020833333333333 0.693359375 0.0478515625 0.052083333333333336
0 0.3740234375 0.13606770833333334 0.04296875 0.041015625
0 0.3141276041666667 0.9381510416666666 0.05078125 0.05859375
0 0.4352213541666667 0.31103515625 0.030598958333333332 0.029622395833333332
0 0.9791666666666666 0.77734375 0.037760416666666664 0.022135416666666668
0 0.6458333333333334 0.17399088541666666 0.039713541666666664 0.036783854166666664
0 0.412109375 0.1982421875 0.030598958333333332 0.0234375
0 0.65283203125 0.3658854166666667 0.028971354166666668 0.02734375
0 0.9694010416666666 0.5559895833333334 0.029947916666666668 0.022786458333333332
0 0.6461588541666666 0.4427083333333333 0.035807291666666664 0.022786458333333332
0 0.19303385416666666 0.8424479166666666 0.026692708333333332 0.03515625
0 0.33251953125 0.21663411458333334 0.027018229166666668 0.024739583333333332
0 0.83984375 0.615234375 0.036458333333333336 0.03125
0 0.24837239583333334 0.80859375 0.030598958333333332 0.024739583333333332
0 0.5891927083333334 0.46484375 0.024088541666666668 0.024739583333333332
0 0.3388671875 0.1435546875 0.02734375 0.027506510416666668
0 0.2825520833333333 0.681640625 0.026692708333333332 0.024739583333333332
0 0.3720703125 0.6536458333333334 0.028645833333333332 0.029947916666666668
0 0.32357401687661497 0.6963142966731266 0.023899285368217022 0.026803738695090413
0 0.9817708333333334 0.0966796875 0.022135416666666668 0.040852864583333336
0 0.6756803133074936 0.49219759366925064 0.02018733850129199 0.017159237726098214
0 0.46068515826873385 0.22673409237726097 0.024224806201550358 0.019177971576227398
