0 0.6790364583333334 0.3115234375 0.037760416666666664 0.038736979166666664
0 0.4801432291666667 0.044677734375 0.044921875 0.037190755208333336
0 0.6373697916666666 0.31103515625 0.036458333333333336 0.032877604166666664
0 0.4622395833333333 0.4973958333333333 0.050130208333333336 0.060546875
0 0.2828776041666667 0.3072916666666667 0.0419921875 0.041666666666666664
0 0.4602864583333333 0.014383951822916666 0.043619791666666664 0.028767903645833332
0 0.4248046875 0.06868489583333333 0.042317708333333336 0.046712239583333336
0 0.24381510416666666 0.7825520833333334 0.05078125 0.04296875
0 0.6751302083333334 0.1810302734375 0.053385416666666664 0.048746744791666664
0 0.7747395833333334 0.3427734375 0.0390625 0.0390625
0 0.8951822916666666 0.796875 0.052083333333333336 0.041666666666666664
0 0.6471354166666666 0.032969156901041664 0.045572916666666664 0.03546142578125
0 0.7135416666666666 0.5065104166666666 0.044270833333333336 0.036458333333333336
0 0.2721354166666667 0.80078125 0.038411458333333336 0.040364583333333336
0 0.7174479166666666 0.16426595052083334 0.028645833333333332 0.039957682291666664
0 0.6790364583333334 0.478515625 0.029947916666666668 0.034505208333333336
0 0.132080078125 0.9713541666666666 0.039876302083333336 0.04296875
0 0.10538736979166667 0.8971354166666666 0.052571614583333336 0.06380208333333333
0 0.4596354166666667 0.6966145833333334 0.044921875 0.032552083333333336
0 0.6497395833333334 0.5436197916666666 0.0390625 0.03125
0 0.416015625 0.2801106770833333 0.041666666666666664 0.0322265625
0 0.9778645833333334 0.4921875 0.036458333333333336 0.042317708333333336
0 0.8567708333333334 0.625 0.0390625 0.028645833333333332
0 0.3955078125 0.708984375 0.041666666666666664 0.044270833333333336
0 0.4189453125 0.016357421875 0.03515625 0.025634765625
0 0.609375 0.02081298828125 0.0390625 0.0416259765625
0 0.3146158854166667 0.3160807291666667 0.033528645833333336 0.025390625
0 0.6681315104166666 0.70703125 0.037434895833333336 0.041666666666666664
0 0.25439453125 0.36328125 0.027018229166666668 0.024739583333333332
0 0.3889973958333333 0.2781575520833333 0.029296875 0.0263671875
0 0.3955078125 0.18310546875 0.026041666666666668 0.0283203125
0 0.5452473958333334 0.3015950520833333 0.020182291666666668 0.024739583333333332
0 0.13020833333333334 0.919921875 0.034016927083333336 0.02734375
0 0.3958333333333333 0.050537109375 0.0390625 0.03369140625
0 0.6940104166666666 0.16129557291666666 0.028645833333333332 0.048828125
0 0.4423828125 0.04833984375 0.033854166666666664 0.048258463541666664
0 0.5920807594476744 0.49568747981266154 0.04809381056201545 0.052572876291989624
0 0.4430212370801034 0.1631439760981912 0.025234173126615023 0.02119670542635658
