0 0.025655110677083332 0.13472493489583334 0.050577799479166664 0.065185546875
0 0.5973307291666666 0.6272786458333334 0.043619791666666664 0.037760416666666664
0 0.76171875 0.8203125 0.046875 0.03125
0 0.023264567057291668 0.333740234375 0.04266357421875 0.05517578125
0 0.521484375 0.8072916666666666 0.048177083333333336 0.036458333333333336
0 0.4957682291666667 0.87890625 0.041666666666666664 0.0390625
0 0.8098958333333334 0.8229166666666666 0.041666666666666664 0.029947916666666668
0 0.6376953125 0.6295572916666666 0.042317708333333336 0.03125
0 0.6927083333333334 0.8372395833333334 0.036458333333333336 0.036458333333333336
0 0.4847005208333333 0.9192708333333334 0.044921875 0.048177083333333336
0 0.029815673828125 0.7975260416666666 0.041280110677083336 0.046875
0 0.026326497395833332 0.474609375 0.037190755208333336 0.029947916666666668
0 0.0223388671875 0.9016927083333334 0.044677734375 0.05859375
0 0.5849609375 0.8138020833333334 0.043619791666666664 0.026041666666666668
0 0.974609375 0.9811197916666666 0.044270833333333336 0.033854166666666664
0 0.024042765299479168 0.06386311848958333 0.039560953776041664 0.0438232421875
0 0.6298828125 0.3818359375 0.031901041666666664 0.033203125
0 0.7799479166666666 0.7467447916666666 0.028645833333333332 0.033854166666666664
0 0.010142008463541666 0.2986653645833333 0.020284016927083332 0.035481770833333336
0 0.10294596354166667 0.9791666666666666 0.043294270833333336 0.033854166666666664
0 0.010935465494791666 0.8111979166666666 0.021870930989583332 0.046875
0 0.011454264322916666 0.5748697916666666 0.022908528645833332 0.040364583333333336
0 0.8033854166666666 0.7356770833333334 0.028645833333333332 0.0234375
0 0.6168619791666666 0.14518229166666666 0.037109375 0.021809895833333332
0 0.16048177083333334 0.9850260416666666 0.02734375 0.02734375
0 0.6484274063307494 0.8500181686046512 0.022206072351421174 0.026243540051679688
0 0.8225432009043927 0.548217458010336 0.027252906976744207 0.024224806201550358
