0 0.6162109375 0.4140625 0.035807291666666664 0.040364583333333336
0 0.10416666666666667 0.3873697916666667 0.044270833333333336 0.047526041666666664
0 0.90234375 0.22721354166666666 0.0546875 0.041015625
0 0.572265625 0.4055989583333333 0.0390625 0.040364583333333336
0 0.810546875 0.5787760416666666 0.0390625 0.037109375
0 0.2833658854166667 0.052866617838541664 0.057942708333333336 0.042378743489583336
0 0.5319010416666666 0.3079427083333333 0.029296875 0.026692708333333332
0 0.6057942708333334 0.19401041666666666 0.033203125 0.029947916666666668
0 0.4501953125 0.3238118489583333 0.035807291666666664 0.033365885416666664
0 0.2805989583333333 0.08542887369791667 0.048177083333333336 0.0404052734375
0 0.2989908854166667 0.14534505208333334 0.03125 0.028483072916666668
0 0.5397135416666666 0.034581502278645836 0.027994791666666668 0.037607828776041664
0 0.6419270833333334 0.4267578125 0.024739583333333332 0.027994791666666668
0 0.9889322916666666 0.6451822916666666 0.01953125 0.024088541666666668
0 0.9759114583333334 0.72265625 0.032552083333333336 0.057291666666666664
0 0.6468098958333334 0.31689453125 0.0234375 0.021158854166666668
0 0.6920572916666666 0.31787109375 0.01953125 0.020833333333333332
0 0.4869791666666667 0.13932291666666666 0.024088541666666668 0.020670572916666668
0 0.4990234375 0.0780029296875 0.029947916666666668 0.022542317708333332
0 0.9739583333333334 0.4563802083333333 0.022135416666666668 0.026692708333333332
0 0.22600734819121446 0.1384144864341085 0.025234173126614873 0.03229974160206719
