0 0.6731770833333334 0.031778971354166664 0.06770833333333333 0.06355794270833333
0 0.857421875 0.100341796875 0.049479166666666664 0.050455729166666664
0 0.333251953125 0.8046875 0.056803385416666664 0.037760416666666664
0 0.4280598958333333 0.6393229166666666 0.041666666666666664 0.041015625
0 0.482421875 0.5647786458333334 0.040364583333333336 0.044921875
0 0.2825520833333333 0.283203125 0.031901041666666664 0.029622395833333332
0 0.3844401041666667 0.7421875 0.0546875 0.046875
0 0.3402506510416667 0.7005208333333334 0.03564453125 0.03515625
0 0.7942708333333334 0.5166015625 0.04296875 0.03125
0 0.5807291666666666 0.5403645833333334 0.044270833333333336 0.050130208333333336
0 0.26171875 0.322998046875 0.034505208333333336 0.02978515625
0 0.6259765625 0.22330729166666666 0.040364583333333336 0.032877604166666664
0 0.4150390625 0.53125 0.041015625 0.030598958333333332
0 0.5152994791666666 0.6292317708333334 0.03125 0.024739583333333332
0 0.9029947916666666 0.7662760416666666 0.05078125 0.046875
0 0.853515625 0.521484375 0.048177083333333336 0.048177083333333336
0 0.5621744791666666 0.322998046875 0.03515625 0.026529947916666668
0 0.7428385416666666 0.5110677083333334 0.03515625 0.028645833333333332
0 0.8828125 0.388671875 0.036458333333333336 0.02734375
0 0.6393229166666666 0.5211588541666666 0.026692708333333332 0.030598958333333332
0 0.5693359375 0.2861328125 0.021484375 0.027994791666666668
0 0.9850260416666666 0.22867838541666666 0.028645833333333332 0.029947916666666668
0 0.90625 0.3577473958333333 0.03125 0.038411458333333336
0 0.650390625 0.16943359375 0.02734375 0.025390625
0 0.255859375 0.108642578125 0.027669270833333332 0.021484375
0 0.6297541182170542 0.4654493701550388 0.033309108527131905 0.02422480620155043
0 0.6130995639534883 0.4230559593023256 0.028262273901808726 0.03229974160206717
0 0.011012193152454755 0.3624939437984496 0.02119670542635658 0.02422480620155043
