0 0.2771809895833333 0.13655598958333334 0.035481770833333336 0.036295572916666664
0 0.947265625 0.038899739583333336 0.040364583333333336 0.041910807291666664
0 0.21809895833333334 0.23372395833333334 0.0419921875 0.038411458333333336
0 0.2513020833333333 0.08514404296875 0.041666666666666664 0.043253580729166664
0 0.18863932291666666 0.3108723958333333 0.0380859375 0.033203125
0 0.341552734375 0.17106119791666666 0.032389322916666664 0.029947916666666668
0 0.2522786458333333 0.22916666666666666 0.0361328125 0.039388020833333336
0 0.4501953125 0.1357421875 0.034505208333333336 0.02685546875
0 0.4983723958333333 0.12605794270833334 0.031901041666666664 0.025553385416666668
0 0.955078125 0.013234456380208334 0.0390625 0.026468912760416668
0 0.5139973958333334 0.21663411458333334 0.024739583333333332 0.025390625
0 0.65234375 0.18538411458333334 0.0234375 0.0234375
0 0.043009440104166664 0.3103841145833333 0.032063802083333336 0.031901041666666664
0 0.4485677083333333 0.17777506510416666 0.024739583333333332 0.030192057291666668
0 0.14485677083333334 0.3240559895833333 0.03369140625 0.027669270833333332
0 0.12158203125 0.3138020833333333 0.027669270833333332 0.029947916666666668
0 0.1865234375 0.24576822916666666 0.022786458333333332 0.02734375
0 0.7584635416666666 0.20947265625 0.0234375 0.021809895833333332
0 0.32568359375 0.14583333333333334 0.023111979166666668 0.023111979166666668
0 0.010009765625 0.23388671875 0.02001953125 0.027669270833333332
0 0.3551432291666667 0.22509765625 0.02734375 0.020833333333333332
0 0.08919270833333333 0.009419759114583334 0.041341145833333336 0.018839518229166668
0 0.783203125 0.07527669270833333 0.026041666666666668 0.02783203125
0 0.11548166989664077 0.07179626937984496 0.026243540051679542 0.02826227390180879
0 0.5535469153746769 0.03848716085271318 0.024224806201550503 0.024224806201550386
