0 0.9329427083333334 0.5169270833333334 0.052083333333333336 0.043619791666666664
0 0.88671875 0.6097005208333334 0.0390625 0.044270833333333336
0 0.9680989583333334 0.34765625 0.040364583333333336 0.035807291666666664
0 0.734375 0.2919921875 0.0390625 0.037109375
0 0.17460123697916666 0.3717447916666667 0.035888671875 0.026692708333333332
0 0.9329427083333334 0.2897135416666667 0.028645833333333332 0.036783854166666664
0 0.9479166666666666 0.2625325520833333 0.041666666666666664 0.042643229166666664
0 0.904296875 0.24235026041666666 0.045572916666666664 0.046549479166666664
0 0.15616861979166666 0.2919921875 0.030436197916666668 0.03515625
0 0.20361328125 0.3958333333333333 0.028971354166666668 0.039713541666666664
0 0.5091145833333334 0.3600260416666667 0.034505208333333336 0.030598958333333332
0 0.8470052083333334 0.5989583333333334 0.028645833333333332 0.034505208333333336
0 0.9765625 0.0633544921875 0.0390625 0.052327473958333336
0 0.4446614583333333 0.2919921875 0.024739583333333332 0.029947916666666668
0 0.8880208333333334 0.681640625 0.026041666666666668 0.037760416666666664
0 0.8684895833333334 0.2265625 0.036458333333333336 0.029622395833333332
0 0.3649088541666667 0.13753255208333334 0.031901041666666664 0.020833333333333332
0 0.7213541666666666 0.2566731770833333 0.0234375 0.0224609375
0 0.2583070897932817 0.08845082364341085 0.031290374677002575 0.02725290697674418
0 0.1901748223514211 0.06523538436692505 0.02018733850129199 0.02927164082687338
