0 0.759765625 0.2724609375 0.044270833333333336 0.032552083333333336
0 0.8209635416666666 0.033884684244791664 0.044270833333333336 0.041117350260416664
0 0.6201171875 0.3136393229166667 0.054036458333333336 0.051106770833333336
0 0.857421875 0.025655110677083332 0.04296875 0.051310221354166664
0 0.5634765625 0.20003255208333334 0.0390625 0.033203125
0 0.5563151041666666 0.3935546875 0.036458333333333336 0.03515625
0 0.8893229166666666 0.3548177083333333 0.048177083333333336 0.035807291666666664
0 0.6446940104166666 0.022786458333333332 0.049153645833333336 0.045572916666666664
0 0.5162760416666666 0.1875 0.030598958333333332 0.025065104166666668
0 0.6717122395833334 0.040303548177083336 0.023763020833333332 0.0374755859375
0 0.44921875 0.06298828125 0.03515625 0.02294921875
0 0.4134114583333333 0.1668701171875 0.030598958333333332 0.019775390625
0 0.642578125 0.3951822916666667 0.020833333333333332 0.031901041666666664
0 0.5100911458333334 0.3958333333333333 0.025390625 0.026692708333333332
0 0.59375 0.17415364583333334 0.02734375 0.0244140625
0 0.4820963541666667 0.043497721354166664 0.014973958333333334 0.031982421875
0 0.7846919412144703 0.014767038113695091 0.026243540051679837 0.025234173126614984
