0 0.5 0.6080729166666666 0.040364583333333336 0.034505208333333336
0 0.6149088541666666 0.5279947916666666 0.043619791666666664 0.037109375
0 0.95703125 0.3626302083333333 0.041666666666666664 0.041015625
0 0.5439453125 0.5934244791666666 0.041666666666666664 0.038411458333333336
0 0.2960611979166667 0.25 0.038736979166666664 0.0341796875
0 0.2877604166666667 0.6057942708333334 0.032552083333333336 0.040364583333333336
0 0.921875 0.3740234375 0.033854166666666664 0.0390625
0 0.2822265625 0.3759765625 0.026041666666666668 0.02734375
0 0.09244791666666667 0.21565755208333334 0.042154947916666664 0.045247395833333336
0 0.345947265625 0.3330078125 0.03466796875 0.034505208333333336
0 0.78125 0.4967447916666667 0.036458333333333336 0.028645833333333332
0 0.15694173177083334 0.24788411458333334 0.027262369791666668 0.032877604166666664
0 0.7513020833333334 0.3509114583333333 0.026041666666666668 0.029296875
0 0.049275716145833336 0.3580729166666667 0.029459635416666668 0.037760416666666664
0 0.3440755208333333 0.3759765625 0.022135416666666668 0.024088541666666668
0 0.4635416666666667 0.458984375 0.028645833333333332 0.030598958333333332
0 0.13566080729166666 0.279296875 0.035970052083333336 0.032552083333333336
0 0.0198516845703125 0.14607747395833334 0.033376057942708336 0.036783854166666664
0 0.052886962890625 0.5247395833333334 0.02947998046875 0.020182291666666668
0 0.22428385416666666 0.3727213541666667 0.026692708333333332 0.024088541666666668
0 0.978515625 0.4427083333333333 0.028645833333333332 0.032552083333333336
