0 0.736328125 0.7447916666666666 0.040364583333333336 0.0390625
0 0.6985677083333334 0.016164143880208332 0.044270833333333336 0.032328287760416664
0 0.6463216145833334 0.7565104166666666 0.0458984375 0.049479166666666664
0 0.796875 0.7903645833333334 0.029947916666666668 0.04296875
0 0.7669270833333334 0.791015625 0.02734375 0.03515625
0 0.6927083333333334 0.5315755208333334 0.0390625 0.031901041666666664
0 0.7760416666666666 0.759765625 0.045572916666666664 0.020833333333333332
0 0.6458333333333334 0.7864583333333334 0.0390625 0.040364583333333336
0 0.6315104166666666 0.023101806640625 0.030598958333333332 0.037455240885416664
0 0.7936197916666666 0.6861979166666666 0.026041666666666668 0.02734375
0 0.8020833333333334 0.4781901041666667 0.033854166666666664 0.033854166666666664
0 0.6116536458333334 0.7786458333333334 0.027994791666666668 0.02734375
0 0.615234375 0.7838541666666666 0.045572916666666664 0.028645833333333332
