0 0.15279134114583334 0.10036214192708333 0.036539713541666664 0.0401611328125
0 0.15511067708333334 0.039494832356770836 0.035481770833333336 0.038279215494791664
0 0.6979166666666666 0.046671549479166664 0.032552083333333336 0.029622395833333332
0 0.5221354166666666 0.08561197916666667 0.029947916666666668 0.02978515625
0 0.18452962239583334 0.06764729817708333 0.036214192708333336 0.033162434895833336
0 0.7161458333333334 0.07975260416666667 0.026041666666666668 0.028483072916666668
0 0.515625 0.23746744791666666 0.03125 0.024739583333333332
0 0.3688151041666667 0.13053385416666666 0.026692708333333332 0.022623697916666668
0 0.5345052083333334 0.11149088541666667 0.028645833333333332 0.02197265625
0 0.3282877604166667 0.028691609700520832 0.0283203125 0.021962483723958332
0 0.12744140625 0.010098775227864584 0.0400390625 0.018946329752604168
0 0.6612955729166666 0.24202473958333334 0.028971354166666668 0.022786458333333332
0 0.6419270833333334 0.18782552083333334 0.032552083333333336 0.018880208333333332
0 0.486328125 0.11027018229166667 0.024739583333333332 0.01953125
