0 0.18440755208333334 0.5706380208333334 0.062174479166666664 0.068359375
0 0.5240885416666666 0.5403645833333334 0.040364583333333336 0.042317708333333336
0 0.13818359375 0.8170572916666666 0.046875 0.05078125
0 0.8697916666666666 0.8997395833333334 0.052083333333333336 0.037760416666666664
0 0.5061848958333334 0.25341796875 0.041015625 0.0400390625
0 0.6051432291666666 0.6171875 0.035807291666666664 0.040364583333333336
0 0.6857096354166666 0.5592447916666666 0.0400390625 0.044921875
0 0.9088541666666666 0.9036458333333334 0.029947916666666668 0.037760416666666664
0 0.2801106770833333 0.25732421875 0.047200520833333336 0.039713541666666664
0 0.4765625 0.3994140625 0.035807291666666664 0.022135416666666668
0 0.65283203125 0.5615234375 0.0341796875 0.03515625
0 0.5807291666666666 0.6097005208333334 0.028645833333333332 0.028645833333333332
0 0.9602864583333334 0.841796875 0.022135416666666668 0.029947916666666668
0 0.5107421875 0.07698567708333333 0.03125 0.0234375
0 0.5826822916666666 0.3798828125 0.020833333333333332 0.021484375
0 0.9876302083333334 0.8430989583333334 0.0234375 0.01953125
0 0.24518531976744184 0.3624939437984496 0.025234173126615023 0.026243540051679615
