0 0.6438802083333334 0.11604817708333333 0.045572916666666664 0.046223958333333336
0 0.42578125 0.080810546875 0.038411458333333336 0.039713541666666664
0 0.2526041666666667 0.4677734375 0.044921875 0.03515625
0 0.21875 0.494140625 0.041015625 0.037109375
0 0.6848958333333334 0.10921223958333333 0.044270833333333336 0.047200520833333336
0 0.69140625 0.3876953125 0.04296875 0.041666666666666664
0 0.4938151041666667 0.06374104817708333 0.048177083333333336 0.07401529947916667
0 0.6354166666666666 0.1734619140625 0.035807291666666664 0.040771484375
0 0.08544921875 0.9244791666666666 0.041015625 0.041666666666666664
0 0.2569986979166667 0.8411458333333334 0.0419921875 0.040364583333333336
0 0.28662109375 0.958984375 0.042643229166666664 0.04296875
0 0.6510416666666666 0.396484375 0.037760416666666664 0.041666666666666664
0 0.6842447916666666 0.18306477864583334 0.046875 0.037516276041666664
0 0.22526041666666666 0.853515625 0.033528645833333336 0.036458333333333336
0 0.4475911458333333 0.5182291666666666 0.036458333333333336 0.033854166666666664
0 0.83203125 0.96484375 0.037760416666666664 0.036458333333333336
0 0.23795572916666666 0.9563802083333334 0.05078125 0.044270833333333336
0 0.7350260416666666 0.6484375 0.036458333333333336 0.025390625
0 0.020823160807291668 0.9368489583333334 0.03961181640625 0.03125
0 0.697265625 0.6564127604166666 0.044270833333333336 0.030924479166666668
0 0.4593098958333333 0.06669108072916667 0.031901041666666664 0.058837890625
0 0.689453125 0.29638671875 0.041666666666666664 0.041015625
0 0.8157552083333334 0.9381510416666666 0.03515625 0.037760416666666664
0 0.3544921875 0.748046875 0.037109375 0.028645833333333332
0 0.4235026041666667 0.5393880208333334 0.024088541666666668 0.030598958333333332
0 0.4475911458333333 0.033625284830729164 0.039713541666666664 0.035695393880208336
0 0.4264322916666667 0.4856770833333333 0.033203125 0.026692708333333332
0 0.5865885416666666 0.4254557291666667 0.026692708333333332 0.029296875
0 0.6360677083333334 0.6546223958333334 0.03125 0.026692708333333332
0 0.23388671875 0.9869791666666666 0.029947916666666668 0.026041666666666668
0 0.6412760416666666 0.6868489583333334 0.026041666666666668 0.0234375
0 0.6739908854166666 0.6380208333333334 0.0283203125 0.024739583333333332
