0 0.7122395833333334 0.17822265625 0.040364583333333336 0.04296875
0 0.419921875 0.5146484375 0.037760416666666664 0.037109375
0 0.650390625 0.5247395833333334 0.040364583333333336 0.04296875
0 0.4817708333333333 0.3355305989583333 0.041015625 0.029459635416666668
0 0.6663411458333334 0.19091796875 0.046223958333333336 0.050130208333333336
0 0.102783203125 0.4479166666666667 0.053385416666666664 0.050130208333333336
0 0.14168294270833334 0.26318359375 0.050944010416666664 0.027669270833333332
0 0.4342447916666667 0.3251139322916667 0.041666666666666664 0.03662109375
0 0.962890625 0.4775390625 0.032552083333333336 0.031901041666666664
0 0.4934895833333333 0.5048828125 0.037109375 0.028645833333333332
0 0.7630208333333334 0.127685546875 0.044270833333333336 0.038248697916666664
0 0.14969889322916666 0.3179524739583333 0.040120442708333336 0.035319010416666664
0 0.1478271484375 0.3482259114583333 0.041910807291666664 0.041829427083333336
0 0.654296875 0.28271484375 0.05859375 0.037760416666666664
0 0.708984375 0.30712890625 0.026041666666666668 0.0224609375
0 0.2584635416666667 0.3154296875 0.036458333333333336 0.048177083333333336
0 0.2874348958333333 0.2950846354166667 0.032877604166666664 0.0400390625
0 0.3358561197916667 0.28076171875 0.041178385416666664 0.025716145833333332
0 0.4938151041666667 0.18766276041666666 0.034505208333333336 0.025716145833333332
0 0.6764322916666666 0.3606770833333333 0.0234375 0.024739583333333332
0 0.640625 0.3619791666666667 0.02734375 0.027994791666666668
0 0.3068033854166667 0.1357421875 0.027018229166666668 0.029947916666666668
0 0.390625 0.4290364583333333 0.022786458333333332 0.039713541666666664
0 0.12150065104166667 0.1751708984375 0.02685546875 0.028238932291666668
0 0.29052734375 0.16011555989583334 0.023763020833333332 0.034261067708333336
0 0.13321940104166666 0.5221354166666666 0.03515625 0.020833333333333332
0 0.6946614583333334 0.06791178385416667 0.032552083333333336 0.031331380208333336
0 0.014765421549479166 0.2825520833333333 0.022145589192708332 0.02734375
0 0.837890625 0.3438313802083333 0.024739583333333332 0.02783203125
0 0.4423828125 0.3938802083333333 0.024088541666666668 0.020182291666666668
