0 0.8997395833333334 0.4150390625 0.040364583333333336 0.040364583333333336
0 0.6429036458333334 0.13639322916666666 0.044921875 0.031901041666666664
0 0.884765625 0.4576822916666667 0.03515625 0.038411458333333336
0 0.3958333333333333 0.12801106770833334 0.039713541666666664 0.03466796875
0 0.4537760416666667 0.21663411458333334 0.033203125 0.024088541666666668
0 0.9505208333333334 0.4065755208333333 0.041666666666666664 0.041666666666666664
0 0.740234375 0.040242513020833336 0.03515625 0.031331380208333336
0 0.0221710205078125 0.0584716796875 0.038909912109375 0.0400390625
0 0.9296875 0.4420572916666667 0.03515625 0.032552083333333336
0 0.703125 0.10001627604166667 0.037760416666666664 0.0244140625
0 0.3916015625 0.09130859375 0.03515625 0.03173828125
0 0.2840169270833333 0.08536783854166667 0.027669270833333332 0.041015625
0 0.9309895833333334 0.08013916015625 0.029947916666666668 0.020711263020833332
