0 0.2965494791666667 0.5732421875 0.043619791666666664 0.044921875
0 0.689453125 0.4658203125 0.046875 0.037109375
0 0.5862630208333334 0.353515625 0.041015625 0.038411458333333336
0 0.4332682291666667 0.3707682291666667 0.047526041666666664 0.038411458333333336
0 0.462890625 0.3182779947916667 0.041666666666666664 0.041829427083333336
0 0.3795572916666667 0.5911458333333334 0.039713541666666664 0.034505208333333336
0 0.716796875 0.4339192708333333 0.03125 0.030598958333333332
0 0.5768229166666666 0.4622395833333333 0.036458333333333336 0.036458333333333336
0 0.5852864583333334 0.5416666666666666 0.035807291666666664 0.033203125
0 0.7356770833333334 0.466796875 0.03125 0.036458333333333336
0 0.4801432291666667 0.576171875 0.048828125 0.028645833333333332
0 0.6534830729166666 0.5595703125 0.027669270833333332 0.029296875
0 0.3257649739583333 0.5354817708333334 0.03662109375 0.032552083333333336
0 0.25390625 0.6165364583333334 0.0322265625 0.021484375
0 0.0107421875 0.6861979166666666 0.0208740234375 0.05078125
0 0.4345703125 0.5231119791666666 0.030598958333333332 0.024739583333333332
0 0.8958333333333334 0.625 0.026041666666666668 0.033203125
0 0.8203125 0.625 0.040364583333333336 0.028645833333333332
0 0.9869791666666666 0.703125 0.015625 0.0234375
0 0.7428385416666666 0.22705078125 0.02734375 0.024088541666666668
0 0.7154947916666666 0.21272786458333334 0.01953125 0.020833333333333332
0 0.37283995478036175 0.24944484819121446 0.02321543927648569 0.026243540051679577
0 0.2507065568475452 0.7097161660206718 0.04138404392764864 0.03028100775193791
