0 0.6165364583333334 0.7467447916666666 0.040364583333333336 0.041666666666666664
0 0.7428385416666666 0.7662760416666666 0.032552083333333336 0.041666666666666664
0 0.7760416666666666 0.771484375 0.03125 0.0390625
0 0.7740885416666666 0.6266276041666666 0.049479166666666664 0.032552083333333336
0 0.7740885416666666 0.5826822916666666 0.045572916666666664 0.031901041666666664
0 0.65087890625 0.6979166666666666 0.036783854166666664 0.032552083333333336
0 0.3606770833333333 0.7884114583333334 0.028645833333333332 0.040364583333333336
0 0.3997395833333333 0.7740885416666666 0.037760416666666664 0.0390625
0 0.3671875 0.8170572916666666 0.035807291666666664 0.028645833333333332
0 0.6097005208333334 0.6959635416666666 0.037109375 0.046875
0 0.7786458333333334 0.2727864583333333 0.03125 0.022786458333333332
0 0.7682291666666666 0.6640625 0.0390625 0.02734375
0 0.4817708333333333 0.7096354166666666 0.041666666666666664 0.033854166666666664
0 0.3362630208333333 0.8294270833333334 0.030598958333333332 0.032552083333333336
0 0.4794921875 0.7467447916666666 0.037760416666666664 0.026041666666666668
0 0.5718946826550387 0.36689352188307495 0.027903948643410875 0.023500585432816523
0 0.63671875 0.6321614583333334 0.02734375 0.02734375
0 0.11735026041666667 0.6842447916666666 0.02734375 0.024739583333333332
0 0.6110026041666666 0.6599934895833334 0.037109375 0.0380859375
0 0.5852864583333334 0.4658203125 0.024739583333333332 0.024088541666666668
0 0.8235677083333334 0.343994140625 0.02734375 0.024251302083333332
0 0.08097330729166667 0.7513020833333334 0.024576822916666668 0.0234375
0 0.8274739583333334 0.29296875 0.028645833333333332 0.017578125
0 0.8385416666666666 0.21272786458333334 0.022135416666666668 0.019205729166666668
0 0.5056019864341085 0.6673227551679587 0.025234173126615023 0.020187338501291913
0 0.5934169089147286 0.3675407784237726 0.01917797157622732 0.018168604651162806
0 0.5989684270025839 0.39428900193798455 0.01614987080103362 0.019177971576227398
