0 0.2535807291666667 0.3522135416666667 0.046549479166666664 0.055338541666666664
0 0.6476236979166666 0.10384114583333333 0.047200520833333336 0.0634765625
0 0.0220947265625 0.22835286458333334 0.044189453125 0.0419921875
0 0.22395833333333334 0.4192708333333333 0.043619791666666664 0.041666666666666664
0 0.7194010416666666 0.3688151041666667 0.029947916666666668 0.033203125
0 0.712890625 0.22102864583333334 0.03515625 0.0390625
0 0.7018229166666666 0.10514322916666667 0.0625 0.0595703125
0 0.039632161458333336 0.12882486979166666 0.044677734375 0.035807291666666664
0 0.2923177083333333 0.3645833333333333 0.034830729166666664 0.047526041666666664
0 0.019775390625 0.079833984375 0.037068684895833336 0.045084635416666664
0 0.6005859375 0.3841145833333333 0.026692708333333332 0.029947916666666668
0 0.18098958333333334 0.4222005208333333 0.0302734375 0.029296875
0 0.67578125 0.5673828125 0.03125 0.026692708333333332
0 0.6038411458333334 0.01202392578125 0.040364583333333336 0.023640950520833332
0 0.8216145833333334 0.6031901041666666 0.02734375 0.0234375
0 0.388671875 0.4108072916666667 0.022786458333333332 0.024739583333333332
0 0.5830078125 0.13859049479166666 0.033203125 0.026041666666666668
0 0.8333333333333334 0.19710286458333334 0.024739583333333332 0.021158854166666668
0 0.20703125 0.4635416666666667 0.031575520833333336 0.024739583333333332
0 0.3864891190245479 0.3016593992248062 0.026692708333333332 0.028971354166666668
0 0.6399739583333334 0.3626302083333333 0.021484375 0.020182291666666668
0 0.43037386950904394 0.020318556201550386 0.04340277777777768 0.026243540051679587
0 0.37334463824289404 0.14951752260981913 0.02018733850129199 0.02018733850129199
0 0.37082122093023245 0.17172359496124032 0.013121770025839771 0.012112403100775179
0 0.32237160852713176 0.21916384043927647 0.01917797157622747 0.024224806201550392
0 0.5893491602067183 0.2176497900516796 0.024224806201550503 0.019177971576227398
0 0.6362847222222222 0.1596111918604651 0.02321543927648584 0.034318475452196386
