0 0.07430013020833333 0.4544270833333333 0.0380859375 0.03515625
0 0.16259765625 0.302734375 0.046549479166666664 0.047526041666666664
0 0.8899739583333334 0.072021484375 0.041666666666666664 0.038411458333333336
0 0.2923177083333333 0.4739583333333333 0.034505208333333336 0.036458333333333336
0 0.5081380208333334 0.08935546875 0.035807291666666664 0.038411458333333336
0 0.7018229166666666 0.339599609375 0.03125 0.02783203125
0 0.765625 0.07175699869791667 0.033854166666666664 0.027872721354166668
0 0.439453125 0.3339029947916667 0.029947916666666668 0.02880859375
0 0.6448567708333334 0.3258463541666667 0.033203125 0.028645833333333332
0 0.29736328125 0.4215494791666667 0.029622395833333332 0.02734375
0 0.06599934895833333 0.011861165364583334 0.036946614583333336 0.023722330729166668
0 0.7278645833333334 0.45703125 0.032552083333333336 0.025390625
0 0.966796875 0.4501953125 0.03125 0.026692708333333332
0 0.94921875 0.28466796875 0.028645833333333332 0.024088541666666668
0 0.15218098958333334 0.4130859375 0.025553385416666668 0.022135416666666668
0 0.5374348958333334 0.22005208333333334 0.028645833333333332 0.024739583333333332
0 0.5048828125 0.048665364583333336 0.026692708333333332 0.02490234375
0 0.09619140625 0.03729248046875 0.027018229166666668 0.029825846354166668
0 0.6028645833333334 0.2864583333333333 0.024088541666666668 0.0205078125
0 0.560077519379845 0.36198926033591733 0.03229974160206724 0.02927164082687339
