0 0.03277587890625 0.5182291666666666 0.0538330078125 0.050130208333333336
0 0.77734375 0.06374104817708333 0.041666666666666664 0.0411376953125
0 0.4697265625 0.2731119791666667 0.038411458333333336 0.04296875
0 0.6861979166666666 0.042978922526041664 0.04296875 0.04669189453125
0 0.3880208333333333 0.12613932291666666 0.029296875 0.042154947916666664
0 0.4619140625 0.9010416666666666 0.050130208333333336 0.044270833333333336
0 0.6707356770833334 0.4378255208333333 0.041341145833333336 0.054036458333333336
0 0.6842447916666666 0.203125 0.03125 0.035481770833333336
0 0.5026041666666666 0.042226155598958336 0.038411458333333336 0.025248209635416668
0 0.6451822916666666 0.8658854166666666 0.049479166666666664 0.029947916666666668
0 0.7727864583333334 0.861328125 0.048177083333333336 0.029947916666666668
0 0.4596354166666667 0.8463541666666666 0.053385416666666664 0.041666666666666664
0 0.6534830729166666 0.2508138020833333 0.032877604166666664 0.035807291666666664
0 0.3714192708333333 0.7376302083333334 0.03515625 0.03515625
0 0.5670572916666666 0.13655598958333334 0.032552083333333336 0.031087239583333332
0 0.4173177083333333 0.9010416666666666 0.038411458333333336 0.033854166666666664
0 0.024373372395833332 0.8541666666666666 0.048746744791666664 0.0390625
0 0.6725260416666666 0.3236490885416667 0.024739583333333332 0.02978515625
0 0.4609375 0.22998046875 0.03515625 0.028971354166666668
0 0.4837239583333333 0.15380859375 0.034505208333333336 0.03125
0 0.36328125 0.1680908203125 0.022135416666666668 0.035237630208333336
0 0.439453125 0.10113525390625 0.042317708333333336 0.0408935546875
0 0.7252604166666666 0.9153645833333334 0.029947916666666668 0.03125
0 0.6243489583333334 0.5397135416666666 0.029947916666666668 0.026692708333333332
0 0.0152587890625 0.478515625 0.030517578125 0.0390625
0 0.4723307291666667 0.720703125 0.037760416666666664 0.03515625
0 0.4612630208333333 0.10970052083333333 0.030598958333333332 0.037434895833333336
0 0.4563802083333333 0.8125 0.0390625 0.033854166666666664
0 0.685546875 0.9296875 0.026041666666666668 0.0234375
0 0.12166341145833333 0.6298828125 0.040852864583333336 0.027994791666666668
0 0.5081380208333334 0.13297526041666666 0.031901041666666664 0.029296875
0 0.6139322916666666 0.19694010416666666 0.02734375 0.038736979166666664
0 0.8209635416666666 0.7708333333333334 0.03515625 0.033854166666666664
0 0.587890625 0.16675593255410207 0.031901041666666664 0.023844401041666668
0 0.00799560546875 0.6712239583333334 0.0159912109375 0.036458333333333336
0 0.7447916666666666 0.00968170166015625 0.041666666666666664 0.016077677408854168
0 0.4986979166666667 0.08487955729166667 0.017578125 0.02685546875
0 0.7917272286821705 0.5053193636950905 0.019177971576227176 0.02119670542635658
