0 0.7545572916666666 0.08571370442708333 0.041666666666666664 0.0440673828125
0 0.5777994791666666 0.2972005208333333 0.02734375 0.031901041666666664
0 0.76953125 0.040471394856770836 0.036458333333333336 0.039906819661458336
0 0.9752604166666666 0.24332682291666666 0.03515625 0.036783854166666664
0 0.939453125 0.23225911458333334 0.0390625 0.029947916666666668
0 0.9641927083333334 0.142822265625 0.041666666666666664 0.041666666666666664
0 0.6110026041666666 0.3942057291666667 0.026041666666666668 0.03125
0 0.7194010416666666 0.08707682291666667 0.0390625 0.041178385416666664
0 0.912109375 0.2734375 0.02734375 0.028971354166666668
0 0.1396484375 0.2742513020833333 0.039388020833333336 0.028645833333333332
0 0.943359375 0.5745442708333334 0.026041666666666668 0.027994791666666668
