0 0.6881510416666666 0.049641927083333336 0.049479166666666664 0.053548177083333336
0 0.7682291666666666 0.4339192708333333 0.044270833333333336 0.048828125
0 0.30908203125 0.156982421875 0.051106770833333336 0.051595052083333336
0 0.673828125 0.20524088541666666 0.032552083333333336 0.034830729166666664
0 0.12101236979166667 0.4703776041666667 0.04638671875 0.031901041666666664
0 0.7272135416666666 0.435546875 0.045572916666666664 0.046875
0 0.2703450520833333 0.5849609375 0.046875 0.044921875
0 0.2906901041666667 0.6165364583333334 0.033203125 0.041015625
0 0.2703450520833333 0.4332682291666667 0.052083333333333336 0.041015625
0 0.6554361979166666 0.3753255208333333 0.032877604166666664 0.032552083333333336
0 0.68603515625 0.10123697916666667 0.047200520833333336 0.048177083333333336
0 0.9695574935400516 0.584007085755814 0.029635012919896713 0.031204578488372103
0 0.5575465318152455 0.22031199531653745 0.033324249031007724 0.0501907703488372
0 0.3225911458333333 0.3191731770833333 0.046223958333333336 0.0439453125
0 0.3336588541666667 0.3466796875 0.049479166666666664 0.0390625
0 0.6178385416666666 0.23046875 0.029947916666666668 0.029947916666666668
0 0.4313151041666667 0.2810872395833333 0.02734375 0.026692708333333332
0 0.24853515625 0.3097330729166667 0.022135416666666668 0.023763020833333332
0 0.5764973958333334 0.060506184895833336 0.026041666666666668 0.035481770833333336
0 0.5843098958333334 0.4322916666666667 0.020182291666666668 0.024739583333333332
