0 0.720703125 0.01824951171875 0.045572916666666664 0.0364990234375
0 0.6692708333333334 0.029001871744791668 0.052083333333333336 0.057393391927083336
0 0.2659505208333333 0.45703125 0.044270833333333336 0.041015625
0 0.5491536458333334 0.6692708333333334 0.046875 0.048177083333333336
0 0.5061848958333334 0.6822916666666666 0.0390625 0.040364583333333336
0 0.6795247395833334 0.478515625 0.039388020833333336 0.040364583333333336
0 0.3024088541666667 0.466796875 0.0380859375 0.042317708333333336
0 0.6106770833333334 0.12687174479166666 0.039713541666666664 0.03369140625
0 0.45703125 0.044626871744791664 0.0625 0.049906412760416664
0 0.5533854166666666 0.3068033854166667 0.037109375 0.028971354166666668
0 0.693359375 0.4391276041666667 0.03515625 0.044921875
0 0.6901041666666666 0.2516276041666667 0.02734375 0.042643229166666664
0 0.3583984375 0.3401692708333333 0.026041666666666668 0.027994791666666668
0 0.3880208333333333 0.11710611979166667 0.03125 0.041178385416666664
0 0.4853515625 0.072509765625 0.033203125 0.036783854166666664
0 0.6534830729166666 0.3102213541666667 0.036783854166666664 0.027994791666666668
0 0.8229166666666666 0.20589192708333334 0.0390625 0.026692708333333332
0 0.744140625 0.201171875 0.02734375 0.035807291666666664
0 0.24967447916666666 0.3128255208333333 0.036783854166666664 0.030924479166666668
0 0.26611328125 0.22379557291666666 0.031575520833333336 0.025716145833333332
0 0.9427083333333334 0.2625325520833333 0.03125 0.021809895833333332
0 0.28181272206072355 0.06557036801518087 0.0336775274547804 0.02860167353036175
0 0.6765950520833334 0.12109375 0.038736979166666664 0.040852864583333336
0 0.6302083333333334 0.324462890625 0.031901041666666664 0.031412760416666664
0 0.80078125 0.3343912760416667 0.040364583333333336 0.025227864583333332
0 0.955078125 0.5904947916666666 0.028645833333333332 0.029296875
0 0.9224402454780362 0.33271761950904394 0.03229974160206724 0.025234173126615023
