0 0.638671875 0.3583984375 0.048177083333333336 0.046875
0 0.29541015625 0.3821614583333333 0.038736979166666664 0.034505208333333336
0 0.9095052083333334 0.9225260416666666 0.05078125 0.045572916666666664
0 0.5455729166666666 0.6048177083333334 0.041666666666666664 0.046875
0 0.6759440104166666 0.18863932291666666 0.042643229166666664 0.0400390625
0 0.564453125 0.24625651041666666 0.0390625 0.050130208333333336
0 0.0216064453125 0.5208333333333334 0.043212890625 0.034505208333333336
0 0.31689453125 0.015675862630208332 0.034830729166666664 0.031351725260416664
0 0.4892578125 0.2628580729166667 0.043619791666666664 0.035481770833333336
0 0.2736002604166667 0.4176432291666667 0.038411458333333336 0.035807291666666664
0 0.5699869791666666 0.07586669921875 0.03515625 0.0357666015625
0 0.6041666666666666 0.033213297526041664 0.038411458333333336 0.04083251953125
0 0.8880208333333334 0.7408854166666666 0.03515625 0.03125
0 0.642578125 0.876953125 0.04296875 0.05078125
0 0.5390625 0.3697916666666667 0.041666666666666664 0.029947916666666668
0 0.3753255208333333 0.0216064453125 0.046223958333333336 0.043212890625
0 0.6315104166666666 0.0303192138671875 0.022135416666666668 0.037017822265625
0 0.7154947916666666 0.3714192708333333 0.03125 0.02734375
0 0.24007161458333334 0.22509765625 0.027994791666666668 0.0302734375
0 0.5286458333333334 0.91015625 0.035807291666666664 0.04296875
0 0.455078125 0.9830729166666666 0.044270833333333336 0.03125
0 0.9609375 0.931640625 0.044270833333333336 0.03125
0 0.6331380208333334 0.5374348958333334 0.02734375 0.02734375
0 0.4186197916666667 0.011576334635416666 0.049479166666666664 0.022257486979166668
0 0.010101318359375 0.3479817708333333 0.02020263671875 0.024739583333333332
0 0.3583984375 0.3684895833333333 0.024088541666666668 0.025390625
0 0.5100911458333334 0.4537760416666667 0.027994791666666668 0.024088541666666668
0 0.5130208333333334 0.24723307291666666 0.02734375 0.027018229166666668
0 0.4967447916666667 0.010495503743489584 0.034505208333333336 0.017420450846354168
0 0.8381581072351421 0.4876554425064599 0.023215439276485544 0.01614987080103362
0 0.4879077842377261 0.681453892118863 0.01917797157622732 0.01614987080103362
