0 0.9114583333333334 0.7272135416666666 0.053385416666666664 0.049479166666666664
0 0.2722981770833333 0.6438802083333334 0.048502604166666664 0.046875
0 0.6788736979166666 0.3795572916666667 0.051106770833333336 0.0390625
0 0.2666015625 0.5983072916666666 0.0576171875 0.044921875
0 0.2989908854166667 0.8196614583333334 0.0546875 0.052083333333333336
0 0.4423828125 0.3990885416666667 0.0390625 0.037760416666666664
0 0.021357218424479168 0.521484375 0.035898844401041664 0.039713541666666664
0 0.751953125 0.703125 0.040364583333333336 0.037760416666666664
0 0.2900390625 0.5338541666666666 0.043619791666666664 0.031901041666666664
0 0.7473958333333334 0.3821614583333333 0.026041666666666668 0.030598958333333332
0 0.20540364583333334 0.599609375 0.025065104166666668 0.043619791666666664
0 0.251953125 0.6809895833333334 0.036783854166666664 0.036458333333333336
0 0.39453125 0.5367838541666666 0.048828125 0.03125
0 0.015696207682291668 0.5758463541666666 0.031392415364583336 0.048828125
0 0.4371744791666667 0.5289713541666666 0.038411458333333336 0.05859375
0 0.4264322916666667 0.4931640625 0.048828125 0.0390625
0 0.716796875 0.3772786458333333 0.033854166666666664 0.031901041666666664
0 0.4345703125 0.4348958333333333 0.037760416666666664 0.035807291666666664
0 0.5895182291666666 0.4632161458333333 0.052734375 0.046875
0 0.603515625 0.159912109375 0.03125 0.039225260416666664
0 0.28076171875 0.5 0.0361328125 0.036458333333333336
0 0.9850260416666666 0.6712239583333334 0.026041666666666668 0.02734375
0 0.21647135416666666 0.7063802083333334 0.0341796875 0.028645833333333332
0 0.332275390625 0.4778645833333333 0.032063802083333336 0.033854166666666664
0 0.6201171875 0.6051432291666666 0.028645833333333332 0.025390625
0 0.5397135416666666 0.4065755208333333 0.026692708333333332 0.037760416666666664
0 0.5498046875 0.3919270833333333 0.033854166666666664 0.026041666666666668
0 0.593891311369509 0.07129158591731266 0.02927164082687324 0.03330910852713179
0 0.39807412790697666 0.1777797965116279 0.027252906976744207 0.026243540051679577
