0 0.8235677083333334 0.7669270833333334 0.040364583333333336 0.041666666666666664
0 0.7057291666666666 0.6181640625 0.045572916666666664 0.042317708333333336
0 0.26318359375 0.5439453125 0.041341145833333336 0.038411458333333336
0 0.3759765625 0.3714192708333333 0.048177083333333336 0.038411458333333336
0 0.740234375 0.8645833333333334 0.05078125 0.0546875
0 0.3802083333333333 0.106689453125 0.049479166666666664 0.03173828125
0 0.6419270833333334 0.012349446614583334 0.055989583333333336 0.024698893229166668
0 0.6363932291666666 0.4274088541666667 0.027994791666666668 0.032552083333333336
0 0.6103515625 0.5732421875 0.026692708333333332 0.022786458333333332
0 0.7369791666666666 0.6295572916666666 0.028645833333333332 0.036458333333333336
0 0.6544596354166666 0.4977213541666667 0.030924479166666668 0.022135416666666668
0 0.2962239583333333 0.4586588541666667 0.03125 0.031901041666666664
0 0.4085286458333333 0.541015625 0.024739583333333332 0.029947916666666668
0 0.5651041666666666 0.23909505208333334 0.026041666666666668 0.023111979166666668
0 0.023539225260416668 0.6881510416666666 0.022257486979166668 0.0234375
