0 0.7005208333333334 0.330078125 0.044270833333333336 0.046223958333333336
0 0.650390625 0.3453776041666667 0.05859375 0.059244791666666664
0 0.7044270833333334 0.050649007161458336 0.036458333333333336 0.030863444010416668
0 0.4267578125 0.13484700520833334 0.047526041666666664 0.034342447916666664
0 0.65771484375 0.5305989583333334 0.0517578125 0.039713541666666664
0 0.673828125 0.7565104166666666 0.044270833333333336 0.037760416666666664
0 0.68701171875 0.4736328125 0.0478515625 0.054036458333333336
0 0.400390625 0.4645182291666667 0.039713541666666664 0.035807291666666664
0 0.6419270833333334 0.3935546875 0.042317708333333336 0.042317708333333336
0 0.17464192708333334 0.9088541666666666 0.037434895833333336 0.041666666666666664
0 0.2928059895833333 0.90234375 0.037109375 0.044270833333333336
0 0.3369140625 0.22005208333333334 0.039713541666666664 0.044270833333333336
0 0.599609375 0.22119140625 0.0390625 0.0478515625
0 0.6637369791666666 0.024424235026041668 0.047526041666666664 0.046854654947916664
0 0.17268880208333334 0.96875 0.033528645833333336 0.032552083333333336
0 0.369140625 0.21728515625 0.034505208333333336 0.028645833333333332
0 0.6940104166666666 0.2517903645833333 0.037760416666666664 0.0478515625
0 0.6448567708333334 0.21402994791666666 0.0390625 0.0439453125
0 0.7213541666666666 0.24267578125 0.05078125 0.062174479166666664
0 0.3776041666666667 0.4365234375 0.0390625 0.043619791666666664
0 0.7884114583333334 0.4156901041666667 0.04296875 0.0390625
0 0.64697265625 0.4775390625 0.043294270833333336 0.035807291666666664
0 0.2421875 0.3951822916666667 0.035481770833333336 0.027994791666666668
0 0.49609375 0.06493123372395833 0.041666666666666664 0.050801595052083336
0 0.6796875 0.21842447916666666 0.032552083333333336 0.038411458333333336
0 0.2526041666666667 0.8365885416666666 0.050130208333333336 0.036458333333333336
0 0.84765625 0.5013020833333334 0.041666666666666664 0.02734375
0 0.3427734375 0.3295084635416667 0.034505208333333336 0.030436197916666668
0 0.6246744791666666 0.16715494791666666 0.033854166666666664 0.031575520833333336
0 0.3395182291666667 0.4443359375 0.034505208333333336 0.027994791666666668
0 0.638671875 0.7291666666666666 0.031901041666666664 0.02734375
0 0.2722981770833333 0.6282552083333334 0.023111979166666668 0.027994791666666668
0 0.7890625 0.8203125 0.02734375 0.036458333333333336
0 0.232421875 0.7923177083333334 0.039388020833333336 0.033854166666666664
0 0.6746419270833334 0.3349609375 0.0947265625 0.0546875
0 0.4091796875 0.21744791666666666 0.01953125 0.027669270833333332
