0 0.5934244791666666 0.642578125 0.034505208333333336 0.040364583333333336
0 0.7467447916666666 0.22819010416666666 0.040364583333333336 0.043619791666666664
0 0.5048828125 0.4039713541666667 0.034505208333333336 0.033203125
0 0.6119791666666666 0.35546875 0.035807291666666664 0.037109375
0 0.7565104166666666 0.646484375 0.037760416666666664 0.034505208333333336
0 0.3860677083333333 0.4085286458333333 0.033854166666666664 0.024739583333333332
0 0.6500651041666666 0.357421875 0.030598958333333332 0.029947916666666668
0 0.5126953125 0.6331380208333334 0.031901041666666664 0.033854166666666664
0 0.7102864583333334 0.24918619791666666 0.0390625 0.03515625
0 0.8274739583333334 0.3548177083333333 0.03125 0.037109375
0 0.869140625 0.3981119791666667 0.029947916666666668 0.0234375
0 0.681640625 0.3919270833333333 0.02734375 0.033854166666666664
0 0.59375 0.4225260416666667 0.031901041666666664 0.024739583333333332
0 0.5914713541666666 0.5126953125 0.032552083333333336 0.026041666666666668
0 0.630859375 0.3841145833333333 0.028645833333333332 0.026041666666666668
0 0.9661458333333334 0.5638020833333334 0.03125 0.028645833333333332
0 0.9055989583333334 0.4264322916666667 0.032552083333333336 0.027994791666666668
0 0.6927083333333334 0.21565755208333334 0.032552083333333336 0.027669270833333332
0 0.9309895833333334 0.4306640625 0.02734375 0.0234375
0 0.76953125 0.3241373697916667 0.028645833333333332 0.031412760416666664
0 0.5615234375 0.22314453125 0.022135416666666668 0.022786458333333332
0 0.7610677083333334 0.18717447916666666 0.024739583333333332 0.028645833333333332
0 0.900390625 0.5830078125 0.03125 0.022786458333333332
0 0.6487630208333334 0.2532552083333333 0.026692708333333332 0.0234375
0 0.4189453125 0.2874348958333333 0.02734375 0.0263671875
0 0.7591145833333334 0.2503255208333333 0.026041666666666668 0.032552083333333336
0 0.3704427083333333 0.19694010416666666 0.022135416666666668 0.023763020833333332
0 0.3815104166666667 0.2970377604166667 0.024088541666666668 0.019205729166666668
0 0.9641927083333334 0.53515625 0.03125 0.0234375
0 0.9420572916666666 0.4593098958333333 0.028645833333333332 0.021484375
0 0.6660610465116278 0.01628108850129199 0.03431847545219643 0.026243540051679587
0 0.6589954780361756 0.049590197028423766 0.012112403100775104 0.018168604651162795
