0 0.6671549479166666 0.032358805338541664 0.0419921875 0.044657389322916664
0 0.9466145833333334 0.4095052083333333 0.033854166666666664 0.027994791666666668
0 0.7577519379844961 0.5191275032299741 0.046753875968992276 0.04606750645994828
0 0.658203125 0.2734375 0.03515625 0.032552083333333336
0 0.9654947916666666 0.10319010416666667 0.033854166666666664 0.038411458333333336
0 0.720703125 0.6442057291666666 0.045572916666666664 0.0390625
0 0.6876627604166666 0.576171875 0.045247395833333336 0.028645833333333332
0 0.139892578125 0.09405517578125 0.026041666666666668 0.021525065104166668
0 0.039388020833333336 0.19173177083333334 0.0302734375 0.027994791666666668
0 0.7897135416666666 0.08390299479166667 0.022135416666666668 0.032552083333333336
0 0.736328125 0.14396158854166666 0.028645833333333332 0.02392578125
0 0.693359375 0.69921875 0.036458333333333336 0.02734375
0 0.4108072916666667 0.130615234375 0.030598958333333332 0.019368489583333332
0 0.363250968992248 0.10561006136950905 0.024224806201550358 0.0211967054263566
