0 0.6295572916666666 0.22623697916666666 0.027994791666666668 0.040690104166666664
0 0.314208984375 0.5009765625 0.040201822916666664 0.036458333333333336
0 0.1724853515625 0.4365234375 0.040120442708333336 0.032552083333333336
0 0.4134114583333333 0.024531046549479168 0.052734375 0.032318115234375
0 0.6318359375 0.4332682291666667 0.022786458333333332 0.024088541666666668
0 0.6901041666666666 0.3339029947916667 0.036458333333333336 0.03271484375
0 0.712890625 0.2451171875 0.026041666666666668 0.030924479166666668
0 0.9661458333333334 0.3821614583333333 0.029947916666666668 0.029947916666666668
0 0.014200846354166666 0.2708333333333333 0.027750651041666668 0.031575520833333336
0 0.3138020833333333 0.23014322916666666 0.029947916666666668 0.029296875
0 0.8782552083333334 0.3014322916666667 0.028645833333333332 0.026692708333333332
0 0.5888671875 0.4417317708333333 0.035807291666666664 0.047526041666666664
0 0.9694010416666666 0.2906901041666667 0.028645833333333332 0.027018229166666668
0 0.01788330078125 0.6246744791666666 0.0357666015625 0.024088541666666668
0 0.2936197916666667 0.3997395833333333 0.029947916666666668 0.03515625
0 0.3216158450419897 0.2693684895833333 0.0322265625 0.036458333333333336
0 0.7161458333333334 0.5657552083333334 0.03125 0.020833333333333332
0 0.18489583333333334 0.20833333333333334 0.0234375 0.030598958333333332
0 0.5882161458333334 0.22770182291666666 0.024088541666666668 0.028971354166666668
0 0.3857421875 0.12565104166666666 0.029947916666666668 0.025553385416666668
0 0.755859375 0.2552083333333333 0.026041666666666668 0.0224609375
0 0.3185221354166667 0.3955078125 0.0234375 0.024739583333333332
0 0.2976421188630491 0.26357598514211883 0.024224806201550503 0.022206072351421174
0 0.5227309431524548 0.13942385335917312 0.018168604651162806 0.02018733850129199
