0 0.6907552083333334 0.29248046875 0.037760416666666664 0.039713541666666664
0 0.650390625 0.28271484375 0.05078125 0.062174479166666664
0 0.6744791666666666 0.18424479166666666 0.037760416666666664 0.041341145833333336
0 0.3984375 0.4671223958333333 0.0390625 0.036458333333333336
0 0.3125 0.3153483072916667 0.044270833333333336 0.045084635416666664
0 0.4453125 0.6272786458333334 0.04296875 0.040364583333333336
0 0.486328125 0.10595703125 0.042317708333333336 0.044108072916666664
0 0.6402994791666666 0.3485514322916667 0.048828125 0.041178385416666664
0 0.6507161458333334 0.039881388346354164 0.033203125 0.040273030598958336
0 0.4768880208333333 0.025838216145833332 0.054036458333333336 0.051676432291666664
0 0.6461588541666666 0.12093098958333333 0.052734375 0.0322265625
0 0.2716471354166667 0.3213704427083333 0.031901041666666664 0.034993489583333336
0 0.6510416666666666 0.23063151041666666 0.036458333333333336 0.038736979166666664
0 0.6414388020833334 0.16389973958333334 0.054361979166666664 0.055989583333333336
0 0.3246256510416667 0.095947265625 0.032389322916666664 0.027994791666666668
0 0.4371744791666667 0.3544108072916667 0.033854166666666664 0.043782552083333336
0 0.4973958333333333 0.4306640625 0.037109375 0.024088541666666668
0 0.2791341145833333 0.5013020833333334 0.057291666666666664 0.049479166666666664
0 0.22916666666666666 0.6857096354166666 0.047200520833333336 0.042643229166666664
0 0.24788411458333334 0.5807291666666666 0.0576171875 0.059895833333333336
0 0.4401041666666667 0.23291015625 0.0390625 0.0244140625
0 0.4752604166666667 0.23486328125 0.026041666666666668 0.022135416666666668
0 0.6848958333333334 0.054850260416666664 0.028645833333333332 0.033447265625
0 0.8229166666666666 0.3544921875 0.04296875 0.024088541666666668
0 0.796875 0.4964192708333333 0.028645833333333332 0.024088541666666668
0 0.384765625 0.08935546875 0.038411458333333336 0.035481770833333336
0 0.5625 0.5764973958333334 0.029947916666666668 0.024088541666666668
0 0.29541015625 0.5035807291666666 0.045247395833333336 0.041666666666666664
0 0.6376953125 0.4339192708333333 0.029947916666666668 0.03515625
0 0.7029029392764857 0.3801578649870801 0.031290374677002575 0.02523417312661495
