0 0.8131510416666666 0.599609375 0.049479166666666664 0.049479166666666664
0 0.6448567708333334 0.031148274739583332 0.046223958333333336 0.039103190104166664
0 0.7454427083333334 0.7024739583333334 0.046875 0.053385416666666664
0 0.6292317708333334 0.3324381510416667 0.040364583333333336 0.034993489583333336
0 0.8645833333333334 0.12345377604166667 0.040364583333333336 0.033040364583333336
0 0.8111979166666666 0.16048177083333334 0.048177083333333336 0.0361328125
0 0.8776041666666666 0.6171875 0.0390625 0.033854166666666664
0 0.6432291666666666 0.3727213541666667 0.042317708333333336 0.04296875
0 0.10994466145833333 0.5185546875 0.049641927083333336 0.041015625
0 0.765625 0.5524088541666666 0.040364583333333336 0.040364583333333336
0 0.5638020833333334 0.3548177083333333 0.042317708333333336 0.039713541666666664
0 0.6455078125 0.5563151041666666 0.041666666666666664 0.044921875
0 0.51171875 0.5260416666666666 0.035807291666666664 0.0234375
0 0.73046875 0.5514322916666666 0.036458333333333336 0.043619791666666664
0 0.337890625 0.3444010416666667 0.033854166666666664 0.029947916666666668
0 0.6888020833333334 0.3077799479166667 0.028645833333333332 0.033528645833333336
0 0.57421875 0.5856119791666666 0.033203125 0.026041666666666668
0 0.5087890625 0.6119791666666666 0.033854166666666664 0.026692708333333332
0 0.541015625 0.6119791666666666 0.029296875 0.028645833333333332
0 0.71875 0.03131103515625 0.02734375 0.034871419270833336
0 0.6233723958333334 0.5755208333333334 0.029296875 0.022786458333333332
0 0.90234375 0.12125651041666667 0.020833333333333332 0.0234375
0 0.642578125 0.408203125 0.027994791666666668 0.025390625
0 0.598938145994832 0.10308664405684753 0.02927164082687339 0.024224806201550375
