0 0.6848958333333334 0.034322102864583336 0.059895833333333336 0.050984700520833336
0 0.681640625 0.12223307291666667 0.049479166666666664 0.06608072916666667
0 0.4163411458333333 0.4736328125 0.05078125 0.030598958333333332
0 0.17041015625 0.869140625 0.036783854166666664 0.048177083333333336
0 0.2522786458333333 0.943359375 0.047200520833333336 0.033854166666666664
0 0.6653645833333334 0.4420572916666667 0.044270833333333336 0.039713541666666664
0 0.18017578125 0.8177083333333334 0.0380859375 0.041666666666666664
0 0.01666259765625 0.93359375 0.0333251953125 0.028645833333333332
0 0.2937825520833333 0.923828125 0.051106770833333336 0.040364583333333336
0 0.498046875 0.7044270833333334 0.03515625 0.045572916666666664
0 0.4069010416666667 0.7526041666666666 0.037760416666666664 0.041666666666666664
0 0.124267578125 0.8671875 0.0302734375 0.041666666666666664
0 0.2762044270833333 0.7141927083333334 0.0400390625 0.037760416666666664
0 0.13216145833333334 0.9420572916666666 0.03662109375 0.0390625
0 0.2926432291666667 0.6663411458333334 0.041666666666666664 0.038411458333333336
0 0.6497395833333334 0.13932291666666666 0.029947916666666668 0.033528645833333336
0 0.5169270833333334 0.4322916666666667 0.029296875 0.028645833333333332
0 0.4313151041666667 0.4475911458333333 0.025390625 0.024739583333333332
0 0.4368489583333333 0.4527994791666667 0.026692708333333332 0.039713541666666664
0 0.6946614583333334 0.3802083333333333 0.032552083333333336 0.029296875
0 0.3714192708333333 0.4267578125 0.0234375 0.020182291666666668
0 0.5400390625 0.4733072916666667 0.028645833333333332 0.021484375
0 0.2740885416666667 0.6331380208333334 0.0341796875 0.024088541666666668
0 0.8841145833333334 0.2609049479166667 0.03125 0.022135416666666668
0 0.5540364583333334 0.6541341145833334 0.018229166666666668 0.028971354166666668
0 0.37890625 0.5729166666666666 0.0234375 0.030598958333333332
0 0.919921875 0.6868489583333334 0.02734375 0.024739583333333332
0 0.6536458333333334 0.3938802083333333 0.0234375 0.022135416666666668
0 0.6966145833333334 0.4521484375 0.02734375 0.018880208333333332
0 0.4029947916666667 0.7141927083333334 0.0234375 0.0234375
0 0.575218023255814 0.17475169573643412 0.028262273901808726 0.02220607235142121
