0 0.7369791666666666 0.578125 0.037760416666666664 0.032552083333333336
0 0.5159505208333334 0.7766927083333334 0.038411458333333336 0.04296875
0 0.6875 0.7317708333333334 0.0390625 0.04296875
0 0.3408203125 0.8938802083333334 0.032552083333333336 0.032552083333333336
0 0.017903645833333332 0.9231770833333334 0.034220377604166664 0.053385416666666664
0 0.68359375 0.5579427083333334 0.026041666666666668 0.041015625
0 0.5921223958333334 0.7506510416666666 0.026041666666666668 0.033854166666666664
0 0.3772786458333333 0.8450520833333334 0.033203125 0.037760416666666664
0 0.595703125 0.591796875 0.033203125 0.035807291666666664
0 0.421875 0.81640625 0.028645833333333332 0.041666666666666664
0 0.6536458333333334 0.7272135416666666 0.02734375 0.036458333333333336
0 0.4319661458333333 0.9153645833333334 0.042317708333333336 0.040364583333333336
0 0.6844075520833334 0.5169270833333334 0.0517578125 0.042317708333333336
0 0.4078776041666667 0.7734375 0.03125 0.033854166666666664
0 0.5380859375 0.177734375 0.041666666666666664 0.025065104166666668
0 0.6803385416666666 0.3961588541666667 0.026041666666666668 0.029296875
0 0.4436848958333333 0.7903645833333334 0.026692708333333332 0.032552083333333336
0 0.7845052083333334 0.4332682291666667 0.03125 0.029296875
0 0.4329427083333333 0.7740885416666666 0.03515625 0.040364583333333336
0 0.5657552083333334 0.4127604166666667 0.033203125 0.024739583333333332
0 0.55078125 0.15201822916666666 0.0390625 0.019205729166666668
0 0.6751302083333334 0.3538411458333333 0.028645833333333332 0.030598958333333332
0 0.5791015625 0.17842610677083334 0.0234375 0.032470703125
0 0.3792317708333333 0.8111979166666666 0.029296875 0.028645833333333332
