0 0.9095052083333334 0.11848958333333333 0.0546875 0.06282552083333333
0 0.806640625 0.6985677083333334 0.036458333333333336 0.028645833333333332
0 0.9700520833333334 0.310546875 0.036458333333333336 0.034830729166666664
0 0.48828125 0.018656412760416668 0.034505208333333336 0.037312825520833336
0 0.2819010416666667 0.130859375 0.043294270833333336 0.04248046875
0 0.3087565104166667 0.0142822265625 0.035807291666666664 0.028564453125
0 0.24609375 0.11092122395833333 0.030598958333333332 0.040364583333333336
0 0.8151041666666666 0.16752115885416666 0.040364583333333336 0.029541015625
0 0.986328125 0.086669921875 0.024739583333333332 0.04541015625
0 0.15193684895833334 0.20703125 0.02587890625 0.030598958333333332
0 0.970703125 0.2584635416666667 0.037760416666666664 0.027994791666666668
0 0.9368489583333334 0.2513020833333333 0.040364583333333336 0.028971354166666668
0 0.6145833333333334 0.044596354166666664 0.03125 0.027262369791666668
0 0.4739583333333333 0.23030598958333334 0.041666666666666664 0.028971354166666668
0 0.390625 0.043172200520833336 0.022786458333333332 0.03271484375
0 0.537109375 0.08658854166666667 0.025390625 0.030924479166666668
0 0.5270182291666666 0.11702473958333333 0.03515625 0.033203125
0 0.21435546875 0.0657958984375 0.035807291666666664 0.02685546875
0 0.4583333333333333 0.07682291666666667 0.026692708333333332 0.0341796875
0 0.4368489583333333 0.18277994791666666 0.021484375 0.0205078125
0 0.5436197916666666 0.12532552083333334 0.029947916666666668 0.03955078125
0 0.9889322916666666 0.050944010416666664 0.01953125 0.025797526041666668
0 0.8450520833333334 0.050160725911458336 0.01953125 0.024027506510416668
0 0.3932291666666667 0.0179901123046875 0.026041666666666668 0.034576416015625
0 0.8782552083333334 0.13566080729166666 0.0234375 0.025716145833333332
0 0.5777414405684754 0.041515261627906974 0.031290374677002575 0.022206072351421188
