0 0.6337890625 0.734375 0.044921875 0.046875
0 0.6486002604166666 0.9576822916666666 0.0439453125 0.055989583333333336
0 0.6809895833333334 0.9381510416666666 0.040364583333333336 0.048177083333333336
0 0.7701822916666666 0.9029947916666666 0.041666666666666664 0.04296875
0 0.5319010416666666 0.9765625 0.027994791666666668 0.02734375
0 0.7819010416666666 0.8756510416666666 0.032552083333333336 0.03515625
0 0.6658528645833334 0.478515625 0.0302734375 0.030598958333333332
0 0.4951171875 0.9886067708333334 0.024088541666666668 0.022786458333333332
0 0.5393880208333334 0.5885416666666666 0.029296875 0.029296875
0 0.6958373708010335 0.25903383397932817 0.025234173126615023 0.025234173126614984
