0 0.6416015625 0.5169270833333334 0.043619791666666664 0.041015625
0 0.8450520833333334 0.020802815755208332 0.033854166666666664 0.032328287760416664
0 0.7734375 0.7018229166666666 0.055989583333333336 0.044270833333333336
0 0.802734375 0.015879313151041668 0.03515625 0.031758626302083336
0 0.7643229166666666 0.6233723958333334 0.03515625 0.029947916666666668
0 0.7239583333333334 0.6920572916666666 0.02734375 0.032552083333333336
0 0.7552083333333334 0.7447916666666666 0.0234375 0.0234375
0 0.5610868863049095 0.7359597060723514 0.04037467700258398 0.03431847545219643
0 0.5812742248062015 0.7596798288113694 0.03431847545219643 0.043402777777777825
0 0.6095364987080103 0.7581657784237725 0.03229974160206724 0.03633720930232561
0 0.418766149870801 0.8792898094315245 0.03835594315245464 0.04037467700258398
0 0.7750726744186046 0.9009911983204134 0.040374677002584125 0.031290374677002575
0 0.4445050064599483 0.4805898740310077 0.025234173126615023 0.026243540051679542
0 0.42179425064599485 0.5033006298449613 0.026243540051679542 0.025234173126615023
