0 0.7825520833333334 0.9700520833333334 0.04296875 0.0390625
0 0.6822916666666666 0.3929036458333333 0.0390625 0.04296875
0 0.904296875 0.2916666666666667 0.036458333333333336 0.0400390625
0 0.7220052083333334 0.888671875 0.041666666666666664 0.033854166666666664
0 0.87890625 0.462890625 0.057291666666666664 0.0546875
0 0.9361979166666666 0.2779947916666667 0.02734375 0.0302734375
0 0.9303385416666666 0.3834635416666667 0.036458333333333336 0.027994791666666668
0 0.8111979166666666 0.10441080729166667 0.041666666666666664 0.040852864583333336
0 0.8033854166666666 0.3844401041666667 0.03515625 0.027994791666666668
0 0.8391927083333334 0.3919270833333333 0.044270833333333336 0.059895833333333336
