0 0.958984375 0.2683919270833333 0.04296875 0.040364583333333336
0 0.1400146484375 0.03497314453125 0.054606119791666664 0.040323893229166664
0 0.9368489583333334 0.0667724609375 0.046875 0.041422526041666664
0 0.3152669270833333 0.11417643229166667 0.0458984375 0.03369140625
0 0.4619140625 0.11376953125 0.042317708333333336 0.044921875
0 0.9309895833333334 0.3004557291666667 0.05078125 0.026041666666666668
0 0.982421875 0.4954427083333333 0.032552083333333336 0.028645833333333332
0 0.9869791666666666 0.07220458984375 0.026041666666666668 0.0391845703125
0 0.16019694010416666 0.21500651041666666 0.026285807291666668 0.026041666666666668
0 0.4850260416666667 0.1357421875 0.026692708333333332 0.029947916666666668
0 0.7643229166666666 0.21354166666666666 0.022135416666666668 0.0234375
0 0.23455668604651167 0.33574572028423777 0.02927164082687339 0.03936531007751939
0 0.8164567183462532 0.021832606589147287 0.02422480620155021 0.017159237726098193
