0 0.4677734375 0.3307291666666667 0.046223958333333336 0.049479166666666664
0 0.6422526041666666 0.3251953125 0.042317708333333336 0.0390625
0 0.9329427083333334 0.7825520833333334 0.036458333333333336 0.048177083333333336
0 0.2957356770833333 0.5126953125 0.0546875 0.04296875
0 0.4694010416666667 0.17936197916666666 0.054036458333333336 0.060546875
0 0.412109375 0.1754150390625 0.037109375 0.035237630208333336
0 0.24430338541666666 0.4345703125 0.0400390625 0.035807291666666664
0 0.23486328125 0.4895833333333333 0.041666666666666664 0.032552083333333336
0 0.2706705729166667 0.4658203125 0.045247395833333336 0.064453125
0 0.4674479166666667 0.3935546875 0.037109375 0.04296875
0 0.6435546875 0.5550130208333334 0.033854166666666664 0.026041666666666668
0 0.3363444010416667 0.3512369791666667 0.034993489583333336 0.035807291666666664
0 0.9869791666666666 0.732421875 0.0234375 0.05078125
0 0.4329427083333333 0.29833984375 0.044921875 0.042317708333333336
0 0.6396484375 0.16438802083333334 0.047526041666666664 0.040690104166666664
0 0.642578125 0.1962890625 0.041015625 0.031901041666666664
0 0.23356119791666666 0.54296875 0.035807291666666664 0.033203125
0 0.5862630208333334 0.21077473958333334 0.03125 0.037760416666666664
0 0.4697265625 0.2950846354166667 0.030598958333333332 0.034505208333333336
0 0.8795572916666666 0.7109375 0.022135416666666668 0.040364583333333336
0 0.4225260416666667 0.21744791666666666 0.039713541666666664 0.040364583333333336
0 0.8274739583333334 0.4671223958333333 0.026041666666666668 0.025390625
0 0.802734375 0.4827473958333333 0.024739583333333332 0.034505208333333336
0 0.4541015625 0.14306640625 0.027994791666666668 0.030436197916666668
0 0.5797526041666666 0.2763671875 0.029947916666666668 0.029622395833333332
0 0.9479166666666666 0.5205078125 0.0234375 0.022786458333333332
0 0.4495442708333333 0.2605794270833333 0.035807291666666664 0.032877604166666664
0 0.9029947916666666 0.4651692708333333 0.024739583333333332 0.022786458333333332
0 0.9928385416666666 0.6448567708333334 0.013020833333333334 0.025390625
0 0.1785888671875 0.64453125 0.026936848958333332 0.041015625
