0 0.23567708333333334 0.3590494791666667 0.042643229166666664 0.039713541666666664
0 0.6531575520833334 0.033701578776041664 0.0478515625 0.052225748697916664
0 0.373046875 0.02886962890625 0.047526041666666664 0.0499267578125
0 0.8053385416666666 0.2177734375 0.037760416666666664 0.036458333333333336
0 0.4329427083333333 0.059163411458333336 0.033854166666666664 0.034098307291666664
0 0.427734375 0.08685302734375 0.036458333333333336 0.035115559895833336
0 0.6171875 0.07039388020833333 0.041015625 0.054361979166666664
0 0.24820963541666666 0.3938802083333333 0.048502604166666664 0.045572916666666664
0 0.6217447916666666 0.026326497395833332 0.030598958333333332 0.047688802083333336
0 0.97265625 0.24869791666666666 0.02734375 0.034830729166666664
0 0.8911498708010336 0.08239462209302326 0.024224806201550503 0.02725290697674419
0 0.5318152454780362 0.26912750322997414 0.018168604651162806 0.019177971576227398
