0 0.7649739583333334 0.048421223958333336 0.037760416666666664 0.031982421875
0 0.6399739583333334 0.802734375 0.038411458333333336 0.0390625
0 0.2659505208333333 0.8880208333333334 0.042317708333333336 0.044270833333333336
0 0.5947265625 0.09482828776041667 0.048828125 0.031046549479166668
0 0.22412109375 0.8854166666666666 0.048502604166666664 0.06640625
0 0.68212890625 0.244140625 0.0341796875 0.046875
0 0.6927083333333334 0.07560221354166667 0.046875 0.03466796875
0 0.6389973958333334 0.2605794270833333 0.052734375 0.060221354166666664
0 0.4212239583333333 0.677734375 0.039713541666666664 0.029947916666666668
0 0.791015625 0.8138020833333334 0.037760416666666664 0.03125
0 0.024007161458333332 0.2706705729166667 0.038167317708333336 0.037760416666666664
0 0.8717447916666666 0.94921875 0.037760416666666664 0.033854166666666664
0 0.019582112630208332 0.5927734375 0.039164225260416664 0.035807291666666664
0 0.3860677083333333 0.7942708333333334 0.044921875 0.020833333333333332
0 0.5859375 0.13216145833333334 0.054036458333333336 0.048665364583333336
0 0.015218098958333334 0.8326822916666666 0.030436197916666668 0.032552083333333336
0 0.012542724609375 0.375 0.02508544921875 0.038411458333333336
0 0.0245819091796875 0.1712646484375 0.035308837890625 0.059163411458333336
0 0.6507161458333334 0.008921305338541666 0.052734375 0.017842610677083332
0 0.5348307291666666 0.2819010416666667 0.02734375 0.032552083333333336
0 0.6940104166666666 0.01251220703125 0.045572916666666664 0.0250244140625
0 0.6295572916666666 0.7486979166666666 0.022786458333333332 0.0234375
0 0.049357096354166664 0.5986328125 0.026285807291666668 0.034505208333333336
0 0.6373697916666666 0.4397786458333333 0.025390625 0.03515625
0 0.021647135416666668 0.29541015625 0.037556966145833336 0.041341145833333336
0 0.8802083333333334 0.4075520833333333 0.029947916666666668 0.021484375
0 0.07047526041666667 0.5869140625 0.034016927083333336 0.033854166666666664
0 0.037587483723958336 0.3955078125 0.02069091796875 0.02734375
0 0.7962239583333334 0.4186197916666667 0.020833333333333332 0.028645833333333332
0 0.794921875 0.3388671875 0.03125 0.025390625
