0 0.2726236979166667 0.4612630208333333 0.043294270833333336 0.042317708333333336
0 0.022623697916666668 0.603515625 0.045247395833333336 0.053385416666666664
0 0.6302083333333334 0.17777506510416666 0.037760416666666664 0.039306640625
0 0.353759765625 0.5904947916666666 0.045084635416666664 0.048828125
0 0.6700846354166666 0.16752115885416666 0.0400390625 0.041585286458333336
0 0.3046875 0.23763020833333334 0.042317708333333336 0.0341796875
0 0.64794921875 0.098388671875 0.0673828125 0.056477864583333336
0 0.3912760416666667 0.056559244791666664 0.048177083333333336 0.039713541666666664
0 0.4586588541666667 0.030110677083333332 0.048177083333333336 0.060221354166666664
0 0.84765625 0.2776692708333333 0.046875 0.0390625
0 0.9765625 0.58984375 0.041666666666666664 0.027994791666666668
0 0.2566731770833333 0.5009765625 0.035481770833333336 0.033854166666666664
0 0.5162760416666666 0.3922526041666667 0.041666666666666664 0.030598958333333332
0 0.4137369791666667 0.5208333333333334 0.033854166666666664 0.026692708333333332
0 0.6246744791666666 0.548828125 0.040364583333333336 0.024739583333333332
0 0.23453776041666666 0.673828125 0.027018229166666668 0.032552083333333336
0 0.6412760416666666 0.054728190104166664 0.029296875 0.033284505208333336
0 0.07759602864583333 0.6769205729166666 0.034912109375 0.0302734375
0 0.4697265625 0.5257161458333334 0.024088541666666668 0.021484375
0 0.8203125 0.327392578125 0.033854166666666664 0.026204427083333332
0 0.5159505208333334 0.011250813802083334 0.042317708333333336 0.022501627604166668
0 0.625 0.3639322916666667 0.032552083333333336 0.029947916666666668
0 0.8033854166666666 0.32421875 0.046875 0.029947916666666668
0 0.007380167643229167 0.6263020833333334 0.014760335286458334 0.027994791666666668
0 0.919921875 0.5384114583333334 0.033854166666666664 0.024739583333333332
