0 0.6570638020833334 0.2897135416666667 0.0400390625 0.0400390625
0 0.4482421875 0.275390625 0.039713541666666664 0.032877604166666664
0 0.7825520833333334 0.6061197916666666 0.04296875 0.033203125
0 0.17561848958333334 0.2584635416666667 0.037109375 0.035481770833333336
0 0.7057291666666666 0.29736328125 0.040364583333333336 0.0322265625
0 0.14225260416666666 0.15629069010416666 0.043131510416666664 0.031494140625
0 0.4921875 0.2781575520833333 0.034505208333333336 0.033203125
0 0.5729166666666666 0.2888997395833333 0.02734375 0.034830729166666664
0 0.14990234375 0.08583577473958333 0.036458333333333336 0.031778971354166664
0 0.7708333333333334 0.4895833333333333 0.037760416666666664 0.033854166666666664
0 0.9368489583333334 0.12101236979166667 0.040364583333333336 0.032877604166666664
0 0.740234375 0.5979817708333334 0.032552083333333336 0.041015625
0 0.9759114583333334 0.17061360677083334 0.0390625 0.042236328125
0 0.8190104166666666 0.5657552083333334 0.040364583333333336 0.03125
0 0.6725260416666666 0.2682291666666667 0.03515625 0.030598958333333332
0 0.3981119791666667 0.10986328125 0.025390625 0.032389322916666664
0 0.697265625 0.17561848958333334 0.033854166666666664 0.023111979166666668
0 0.6822916666666666 0.32861328125 0.026041666666666668 0.0244140625
0 0.3020833333333333 0.09033203125 0.031901041666666664 0.025716145833333332
0 0.1619873046875 0.021931966145833332 0.036051432291666664 0.041829427083333336
0 0.814453125 0.4944661458333333 0.026041666666666668 0.033854166666666664
0 0.896484375 0.08197021484375 0.049479166666666664 0.0362548828125
0 0.91015625 0.2854817708333333 0.026041666666666668 0.022786458333333332
0 0.4860026041666667 0.22705078125 0.028645833333333332 0.0234375
0 0.5442708333333334 0.2919921875 0.034505208333333336 0.026692708333333332
0 0.9576822916666666 0.4986979166666667 0.037760416666666664 0.026692708333333332
0 0.2858072916666667 0.16357421875 0.027669270833333332 0.029622395833333332
0 0.76953125 0.23681640625 0.02734375 0.0205078125
0 0.5123697916666666 0.07722981770833333 0.02734375 0.021158854166666668
0 0.3391927083333333 0.1220703125 0.024739583333333332 0.027669270833333332
0 0.007868448893229166 0.054728190104166664 0.015736897786458332 0.034098307291666664
0 0.8014322916666666 0.3486328125 0.018229166666666668 0.021484375
0 0.20035807291666666 0.13167317708333334 0.021484375 0.028645833333333332
