0 0.7037760416666666 0.28662109375 0.040364583333333336 0.040364583333333336
0 0.3997395833333333 0.107666015625 0.05078125 0.060872395833333336
0 0.732421875 0.3984375 0.037760416666666664 0.037760416666666664
0 0.4371744791666667 0.9049479166666666 0.053385416666666664 0.055989583333333336
0 0.4576822916666667 0.033681233723958336 0.045572916666666664 0.053731282552083336
0 0.6837565104166666 0.478515625 0.0478515625 0.041015625
0 0.640625 0.7942708333333334 0.05078125 0.046875
0 0.4505208333333333 0.11415608723958333 0.052734375 0.0848388671875
0 0.5950520833333334 0.2779947916666667 0.047526041666666664 0.044270833333333336
0 0.552734375 0.4811197916666667 0.059895833333333336 0.042317708333333336
0 0.4342447916666667 0.4928385416666667 0.028645833333333332 0.042317708333333336
0 0.4983723958333333 0.13484700520833334 0.049479166666666664 0.046061197916666664
0 0.8209635416666666 0.4459635416666667 0.045572916666666664 0.045572916666666664
0 0.6435546875 0.5139973958333334 0.050130208333333336 0.041666666666666664
0 0.6940104166666666 0.7552083333333334 0.037760416666666664 0.037760416666666664
0 0.6422526041666666 0.09922281901041667 0.044921875 0.0479736328125
0 0.4876302083333333 0.038472493489583336 0.052734375 0.07637532552083333
0 0.6510416666666666 0.4527994791666667 0.057291666666666664 0.053385416666666664
0 0.640625 0.341552734375 0.037109375 0.030436197916666668
0 0.8489583333333334 0.20589192708333334 0.053385416666666664 0.052734375
0 0.7701822916666666 0.32373046875 0.045572916666666664 0.0322265625
0 0.6331380208333334 0.25634765625 0.043619791666666664 0.030598958333333332
0 0.24544270833333334 0.3443196614583333 0.028971354166666668 0.024251302083333332
0 0.68017578125 0.3984375 0.0537109375 0.05078125
0 0.734375 0.9095052083333334 0.04296875 0.037760416666666664
0 0.6966145833333334 0.4163411458333333 0.045572916666666664 0.051432291666666664
0 0.6907552083333334 0.23225911458333334 0.036458333333333336 0.030598958333333332
0 0.673828125 0.6875 0.02734375 0.03125
0 0.4182942708333333 0.931640625 0.030598958333333332 0.041666666666666664
0 0.3772786458333333 0.9348958333333334 0.034505208333333336 0.036458333333333336
0 0.3020833333333333 0.3151041666666667 0.027669270833333332 0.0263671875
0 0.3665364583333333 0.3413899739583333 0.025390625 0.03662109375
0 0.8333333333333334 0.8919270833333334 0.026041666666666668 0.032552083333333336
0 0.828125 0.3339029947916667 0.044270833333333336 0.037923177083333336
0 0.7337239583333334 0.7532552083333334 0.024739583333333332 0.024739583333333332
0 0.26611328125 0.4873046875 0.027669270833333332 0.024739583333333332
0 0.8782552083333334 0.638671875 0.033854166666666664 0.044270833333333336
0 0.4182942708333333 0.4609375 0.031901041666666664 0.029947916666666668
0 0.5904947916666666 0.5022786458333334 0.031901041666666664 0.030598958333333332
0 0.6184895833333334 0.3460286458333333 0.03515625 0.033203125
0 0.3388671875 0.9388020833333334 0.0390625 0.04296875
0 0.740234375 0.0198974609375 0.032552083333333336 0.030354817708333332
0 0.7200520833333334 0.5491536458333334 0.024739583333333332 0.021484375
0 0.42578125 0.6070963541666666 0.035807291666666664 0.016927083333333332
0 0.24283854166666666 0.5602213541666666 0.026041666666666668 0.020833333333333332
