0 0.484375 0.031524658203125 0.050130208333333336 0.058369954427083336
0 0.6593424479166666 0.10400390625 0.047200520833333336 0.043294270833333336
0 0.5771484375 0.5755208333333334 0.053385416666666664 0.040364583333333336
0 0.6477864583333334 0.3544921875 0.044270833333333336 0.034505208333333336
0 0.84765625 0.91015625 0.057291666666666664 0.046875
0 0.4208984375 0.599609375 0.042317708333333336 0.034505208333333336
0 0.2692057291666667 0.7819010416666666 0.056640625 0.048177083333333336
0 0.673828125 0.22184244791666666 0.045572916666666664 0.0283203125
0 0.3056640625 0.2775065104166667 0.046875 0.044270833333333336
0 0.759765625 0.3296712239583333 0.041666666666666664 0.029459635416666668
0 0.3932291666666667 0.6907552083333334 0.0390625 0.040364583333333336
0 0.6432291666666666 0.2918294270833333 0.036458333333333336 0.0380859375
0 0.326416015625 0.3272298177083333 0.029459635416666668 0.03173828125
0 0.2825520833333333 0.75390625 0.048502604166666664 0.044270833333333336
0 0.3486328125 0.19498697916666666 0.025390625 0.039713541666666664
0 0.6129557291666666 0.4401041666666667 0.03125 0.030598958333333332
0 0.7063802083333334 0.0267333984375 0.03125 0.02490234375
0 0.2701822916666667 0.2620442708333333 0.035481770833333336 0.029622395833333332
0 0.564453125 0.29443359375 0.03515625 0.037760416666666664
0 0.76953125 0.3987630208333333 0.044270833333333336 0.031901041666666664
0 0.57421875 0.208984375 0.037760416666666664 0.037760416666666664
0 0.8372395833333334 0.6256510416666666 0.032552083333333336 0.028645833333333332
0 0.8411458333333334 0.7454427083333334 0.029947916666666668 0.022135416666666668
0 0.2626953125 0.4192708333333333 0.030598958333333332 0.028645833333333332
0 0.494140625 0.4632161458333333 0.026041666666666668 0.026041666666666668
0 0.5833333333333334 0.3097330729166667 0.026692708333333332 0.02734375
0 0.2880859375 0.31884765625 0.020182291666666668 0.034830729166666664
0 0.9296875 0.7545572916666666 0.024739583333333332 0.028645833333333332
0 0.8372395833333334 0.6953125 0.032552083333333336 0.029947916666666668
0 0.22867838541666666 0.8912760416666666 0.026692708333333332 0.029947916666666668
