0 0.5413411458333334 0.4593098958333333 0.039713541666666664 0.046875
0 0.6604817708333334 0.69921875 0.055338541666666664 0.037760416666666664
0 0.830078125 0.30029296875 0.046875 0.052408854166666664
0 0.142333984375 0.4534505208333333 0.033528645833333336 0.032552083333333336
0 0.6370442708333334 0.23274739583333334 0.037760416666666664 0.0400390625
0 0.9036458333333334 0.056477864583333336 0.036458333333333336 0.036295572916666664
0 0.884765625 0.7526041666666666 0.040364583333333336 0.048177083333333336
0 0.6446940104166666 0.279296875 0.045247395833333336 0.036458333333333336
0 0.7903645833333334 0.23030598958333334 0.032552083333333336 0.027669270833333332
0 0.23356119791666666 0.5472005208333334 0.033854166666666664 0.028645833333333332
0 0.9446614583333334 0.5960286458333334 0.036458333333333336 0.034505208333333336
0 0.9505208333333334 0.5361328125 0.037760416666666664 0.030598958333333332
0 0.1025390625 0.6090494791666666 0.0419921875 0.02734375
0 0.79296875 0.5403645833333334 0.037760416666666664 0.03515625
0 0.4853515625 0.4794921875 0.02734375 0.032552083333333336
0 0.5657552083333334 0.5022786458333334 0.024739583333333332 0.02734375
0 0.3626302083333333 0.6201171875 0.030598958333333332 0.025390625
0 0.021631876627604168 0.3359375 0.034942626953125 0.037109375
0 0.055582682291666664 0.4915364583333333 0.026204427083333332 0.033203125
0 0.4544270833333333 0.4895833333333333 0.033854166666666664 0.03125
0 0.09814453125 0.4684244791666667 0.033528645833333336 0.01953125
0 0.3642578125 0.59765625 0.0390625 0.021484375
0 0.135009765625 0.20166015625 0.024251302083333332 0.0263671875
0 0.13232421875 0.3544921875 0.023274739583333332 0.01953125
0 0.10416666666666667 0.1982421875 0.025553385416666668 0.025390625
0 0.6744791666666666 0.12613932291666666 0.0234375 0.022623697916666668
0 0.6422526041666666 0.2591145833333333 0.037760416666666664 0.054036458333333336
0 0.6318359375 0.14811197916666666 0.024739583333333332 0.025716145833333332
0 0.19482421875 0.3387858072916667 0.025716145833333332 0.027506510416666668
0 0.7975260416666666 0.08357747395833333 0.0234375 0.03759765625
0 0.0614502583979328 0.181312580749354 0.01816860465116273 0.02119670542635658
0 0.015524063307493527 0.17121891149870802 0.02119670542635658 0.017159237726098214
0 0.13059189276485786 0.11267562984496123 0.01917797157622732 0.0211967054263566
0 0.369811854005168 0.4180091246770026 0.01917797157622747 0.01614987080103362
0 0.3763727390180878 0.5774890988372093 0.024224806201550503 0.01614987080103362
0 0.0778245192307692 0.5548878205128205 0.018028846153846183 0.018028846153846107
0 0.9732572115384616 0.8278245192307692 0.028044871794871955 0.0390625
0 0.9712540064102564 0.7822516025641025 0.026041666666666668 0.026041666666666668
