0 0.023976643880208332 0.4052734375 0.047749837239583336 0.049479166666666664
0 0.022481282552083332 0.26513671875 0.044962565104166664 0.047200520833333336
0 0.20052083333333334 0.11319986979166667 0.035807291666666664 0.0322265625
0 0.4752604166666667 0.2021484375 0.029296875 0.034830729166666664
0 0.583984375 0.062459309895833336 0.041666666666666664 0.034830729166666664
0 0.822265625 0.032506306966145836 0.041666666666666664 0.033538818359375
0 0.7662760416666666 0.26904296875 0.037760416666666664 0.048828125
0 0.06878662109375 0.4970703125 0.045369466145833336 0.061197916666666664
0 0.01226806640625 0.4563802083333333 0.0245361328125 0.044921875
0 0.5045572916666666 0.153076171875 0.026692708333333332 0.0263671875
0 0.15193684895833334 0.4908854166666667 0.03271484375 0.03125
0 0.8821614583333334 0.17822265625 0.02734375 0.023763020833333332
0 0.5826822916666666 0.25634765625 0.031901041666666664 0.0224609375
0 0.7766927083333334 0.3050130208333333 0.032552083333333336 0.024739583333333332
0 0.5615234375 0.2877604166666667 0.020833333333333332 0.032552083333333336
0 0.7532552083333334 0.06416829427083333 0.03125 0.028483072916666668
0 0.5003255208333334 0.11653645833333333 0.026041666666666668 0.020182291666666668
0 0.5579427083333334 0.22102864583333334 0.0234375 0.022786458333333332
0 0.9602864583333334 0.052235921223958336 0.03125 0.024759928385416668
0 0.28515625 0.09757486979166667 0.028645833333333332 0.021484375
0 0.5940755208333334 0.08937581380208333 0.020833333333333332 0.028605143229166668
0 0.8664203811369507 0.013252987726098191 0.021196705426356505 0.018168604651162792
0 0.5863210594315245 0.023851340439276485 0.018168604651162806 0.017159237726098193
