0 0.2587890625 0.515625 0.058919270833333336 0.07682291666666667
0 0.5192057291666666 0.15311686197916666 0.056640625 0.054768880208333336
0 0.646484375 0.5524088541666666 0.049479166666666664 0.041015625
0 0.5647786458333334 0.546875 0.043619791666666664 0.044921875
0 0.2138671875 0.8984375 0.053059895833333336 0.055989583333333336
0 0.5660807291666666 0.353515625 0.033203125 0.047526041666666664
0 0.5393880208333334 0.3564453125 0.03125 0.052083333333333336
0 0.4645182291666667 0.3756510416666667 0.030598958333333332 0.04296875
0 0.23583984375 0.071533203125 0.0263671875 0.039876302083333336
0 0.2561848958333333 0.26416015625 0.038736979166666664 0.044596354166666664
0 0.435546875 0.4303385416666667 0.026041666666666668 0.024088541666666668
0 0.26932369892603353 0.7504668322028424 0.02613124798126624 0.029014252260981976
0 0.22330729166666666 0.3375651041666667 0.039713541666666664 0.03125
0 0.27099609375 0.032994588216145836 0.037434895833333336 0.031667073567708336
