0 0.6259765625 0.40234375 0.043619791666666664 0.046223958333333336
0 0.2618815104166667 0.02593994140625 0.049479166666666664 0.0457763671875
0 0.5559895833333334 0.4039713541666667 0.045572916666666664 0.046223958333333336
0 0.3033854166666667 0.027872721354166668 0.052083333333333336 0.055745442708333336
0 0.10188802083333333 0.4742838541666667 0.042805989583333336 0.046875
0 0.5045572916666666 0.228515625 0.033854166666666664 0.034505208333333336
0 0.3714192708333333 0.28564453125 0.041015625 0.029947916666666668
0 0.9296875 0.7884114583333334 0.040364583333333336 0.028645833333333332
0 0.24007161458333334 0.17476399739583334 0.05078125 0.039143880208333336
0 0.4339192708333333 0.3942057291666667 0.024088541666666668 0.025390625
0 0.2765299479166667 0.15999348958333334 0.034505208333333336 0.0361328125
