0 0.5530598958333334 0.030812581380208332 0.049479166666666664 0.054097493489583336
0 0.07332356770833333 0.7337239583333334 0.049967447916666664 0.052083333333333336
0 0.6357421875 0.3642578125 0.045572916666666664 0.038411458333333336
0 0.900390625 0.16748046875 0.0390625 0.048177083333333336
0 0.2540690104166667 0.5738932291666666 0.040690104166666664 0.034505208333333336
0 0.470703125 0.5133463541666666 0.037109375 0.031901041666666664
0 0.865234375 0.19010416666666666 0.044270833333333336 0.041666666666666664
0 0.3916015625 0.4921875 0.043619791666666664 0.040364583333333336
0 0.8502604166666666 0.384765625 0.036458333333333336 0.032552083333333336
0 0.4622395833333333 0.7805989583333334 0.045572916666666664 0.053385416666666664
0 0.8776041666666666 0.7213541666666666 0.048177083333333336 0.036458333333333336
0 0.751953125 0.6686197916666666 0.040364583333333336 0.045572916666666664
0 0.6389973958333334 0.5201822916666666 0.052083333333333336 0.049479166666666664
0 0.5087890625 0.7845052083333334 0.0390625 0.029947916666666668
0 0.6461588541666666 0.2823893229166667 0.038411458333333336 0.046549479166666664
0 0.3282063802083333 0.5550130208333334 0.03759765625 0.029947916666666668
0 0.962890625 0.5891927083333334 0.03515625 0.03125
0 0.7799479166666666 0.021082560221354168 0.037760416666666664 0.026194254557291668
0 0.0631103515625 0.775390625 0.030598958333333332 0.03125
0 0.9847005208333334 0.5625 0.030598958333333332 0.031901041666666664
0 0.4072265625 0.576171875 0.0390625 0.018229166666666668
0 0.4830729166666667 0.33984375 0.031901041666666664 0.030598958333333332
0 0.3971354166666667 0.5325520833333334 0.025390625 0.029947916666666668
0 0.6282552083333334 0.5543619791666666 0.026041666666666668 0.035807291666666664
0 0.20458984375 0.671875 0.013671875 0.040364583333333336
0 0.5042317708333334 0.755859375 0.027994791666666668 0.032552083333333336
0 0.9264322916666666 0.4957682291666667 0.0234375 0.018880208333333332
