0 0.9225260416666666 0.021240234375 0.046875 0.04248046875
0 0.8131510416666666 0.076416015625 0.04296875 0.03955078125
0 0.9778645833333334 0.5439453125 0.032552083333333336 0.029947916666666668
0 0.7708333333333334 0.18603515625 0.044270833333333336 0.046223958333333336
0 0.8763020833333334 0.21891276041666666 0.041666666666666664 0.042317708333333336
0 0.166015625 0.4827473958333333 0.043294270833333336 0.029296875
0 0.4055989583333333 0.4501953125 0.0390625 0.030598958333333332
0 0.31689453125 0.24690755208333334 0.029622395833333332 0.030924479166666668
0 0.939453125 0.21272786458333334 0.052083333333333336 0.057942708333333336
0 0.8470052083333334 0.08683268229166667 0.02734375 0.034342447916666664
0 0.16475423177083334 0.30078125 0.034423828125 0.024088541666666668
0 0.8515625 0.18684895833333334 0.03125 0.031575520833333336
0 0.23942057291666666 0.4420572916666667 0.031901041666666664 0.020182291666666668
0 0.9811197916666666 0.4065755208333333 0.036458333333333336 0.028645833333333332
0 0.1751708984375 0.022664388020833332 0.022705078125 0.031046549479166668
0 0.1551513671875 0.5338541666666666 0.033447265625 0.022135416666666668
0 0.24886067708333334 0.20491536458333334 0.0322265625 0.038736979166666664
0 0.24544270833333334 0.123046875 0.032877604166666664 0.02734375
0 0.9622395833333334 0.2255859375 0.032552083333333336 0.041666666666666664
0 0.24788411458333334 0.4889322916666667 0.027018229166666668 0.01953125
0 0.5572916666666666 0.41796875 0.029947916666666668 0.031901041666666664
0 0.23388671875 0.0198974609375 0.036458333333333336 0.029947916666666668
0 0.4654947916666667 0.3987630208333333 0.039713541666666664 0.022135416666666668
0 0.14876302083333334 0.17728678385416666 0.027994791666666668 0.025634765625
0 0.9446614583333334 0.144775390625 0.029947916666666668 0.02587890625
0 0.640625 0.4446614583333333 0.022786458333333332 0.020833333333333332
0 0.5546875 0.5406901041666666 0.022786458333333332 0.01953125
0 0.2928059895833333 0.2708333333333333 0.022135416666666668 0.028971354166666668
0 0.740234375 0.5631510416666666 0.022135416666666668 0.026692708333333332
0 0.18880208333333334 0.08699544270833333 0.025065104166666668 0.038411458333333336
0 0.5719401041666666 0.3525390625 0.036458333333333336 0.029296875
0 0.5546875 0.4306640625 0.029296875 0.043619791666666664
