0 0.11767578125 0.017842610677083332 0.048502604166666664 0.035685221354166664
0 0.3299153645833333 0.15718587239583334 0.0322265625 0.028401692708333332
0 0.5774739583333334 0.25439453125 0.043619791666666664 0.035481770833333336
0 0.3037109375 0.14851888020833334 0.03515625 0.034993489583333336
0 0.0254669189453125 0.23160807291666666 0.037607828776041664 0.039388020833333336
0 0.3121744791666667 0.3134765625 0.027994791666666668 0.0302734375
0 0.013519287109375 0.4029947916666667 0.02703857421875 0.033854166666666664
0 0.012980143229166666 0.14750162760416666 0.025960286458333332 0.039306640625
0 0.0211944580078125 0.3441569010416667 0.037363688151041664 0.03564453125
0 0.028340657552083332 0.19694010416666666 0.037556966145833336 0.034505208333333336
0 0.0816650390625 0.0966796875 0.027913411458333332 0.0224609375
0 0.350341796875 0.2994791666666667 0.036946614583333336 0.0283203125
0 0.022725423177083332 0.12117513020833333 0.045450846354166664 0.057942708333333336
0 0.7610677083333334 0.5618489583333334 0.026041666666666668 0.028645833333333332
0 0.018473307291666668 0.20475260416666666 0.036946614583333336 0.036458333333333336
0 0.2532552083333333 0.20540364583333334 0.031901041666666664 0.0263671875
0 0.66796875 0.5712890625 0.026041666666666668 0.026692708333333332
0 0.2919921875 0.18733723958333334 0.027018229166666668 0.024739583333333332
0 0.12858072916666666 0.14501953125 0.025716145833333332 0.029622395833333332
0 0.016087849934895832 0.020914713541666668 0.028127034505208332 0.032430013020833336
0 0.650390625 0.44921875 0.026692708333333332 0.021484375
0 0.5416666666666666 0.3056640625 0.022135416666666668 0.0244140625
0 0.0231475830078125 0.3805338541666667 0.024424235026041668 0.037760416666666664
0 0.7841569767441859 0.3751110303617571 0.02422480620155021 0.023215439276485766
0 0.6009568798449613 0.46090721899224807 0.021196705426356505 0.017159237726098214
0 0.4071584302325581 0.321109899870801 0.021196705426356505 0.018168604651162767
0 0.3072311046511628 0.5239926518087855 0.02321543927648584 0.030281007751937983
0 0.6302285206718345 0.10964752906976744 0.02927164082687339 0.02927164082687339
