0 0.5123697916666666 0.10465494791666667 0.041666666666666664 0.044921875
0 0.2584635416666667 0.059488932291666664 0.040364583333333336 0.035970052083333336
0 0.6376953125 0.4599609375 0.036458333333333336 0.030598958333333332
0 0.7330729166666666 0.5784505208333334 0.037760416666666664 0.029296875
0 0.6868489583333334 0.6009114583333334 0.036458333333333336 0.045572916666666664
0 0.53515625 0.3863932291666667 0.029296875 0.038411458333333336
0 0.509765625 0.4176432291666667 0.027994791666666668 0.028645833333333332
0 0.7578125 0.5888671875 0.02734375 0.027994791666666668
0 0.5657552083333334 0.3113606770833333 0.037760416666666664 0.039713541666666664
0 0.50390625 0.2294921875 0.020833333333333332 0.027994791666666668
0 0.705078125 0.5426432291666666 0.020833333333333332 0.024739583333333332
0 0.7069404069767442 0.3231286337209302 0.01917797157622732 0.026243540051679615
