0 0.0516357421875 0.6178385416666666 0.040608723958333336 0.037760416666666664
0 0.029307047526041668 0.23307291666666666 0.045552571614583336 0.048502604166666664
0 0.4505208333333333 0.0660400390625 0.052734375 0.055257161458333336
0 0.6162109375 0.15486653645833334 0.041015625 0.04248046875
0 0.2869466145833333 0.22721354166666666 0.036458333333333336 0.037109375
0 0.9251302083333334 0.6798502604166666 0.040364583333333336 0.033528645833333336
0 0.3942057291666667 0.12443033854166667 0.038411458333333336 0.04150390625
0 0.017964680989583332 0.158447265625 0.035929361979166664 0.045735677083333336
0 0.6399739583333334 0.33984375 0.042317708333333336 0.041015625
0 0.6668294270833334 0.6808268229166666 0.045247395833333336 0.039388020833333336
0 0.6350911458333334 0.3658854166666667 0.0390625 0.043619791666666664
0 0.08992513020833333 0.2766927083333333 0.027669270833333332 0.029947916666666668
0 0.09602864583333333 0.24088541666666666 0.032877604166666664 0.041666666666666664
0 0.25634765625 0.4423828125 0.053059895833333336 0.032552083333333336
0 0.4527994791666667 0.022908528645833332 0.052734375 0.045817057291666664
0 0.63671875 0.10432942708333333 0.032552083333333336 0.028483072916666668
0 0.984375 0.67431640625 0.028645833333333332 0.0263671875
0 0.2669270833333333 0.5240885416666666 0.040364583333333336 0.026041666666666668
0 0.3704427083333333 0.08935546875 0.030598958333333332 0.028483072916666668
0 0.2522786458333333 0.5374348958333334 0.03515625 0.029296875
0 0.69921875 0.11775716145833333 0.0234375 0.021647135416666668
