0 0.7350260416666666 0.5423177083333334 0.03515625 0.029296875
0 0.7532552083333334 0.8763020833333334 0.037760416666666664 0.02734375
0 0.9772135416666666 0.5406901041666666 0.028645833333333332 0.034505208333333336
0 0.93359375 0.5462239583333334 0.037760416666666664 0.035807291666666664
0 0.8971354166666666 0.798828125 0.032552083333333336 0.040364583333333336
0 0.8834635416666666 0.5452473958333334 0.044270833333333336 0.048828125
0 0.2913411458333333 0.123046875 0.0458984375 0.06559244791666667
0 0.6730143229166666 0.18522135416666666 0.027669270833333332 0.032877604166666664
0 0.6451822916666666 0.22802734375 0.038411458333333336 0.0361328125
0 0.3074544270833333 0.24625651041666666 0.032877604166666664 0.031575520833333336
0 0.7044270833333334 0.90234375 0.032552083333333336 0.032552083333333336
0 0.8177083333333334 0.9762369791666666 0.0390625 0.047526041666666664
0 0.3662109375 0.3204752604166667 0.033854166666666664 0.028971354166666668
0 0.5895182291666666 0.19075520833333334 0.037109375 0.036783854166666664
0 0.76953125 0.9029947916666666 0.040364583333333336 0.052083333333333336
0 0.826171875 0.9322916666666666 0.029947916666666668 0.037760416666666664
0 0.3282063802083333 0.20133463541666666 0.02783203125 0.033854166666666664
0 0.6360677083333334 0.1644287109375 0.026692708333333332 0.029866536458333332
0 0.22249348958333334 0.1220703125 0.032552083333333336 0.029622395833333332
0 0.13037109375 0.3606770833333333 0.0341796875 0.02734375
0 0.113525390625 0.18424479166666666 0.031087239583333332 0.036458333333333336
0 0.8359375 0.8541666666666666 0.040364583333333336 0.0390625
0 0.587890625 0.6455078125 0.042317708333333336 0.0390625
0 0.27978515625 0.3938802083333333 0.029622395833333332 0.026692708333333332
0 0.6061197916666666 0.2941080729166667 0.024739583333333332 0.0263671875
0 0.6546223958333334 0.3221028645833333 0.024088541666666668 0.027018229166666668
0 0.6298828125 0.6214192708333334 0.030598958333333332 0.027994791666666668
0 0.8626302083333334 0.9791666666666666 0.020833333333333332 0.029947916666666668
0 0.3902994791666667 0.4537760416666667 0.024739583333333332 0.022786458333333332
0 0.14274088541666666 0.19091796875 0.030436197916666668 0.027994791666666668
0 0.8365885416666666 0.4837239583333333 0.029947916666666668 0.026041666666666668
0 0.8033854166666666 0.90625 0.032552083333333336 0.032552083333333336
0 0.2556966145833333 0.4016927083333333 0.025065104166666668 0.024739583333333332
0 0.19970703125 0.19352213541666666 0.0244140625 0.029622395833333332
0 0.64892578125 0.6263020833333334 0.0380859375 0.0390625
0 0.9602864583333334 0.7298177083333334 0.028645833333333332 0.024739583333333332
0 0.5908203125 0.21158854166666666 0.033203125 0.0380859375
0 0.21728515625 0.0494384765625 0.0244140625 0.021402994791666668
0 0.8977864583333334 0.66259765625 0.036458333333333336 0.027669270833333332
0 0.267578125 0.3077799479166667 0.027669270833333332 0.0419921875
0 0.22347005208333334 0.2921549479166667 0.0263671875 0.025065104166666668
0 0.07760012919896637 0.2691275032299742 0.022206072351421174 0.015140503875968991
0 0.12958252583979327 0.6027232719638242 0.01917797157622747 0.018168604651162806
0 0.3410448966408269 0.410438872739018 0.018168604651162806 0.019177971576227398
0 0.4359253875968992 0.4498041828165375 0.04441214470284249 0.033309108527131835
