0 0.6012369791666666 0.8255208333333334 0.041015625 0.033854166666666664
0 0.75390625 0.798828125 0.046875 0.0390625
0 0.703125 0.013697306315104166 0.041666666666666664 0.026885986328125
0 0.4580078125 0.859375 0.045572916666666664 0.055989583333333336
0 0.6168619791666666 0.332275390625 0.050130208333333336 0.050944010416666664
0 0.5042317708333334 0.78515625 0.042317708333333336 0.046875
0 0.4817708333333333 0.9420572916666666 0.048177083333333336 0.05078125
0 0.6712239583333334 0.09584554036458333 0.037760416666666664 0.0413818359375
0 0.6357421875 0.6940104166666666 0.041015625 0.037760416666666664
0 0.6129557291666666 0.0172119140625 0.0390625 0.034423828125
0 0.626953125 0.5231119791666666 0.037760416666666664 0.03125
0 0.6419270833333334 0.3148600260416667 0.036458333333333336 0.038899739583333336
0 0.6868489583333334 0.23046875 0.028645833333333332 0.040690104166666664
0 0.4453125 0.921875 0.055338541666666664 0.05078125
0 0.6736653645833334 0.7858072916666666 0.036783854166666664 0.041666666666666664
0 0.6025390625 0.775390625 0.032552083333333336 0.040364583333333336
0 0.638671875 0.07657877604166667 0.039713541666666664 0.047526041666666664
0 0.7037760416666666 0.18880208333333334 0.02734375 0.042317708333333336
0 0.11165364583333333 0.939453125 0.029947916666666668 0.02734375
0 0.5680338541666666 0.6875 0.030598958333333332 0.03125
0 0.3974609375 0.9375 0.042317708333333336 0.032552083333333336
0 0.6692708333333334 0.012837727864583334 0.026041666666666668 0.025675455729166668
0 0.6383463541666666 0.018529256184895832 0.030598958333333332 0.036102294921875
0 0.8359375 0.7311197916666666 0.033854166666666664 0.0234375
0 0.69921875 0.466796875 0.01953125 0.026692708333333332
