0 0.08846028645833333 0.6656901041666666 0.045735677083333336 0.047526041666666664
0 0.67626953125 0.6399739583333334 0.0341796875 0.033854166666666664
0 0.23372395833333334 0.141357421875 0.040364583333333336 0.037760416666666664
0 0.2685546875 0.2976888020833333 0.044596354166666664 0.034830729166666664
0 0.4899088541666667 0.2587890625 0.046223958333333336 0.028645833333333332
0 0.07666015625 0.431640625 0.05078125 0.052083333333333336
0 0.6097005208333334 0.3850911458333333 0.043619791666666664 0.054036458333333336
0 0.09619140625 0.27197265625 0.0390625 0.034505208333333336
0 0.056477864583333336 0.3570963541666667 0.021321614583333332 0.037109375
0 0.019887288411458332 0.5006510416666666 0.039693196614583336 0.031901041666666664
0 0.4505208333333333 0.15470377604166666 0.02734375 0.030110677083333332
0 0.3212076822916667 0.19401041666666666 0.041178385416666664 0.026041666666666668
0 0.17203776041666666 0.2791341145833333 0.030924479166666668 0.025065104166666668
0 0.09560139973958333 0.255859375 0.046427408854166664 0.051432291666666664
0 0.4150390625 0.2265625 0.036458333333333336 0.033528645833333336
0 0.038299560546875 0.9602864583333334 0.027730305989583332 0.022135416666666668
0 0.6453690245478035 0.2933523094315245 0.021196705426356505 0.015140503875968991
