0 0.5680338541666666 0.2674153645833333 0.036458333333333336 0.033854166666666664
0 0.5260416666666666 0.3046875 0.038411458333333336 0.029622395833333332
0 0.4514973958333333 0.22998046875 0.026041666666666668 0.0302734375
0 0.767578125 0.10337320963541667 0.041666666666666664 0.040486653645833336
0 0.3805338541666667 0.12434895833333333 0.03125 0.028645833333333332
0 0.121337890625 0.3336588541666667 0.042805989583333336 0.036458333333333336
0 0.19791666666666666 0.3115234375 0.030598958333333332 0.025716145833333332
0 0.8111979166666666 0.12565104166666666 0.0390625 0.038736979166666664
0 0.06599934895833333 0.08274332682291667 0.031168619791666668 0.0296630859375
0 0.6321614583333334 0.08528645833333333 0.022786458333333332 0.023763020833333332
0 0.21256510416666666 0.12605794270833334 0.025390625 0.030110677083333332
0 0.7493489583333334 0.24934895833333334 0.032552083333333336 0.027018229166666668
0 0.11018880208333333 0.14689127604166666 0.024088541666666668 0.024739583333333332
0 0.26786579457364335 0.025870074289405687 0.02321543927648584 0.025234173126614984
