0 0.6468098958333334 0.3414713541666667 0.043619791666666664 0.045572916666666664
0 0.2926432291666667 0.18534342447916666 0.049479166666666664 0.052815755208333336
0 0.5719401041666666 0.12646484375 0.039713541666666664 0.037760416666666664
0 0.2659505208333333 0.6770833333333334 0.053059895833333336 0.078125
0 0.302734375 0.6863606770833334 0.044270833333333336 0.0595703125
0 0.2752278645833333 0.3893229166666667 0.033854166666666664 0.037109375
0 0.6438802083333334 0.027577718098958332 0.04296875 0.04315185546875
0 0.6184895833333334 0.13728841145833334 0.044921875 0.042154947916666664
0 0.09521484375 0.21337890625 0.028645833333333332 0.031575520833333336
0 0.9225260416666666 0.4713541666666667 0.028645833333333332 0.027994791666666668
0 0.583984375 0.3331705729166667 0.03125 0.040690104166666664
0 0.7135416666666666 0.015416463216145834 0.028645833333333332 0.028411865234375
0 0.7291666666666666 0.18929036458333334 0.03125 0.044921875
0 0.6181640625 0.016520182291666668 0.052734375 0.033040364583333336
0 0.3935546875 0.012980143229166666 0.059244791666666664 0.0247802734375
0 0.3037109375 0.3896484375 0.024088541666666668 0.031901041666666664
0 0.677734375 0.014821370442708334 0.033854166666666664 0.029642740885416668
0 0.7395833333333334 0.3655598958333333 0.0390625 0.020182291666666668
0 0.11360677083333333 0.28662109375 0.026529947916666668 0.03125
0 0.3463541666666667 0.19580078125 0.022786458333333332 0.024739583333333332
0 0.6236979166666666 0.4466145833333333 0.033854166666666664 0.020833333333333332
0 0.48841246770025837 0.17475169573643412 0.02826227390180887 0.030281007751938
0 0.3703165374677002 0.34735343992248063 0.024224806201550358 0.02018733850129199
