0 0.8548177083333334 0.3994140625 0.046875 0.046223958333333336
0 0.4694010416666667 0.19156901041666666 0.052083333333333336 0.051432291666666664
0 0.5953776041666666 0.1103515625 0.043619791666666664 0.042317708333333336
0 0.016438802083333332 0.2814127604166667 0.0322265625 0.029622395833333332
0 0.4794921875 0.3264973958333333 0.03515625 0.034505208333333336
0 0.2776692708333333 0.2742513020833333 0.038411458333333336 0.0380859375
0 0.5065104166666666 0.8359375 0.038411458333333336 0.037760416666666664
0 0.53515625 0.7942708333333334 0.039713541666666664 0.0390625
0 0.3854166666666667 0.435546875 0.029947916666666668 0.031901041666666664
0 0.6429036458333334 0.8561197916666666 0.046875 0.05078125
0 0.21630859375 0.291015625 0.025065104166666668 0.030924479166666668
0 0.23665364583333334 0.2708333333333333 0.037760416666666664 0.029947916666666668
0 0.5481770833333334 0.81640625 0.0390625 0.044270833333333336
0 0.4768880208333333 0.4436848958333333 0.03515625 0.029947916666666668
0 0.5299479166666666 0.29931640625 0.0390625 0.03125
0 0.8782552083333334 0.5208333333333334 0.037760416666666664 0.032552083333333336
0 0.25927734375 0.17159016927083334 0.0400390625 0.040283203125
0 0.31640625 0.15885416666666666 0.025716145833333332 0.029622395833333332
0 0.5091145833333334 0.5026041666666666 0.028645833333333332 0.02734375
0 0.4485677083333333 0.2932942708333333 0.029947916666666668 0.026692708333333332
0 0.9361979166666666 0.2958984375 0.028645833333333332 0.026692708333333332
0 0.029164632161458332 0.4195963541666667 0.03216552734375 0.031901041666666664
0 0.7239583333333334 0.5520833333333334 0.052083333333333336 0.030598958333333332
0 0.6383463541666666 0.7434895833333334 0.024088541666666668 0.032552083333333336
0 0.4319661458333333 0.62890625 0.024088541666666668 0.022135416666666668
0 0.9798177083333334 0.3063151041666667 0.032552083333333336 0.0380859375
0 0.3684895833333333 0.548828125 0.024739583333333332 0.03515625
0 0.37109375 0.2932942708333333 0.0234375 0.028645833333333332
0 0.13321940104166666 0.10628255208333333 0.035970052083333336 0.020833333333333332
0 0.3125 0.3736979166666667 0.0302734375 0.020833333333333332
0 0.2874348958333333 0.18115234375 0.025716145833333332 0.027669270833333332
0 0.014597574869791666 0.3349609375 0.029195149739583332 0.035807291666666664
0 0.8932291666666666 0.298828125 0.032552083333333336 0.023111979166666668
0 0.14510091145833334 0.4000651041666667 0.02392578125 0.01953125
0 0.2994791666666667 0.6142578125 0.0478515625 0.033203125
0 0.4860026041666667 0.8131510416666666 0.037760416666666664 0.03125
0 0.07684326171875 0.3811848958333333 0.0235595703125 0.0234375
0 0.118408203125 0.615234375 0.0263671875 0.026041666666666668
0 0.6673177083333334 0.85546875 0.024739583333333332 0.03515625
0 0.18619791666666666 0.3899739583333333 0.022786458333333332 0.024739583333333332
0 0.012044270833333334 0.36328125 0.019287109375 0.033203125
