0 0.64697265625 0.3297526041666667 0.044596354166666664 0.041015625
0 0.515625 0.5029296875 0.03515625 0.050130208333333336
0 0.17557779947916666 0.2815755208333333 0.038492838541666664 0.0283203125
0 0.07084147135416667 0.3974609375 0.043050130208333336 0.034505208333333336
0 0.6231780927002584 0.143798828125 0.056640625 0.044596354166666664
0 0.9446614583333334 0.4134114583333333 0.053385416666666664 0.048177083333333336
0 0.4300130208333333 0.3123372395833333 0.030598958333333332 0.0283203125
0 0.90625 0.12825520833333334 0.033854166666666664 0.026529947916666668
0 0.4755859375 0.5208333333333334 0.048177083333333336 0.045572916666666664
0 0.9752604166666666 0.6796875 0.044270833333333336 0.040364583333333336
0 0.7734375 0.09000651041666667 0.033854166666666664 0.034342447916666664
0 0.8912760416666666 0.2609049479166667 0.032552083333333336 0.022135416666666668
0 0.6725260416666666 0.4417317708333333 0.041666666666666664 0.03125
0 0.5732421875 0.3125 0.0234375 0.028971354166666668
0 0.712890625 0.6705729166666666 0.041666666666666664 0.0390625
0 0.1732177734375 0.3665364583333333 0.027587890625 0.027994791666666668
0 0.640625 0.4661458333333333 0.036458333333333336 0.025390625
0 0.07301839192708333 0.9290364583333334 0.0372314453125 0.040364583333333336
0 0.15543619791666666 0.14143880208333334 0.0302734375 0.02099609375
