0 0.4423828125 0.017985026041666668 0.050130208333333336 0.035970052083333336
0 0.5690104166666666 0.3642578125 0.044270833333333336 0.041015625
0 0.6502278645833334 0.048105875651041664 0.039388020833333336 0.048807779947916664
0 0.2801106770833333 0.5751953125 0.0341796875 0.03125
0 0.4602864583333333 0.5289713541666666 0.038411458333333336 0.04296875
0 0.9016927083333334 0.373046875 0.028645833333333332 0.02734375
0 0.23844401041666666 0.31982421875 0.037109375 0.032877604166666664
0 0.64453125 0.10028076171875 0.039713541666666664 0.044881184895833336
0 0.24381510416666666 0.546875 0.041341145833333336 0.031901041666666664
0 0.4749348958333333 0.3971354166666667 0.033854166666666664 0.037760416666666664
0 0.4840494791666667 0.5234375 0.033854166666666664 0.041015625
0 0.4287109375 0.2628580729166667 0.035807291666666664 0.027994791666666668
0 0.2731119791666667 0.4274088541666667 0.0302734375 0.0234375
0 0.6927083333333334 0.10994466145833333 0.033854166666666664 0.025065104166666668
0 0.3668619791666667 0.4560546875 0.02734375 0.029947916666666668
0 0.6861979166666666 0.21647135416666666 0.041666666666666664 0.0419921875
0 0.583984375 0.012761433919270834 0.061197916666666664 0.023223876953125
0 0.2381733739098837 0.5856889433947029 0.06039420825258398 0.05627472948966402
0 0.5003255208333334 0.0206756591796875 0.033854166666666664 0.028310139973958332
0 0.6853841145833334 0.18912760416666666 0.040690104166666664 0.030924479166666668
0 0.5979817708333334 0.1513671875 0.03125 0.036783854166666664
0 0.4156901041666667 0.124755859375 0.030598958333333332 0.02880859375
0 0.3229166666666667 0.22965494791666666 0.02734375 0.03125
0 0.5843098958333334 0.13151041666666666 0.024088541666666668 0.029296875
