0 0.6380208333333334 0.2633463541666667 0.046223958333333336 0.042317708333333336
0 0.3649088541666667 0.30615234375 0.042317708333333336 0.036458333333333336
0 0.703125 0.016459147135416668 0.044270833333333336 0.032918294270833336
0 0.319580078125 0.5146484375 0.035319010416666664 0.037760416666666664
0 0.2882486979166667 0.2556966145833333 0.0361328125 0.046549479166666664
0 0.2706705729166667 0.3056640625 0.044921875 0.04296875
0 0.6481119791666666 0.3753255208333333 0.051432291666666664 0.038411458333333336
0 0.3626302083333333 0.3483072916666667 0.044921875 0.043619791666666664
0 0.027872721354166668 0.24593098958333334 0.032470703125 0.0361328125
0 0.066650390625 0.4466145833333333 0.0400390625 0.03515625
0 0.013743082682291666 0.7005208333333334 0.027486165364583332 0.036458333333333336
0 0.6002604166666666 0.6083984375 0.048177083333333336 0.03515625
0 0.8951822916666666 0.11995442708333333 0.046875 0.034342447916666664
0 0.2666015625 0.763671875 0.040364583333333336 0.05078125
0 0.6341145833333334 0.014078776041666666 0.054036458333333336 0.028157552083333332
0 0.023763020833333332 0.4117838541666667 0.047526041666666664 0.048828125
0 0.5667317708333334 0.5104166666666666 0.039713541666666664 0.045572916666666664
0 0.486328125 0.096923828125 0.040364583333333336 0.057291666666666664
0 0.6998697916666666 0.2236328125 0.049479166666666664 0.043294270833333336
0 0.27734375 0.4300130208333333 0.033528645833333336 0.024739583333333332
0 0.2683919270833333 0.5296223958333334 0.036458333333333336 0.024739583333333332
0 0.062093098958333336 0.6083984375 0.032552083333333336 0.021484375
0 0.4850260416666667 0.044474283854166664 0.041015625 0.034749348958333336
0 0.2888997395833333 0.4876302083333333 0.029947916666666668 0.035807291666666664
0 0.6090494791666666 0.5006510416666666 0.038411458333333336 0.035807291666666664
0 0.6559244791666666 0.036305745442708336 0.033203125 0.030904134114583332
0 0.240234375 0.26904296875 0.03125 0.027669270833333332
0 0.6145833333333334 0.3971354166666667 0.034505208333333336 0.033203125
0 0.41796875 0.3857421875 0.033203125 0.026041666666666668
0 0.2877604166666667 0.6650390625 0.035481770833333336 0.025390625
0 0.95703125 0.06669108072916667 0.033854166666666664 0.036376953125
0 0.5856119791666666 0.6888020833333334 0.028645833333333332 0.024739583333333332
0 0.6337890625 0.12605794270833334 0.035807291666666664 0.026041666666666668
0 0.4046223958333333 0.4886067708333333 0.055338541666666664 0.028645833333333332
0 0.845703125 0.13639322916666666 0.026041666666666668 0.0224609375
0 0.2781575520833333 0.3580729166666667 0.0400390625 0.030598958333333332
0 0.1533203125 0.8131510416666666 0.033203125 0.028645833333333332
0 0.630859375 0.20947265625 0.018880208333333332 0.033203125
0 0.6920572916666666 0.2560221354166667 0.028645833333333332 0.035481770833333336
0 0.6341145833333334 0.09401448567708333 0.024739583333333332 0.031209309895833332
0 0.828125 0.7174479166666666 0.0234375 0.020833333333333332
0 0.024286905924479168 0.2041015625 0.031016031901041668 0.036458333333333336
0 0.09635416666666667 0.75 0.0224609375 0.022135416666666668
0 0.45409399224806196 0.09551639211886305 0.03633720930232561 0.03734657622739018
0 0.45106589147286824 0.13134891795865633 0.03633720930232561 0.026243540051679577
0 0.36829780361757103 0.674893007105943 0.030281007751938056 0.025234173126615023
