0 0.4938151041666667 0.061177571614583336 0.057942708333333336 0.07132975260416667
0 0.8671875 0.85546875 0.053385416666666664 0.045572916666666664
0 0.23388671875 0.4807942708333333 0.052083333333333336 0.042317708333333336
0 0.828125 0.8522135416666666 0.03515625 0.0390625
0 0.8665364583333334 0.6881510416666666 0.048177083333333336 0.040364583333333336
0 0.76171875 0.5260416666666666 0.037760416666666664 0.040364583333333336
0 0.375 0.408203125 0.047526041666666664 0.049479166666666664
0 0.8235677083333334 0.6295572916666666 0.049479166666666664 0.035807291666666664
0 0.2932942708333333 0.4300130208333333 0.0390625 0.047526041666666664
0 0.4720052083333333 0.12923177083333334 0.033854166666666664 0.035481770833333336
0 0.3834635416666667 0.3107096354166667 0.031901041666666664 0.033854166666666664
0 0.7317708333333334 0.5240885416666666 0.0234375 0.040364583333333336
0 0.14306640625 0.748046875 0.0390625 0.020833333333333332
0 0.7571614583333334 0.6204427083333334 0.03515625 0.026692708333333332
0 0.102294921875 0.37890625 0.031575520833333336 0.0234375
0 0.3883463541666667 0.4378255208333333 0.037760416666666664 0.035807291666666664
0 0.3675130208333333 0.20377604166666666 0.038411458333333336 0.0302734375
0 0.4007161458333333 0.21207682291666666 0.0234375 0.0322265625
0 0.6217447916666666 0.4479166666666667 0.0390625 0.030598958333333332
0 0.28759765625 0.4020182291666667 0.032552083333333336 0.024739583333333332
