0 0.9088541666666666 0.833984375 0.055989583333333336 0.040364583333333336
0 0.15087890625 0.6246744791666666 0.048177083333333336 0.038411458333333336
0 0.748046875 0.4723307291666667 0.040364583333333336 0.0390625
0 0.8307291666666666 0.6461588541666666 0.041666666666666664 0.035807291666666664
0 0.20865885416666666 0.6061197916666666 0.044921875 0.032552083333333336
0 0.8548177083333334 0.5709635416666666 0.04296875 0.040364583333333336
0 0.9615885416666666 0.6888020833333334 0.041666666666666664 0.03125
0 0.24772135416666666 0.6458333333333334 0.040364583333333336 0.0390625
0 0.9479166666666666 0.6435546875 0.0390625 0.028645833333333332
0 0.970703125 0.7200520833333334 0.044270833333333336 0.03125
0 0.619140625 0.4309895833333333 0.02734375 0.044921875
0 0.7018229166666666 0.22477213541666666 0.037760416666666664 0.036458333333333336
0 0.8587239583333334 0.6634114583333334 0.03515625 0.03125
0 0.6848958333333334 0.18815104166666666 0.03515625 0.036783854166666664
0 0.462890625 0.4993489583333333 0.028645833333333332 0.037109375
0 0.7200520833333334 0.3916015625 0.028645833333333332 0.026041666666666668
0 0.5680338541666666 0.5846354166666666 0.030598958333333332 0.029296875
0 0.4518229166666667 0.5999348958333334 0.035807291666666664 0.024088541666666668
0 0.818359375 0.56640625 0.033854166666666664 0.038411458333333336
0 0.9720052083333334 0.6217447916666666 0.028645833333333332 0.024739583333333332
0 0.833984375 0.8776041666666666 0.0390625 0.03125
0 0.7591145833333334 0.27392578125 0.024739583333333332 0.029296875
0 0.7884114583333334 0.3548177083333333 0.033854166666666664 0.021484375
0 0.4625651041666667 0.5556640625 0.0234375 0.022786458333333332
0 0.80078125 0.8118489583333334 0.032552083333333336 0.03125
0 0.7430328447997416 0.31634758054748063 0.012632227067183551 0.01671890140503877
0 0.7493489583333334 0.8880208333333334 0.03515625 0.040364583333333336
0 0.6324869791666666 0.6272786458333334 0.0234375 0.032552083333333336
0 0.3434244791666667 0.4749348958333333 0.01953125 0.020833333333333332
0 0.9694010416666666 0.7897135416666666 0.026041666666666668 0.020833333333333332
0 0.94140625 0.6966145833333334 0.026041666666666668 0.026041666666666668
0 0.5556640625 0.4085286458333333 0.020833333333333332 0.020833333333333332
0 0.3238118489583333 0.2923177083333333 0.029459635416666668 0.029622395833333332
0 0.7942708333333334 0.46875 0.0234375 0.032552083333333336
0 0.5074869791666666 0.380859375 0.022135416666666668 0.020182291666666668
0 0.6064453125 0.2662760416666667 0.020182291666666668 0.027994791666666668
0 0.3814195736434109 0.11116157945736434 0.022206072351421174 0.02018733850129199
