0 0.4869791666666667 0.11897786458333333 0.046875 0.046712239583333336
0 0.6959635416666666 0.5615234375 0.045572916666666664 0.044921875
0 0.7389322916666666 0.2884114583333333 0.04296875 0.0390625
0 0.482421875 0.035227457682291664 0.056640625 0.048360188802083336
0 0.4345703125 0.12703450520833334 0.046223958333333336 0.048014322916666664
0 0.734375 0.5540364583333334 0.032552083333333336 0.039713541666666664
0 0.23795572916666666 0.8248697916666666 0.044596354166666664 0.040364583333333336
0 0.23453776041666666 0.466796875 0.045572916666666664 0.048177083333333336
0 0.2727864583333333 0.4430338541666667 0.047526041666666664 0.041015625
0 0.4700520833333333 0.07804361979166667 0.055989583333333336 0.041015625
0 0.5768229166666666 0.5540364583333334 0.044921875 0.033203125
0 0.6848958333333334 0.3668619791666667 0.040364583333333336 0.033203125
0 0.232421875 0.7884114583333334 0.044596354166666664 0.033854166666666664
0 0.6419270833333334 0.2021484375 0.037109375 0.033528645833333336
0 0.6940104166666666 0.2685546875 0.052083333333333336 0.060546875
0 0.4807942708333333 0.16597493489583334 0.046223958333333336 0.058675130208333336
0 0.4775390625 0.21940104166666666 0.036458333333333336 0.0322265625
0 0.6429036458333334 0.1455078125 0.046223958333333336 0.049479166666666664
0 0.2587890625 0.6510416666666666 0.0380859375 0.033854166666666664
0 0.5677083333333334 0.22900390625 0.041015625 0.044270833333333336
0 0.75390625 0.53125 0.040364583333333336 0.060546875
0 0.2333984375 0.66552734375 0.030598958333333332 0.037434895833333336
0 0.732421875 0.84765625 0.05078125 0.033854166666666664
0 0.7044270833333334 0.80859375 0.028645833333333332 0.041666666666666664
0 0.7688802083333334 0.259765625 0.0390625 0.049479166666666664
0 0.2926432291666667 0.5735677083333334 0.04296875 0.030598958333333332
0 0.447265625 0.013336181640625 0.044270833333333336 0.02667236328125
0 0.3645833333333333 0.9212239583333334 0.037109375 0.029947916666666668
0 0.7057291666666666 0.3326009114583333 0.02734375 0.03662109375
0 0.2786458333333333 0.8470052083333334 0.052408854166666664 0.045572916666666664
0 0.7037760416666666 0.3046875 0.033854166666666664 0.027018229166666668
0 0.5807291666666666 0.76171875 0.026692708333333332 0.02734375
0 0.21126302083333334 0.8919270833333334 0.044270833333333336 0.048177083333333336
0 0.4313151041666667 0.5634765625 0.030598958333333332 0.024088541666666668
0 0.5751953125 0.19580078125 0.029947916666666668 0.031901041666666664
0 0.2654622395833333 0.8600260416666666 0.055013020833333336 0.04296875
0 0.451171875 0.16646321614583334 0.034505208333333336 0.045979817708333336
0 0.2561848958333333 0.8600260416666666 0.032552083333333336 0.03125
0 0.2682291666666667 0.4739583333333333 0.036783854166666664 0.029296875
0 0.6130692829457364 0.18484536498708012 0.021196705426356655 0.02018733850129199
0 0.5696665051679586 0.5764797319121447 0.03330910852713176 0.038355943152454795
