0 0.3479817708333333 0.01654052734375 0.057942708333333336 0.0330810546875
0 0.13924153645833334 0.20442708333333334 0.04296875 0.0361328125
0 0.3981119791666667 0.2552083333333333 0.046875 0.039388020833333336
0 0.400390625 0.06746419270833333 0.044270833333333336 0.035970052083333336
0 0.5732421875 0.21728515625 0.037760416666666664 0.033203125
0 0.5 0.21272786458333334 0.041015625 0.0361328125
0 0.6022135416666666 0.1328125 0.029296875 0.025716145833333332
0 0.015838623046875 0.17045084635416666 0.031148274739583332 0.024983723958333332
0 0.8170572916666666 0.040730794270833336 0.026041666666666668 0.036702473958333336
0 0.1884765625 0.081298828125 0.038411458333333336 0.03466796875
0 0.06854248046875 0.3987630208333333 0.030232747395833332 0.029947916666666668
0 0.4283854166666667 0.1279296875 0.039713541666666664 0.045572916666666664
0 0.009989420572916666 0.4339192708333333 0.019978841145833332 0.028645833333333332
0 0.8190104166666666 0.01385498046875 0.03515625 0.0277099609375
0 0.4423828125 0.14054361979166666 0.032552083333333336 0.029947916666666668
0 0.04931096513141956 0.041182012829053614 0.02831605423328491 0.022872569949127907
0 0.0621337890625 0.4462890625 0.020914713541666668 0.039713541666666664
0 0.026585896809895832 0.08528645833333333 0.032602945963541664 0.030598958333333332
0 0.6731770833333334 0.12068684895833333 0.022135416666666668 0.0234375
0 0.7018229166666666 0.045491536458333336 0.0234375 0.021809895833333332
0 0.055531819661458336 0.22965494791666666 0.036885579427083336 0.031901041666666664
0 0.034138997395833336 0.22574869791666666 0.037516276041666664 0.0234375
0 0.15616861979166666 0.2654622395833333 0.02685546875 0.016276041666666668
