0 0.63671875 0.3505859375 0.039713541666666664 0.032552083333333336
0 0.6486002604166666 0.7578125 0.0556640625 0.049479166666666664
0 0.5999348958333334 0.3857421875 0.044921875 0.033854166666666664
0 0.6710611979166666 0.7923177083333334 0.0302734375 0.036458333333333336
0 0.73828125 0.7272135416666666 0.033854166666666664 0.036458333333333336
0 0.6471354166666666 0.6881510416666666 0.041666666666666664 0.026041666666666668
0 0.7708333333333334 0.5641276041666666 0.04296875 0.038411458333333336
0 0.771484375 0.728515625 0.036458333333333336 0.033854166666666664
0 0.763671875 0.396484375 0.026041666666666668 0.02734375
0 0.7395833333333334 0.5628255208333334 0.029947916666666668 0.030598958333333332
0 0.759765625 0.759765625 0.026041666666666668 0.026041666666666668
0 0.013326009114583334 0.9153645833333334 0.026652018229166668 0.055989583333333336
0 0.7779947916666666 0.6783854166666666 0.026041666666666668 0.0234375
