0 0.6463216145833334 0.20621744791666666 0.047200520833333336 0.0439453125
0 0.3776041666666667 0.857421875 0.059895833333333336 0.03515625
0 0.019460042317708332 0.818359375 0.038920084635416664 0.05078125
0 0.6731770833333334 0.5296223958333334 0.046875 0.031901041666666664
0 0.5729166666666666 0.6827799479166666 0.035807291666666664 0.0380859375
0 0.8430989583333334 0.19091796875 0.0390625 0.0419921875
0 0.6028645833333334 0.046183268229166664 0.047526041666666664 0.0390625
0 0.6389973958333334 0.46484375 0.038411458333333336 0.0390625
0 0.4563802083333333 0.4322916666666667 0.035807291666666664 0.01953125
0 0.501953125 0.24674479166666666 0.05078125 0.050455729166666664
0 0.6712239583333334 0.4694010416666667 0.032552083333333336 0.029947916666666668
0 0.4807942708333333 0.2701822916666667 0.042317708333333336 0.042643229166666664
0 0.4661458333333333 0.2998046875 0.0390625 0.034505208333333336
0 0.4934895833333333 0.6119791666666666 0.024088541666666668 0.03125
0 0.3818359375 0.010965983072916666 0.03515625 0.021931966145833332
0 0.08544921875 0.97265625 0.034505208333333336 0.0234375
0 0.9583333333333334 0.7317708333333334 0.029947916666666668 0.024739583333333332
0 0.833984375 0.157470703125 0.024739583333333332 0.030436197916666668
0 0.6705729166666666 0.4322916666666667 0.024739583333333332 0.022786458333333332
