0 0.5244140625 0.22249348958333334 0.052083333333333336 0.0537109375
0 0.4853515625 0.4794921875 0.0390625 0.036458333333333336
0 0.7669270833333334 0.22233072916666666 0.05078125 0.034830729166666664
0 0.23046875 0.67919921875 0.041015625 0.029622395833333332
0 0.5048828125 0.6171875 0.044270833333333336 0.043619791666666664
0 0.22200520833333334 0.4820963541666667 0.037109375 0.033203125
0 0.3154296875 0.2794596354166667 0.039713541666666664 0.038736979166666664
0 0.900390625 0.6692708333333334 0.04296875 0.029947916666666668
0 0.24251302083333334 0.4420572916666667 0.049479166666666664 0.053385416666666664
0 0.23665364583333334 0.5911458333333334 0.041015625 0.02734375
0 0.4228515625 0.0296630859375 0.040364583333333336 0.039225260416666664
0 0.7115885416666666 0.24918619791666666 0.05078125 0.03125
0 0.67822265625 0.16634114583333334 0.039388020833333336 0.029622395833333332
0 0.8131510416666666 0.10343424479166667 0.041666666666666664 0.03662109375
0 0.9329427083333334 0.6650390625 0.03515625 0.030598958333333332
0 0.2815755208333333 0.4254557291666667 0.029622395833333332 0.032552083333333336
0 0.4453125 0.30419921875 0.029296875 0.0458984375
0 0.4983723958333333 0.16959635416666666 0.029947916666666668 0.021484375
0 0.2750651041666667 0.5888671875 0.040690104166666664 0.052734375
0 0.9440104166666666 0.5384114583333334 0.059895833333333336 0.037760416666666664
0 0.638671875 0.09279378255208333 0.041015625 0.0216064453125
0 0.3824869791666667 0.265625 0.022135416666666668 0.027669270833333332
0 0.2862955729166667 0.6126302083333334 0.033854166666666664 0.040364583333333336
0 0.4694010416666667 0.3889973958333333 0.03125 0.022786458333333332
0 0.8111979166666666 0.07391357421875 0.02734375 0.0357666015625
0 0.6612955729166666 0.5406901041666666 0.0302734375 0.028645833333333332
0 0.759765625 0.055948893229166664 0.020833333333333332 0.021402994791666668
0 0.5358072916666666 0.6106770833333334 0.024739583333333332 0.036458333333333336
0 0.6875 0.011754353841145834 0.048177083333333336 0.020273844401041668
0 0.9641927083333334 0.5413411458333334 0.053385416666666664 0.035807291666666664
0 0.6471354166666666 0.18294270833333334 0.029296875 0.023763020833333332
0 0.7565104166666666 0.15946451822916666 0.026041666666666668 0.020914713541666668
0 0.744140625 0.10441080729166667 0.024739583333333332 0.033040364583333336
0 0.5131419573643411 0.06775880167958656 0.01917797157622747 0.02220607235142119
0 0.5464510658914729 0.06927285206718346 0.021196705426356505 0.023215439276485794
