0 0.18412272135416666 0.7421875 0.052978515625 0.041666666666666664
0 0.6609700520833334 0.328125 0.0400390625 0.04296875
0 0.3162434895833333 0.4807942708333333 0.0400390625 0.0390625
0 0.5472005208333334 0.666015625 0.036458333333333336 0.044270833333333336
0 0.837890625 0.0684814453125 0.04296875 0.042073567708333336
0 0.6666666666666666 0.3889973958333333 0.052083333333333336 0.033854166666666664
0 0.9505208333333334 0.19759114583333334 0.036458333333333336 0.048828125
0 0.9088541666666666 0.1904296875 0.0390625 0.039713541666666664
0 0.4977213541666667 0.2815755208333333 0.03125 0.027669270833333332
0 0.13004557291666666 0.73046875 0.0380859375 0.040364583333333336
0 0.81640625 0.3074544270833333 0.032552083333333336 0.028645833333333332
0 0.0413818359375 0.27783203125 0.038248697916666664 0.029947916666666668
0 0.011962890625 0.08664957682291667 0.02392578125 0.0213623046875
0 0.9720052083333334 0.3375651041666667 0.028645833333333332 0.025390625
0 0.20621744791666666 0.396484375 0.030924479166666668 0.026041666666666668
0 0.12825520833333334 0.1611328125 0.026204427083333332 0.025065104166666668
0 0.09311930338541667 0.11092122395833333 0.0328369140625 0.022786458333333332
0 0.6103515625 0.2021484375 0.024739583333333332 0.022135416666666668
0 0.21223958333333334 0.30224609375 0.030924479166666668 0.022135416666666668
0 0.054931640625 0.17696126302083334 0.023274739583333332 0.029215494791666668
0 0.3230794270833333 0.4195963541666667 0.023111979166666668 0.01953125
0 0.9876302083333334 0.6256510416666666 0.01953125 0.028645833333333332
