0 0.8483072916666666 0.3495279947916667 0.037760416666666664 0.034016927083333336
0 0.8899739583333334 0.3792317708333333 0.032552083333333336 0.03515625
0 0.7545572916666666 0.3040364583333333 0.037760416666666664 0.031901041666666664
0 0.455078125 0.41015625 0.033203125 0.044270833333333336
0 0.2662760416666667 0.4947916666666667 0.039713541666666664 0.041666666666666664
0 0.9381510416666666 0.3815104166666667 0.04296875 0.034505208333333336
0 0.5380859375 0.4134114583333333 0.032552083333333336 0.038411458333333336
0 0.6435546875 0.2888997395833333 0.03125 0.026041666666666668
0 0.6018880208333334 0.12451171875 0.032552083333333336 0.039225260416666664
0 0.3893229166666667 0.4235026041666667 0.039713541666666664 0.048177083333333336
0 0.6282552083333334 0.13557942708333334 0.029947916666666668 0.031412760416666664
0 0.6422526041666666 0.3326822916666667 0.036458333333333336 0.032552083333333336
0 0.6233723958333334 0.11018880208333333 0.037760416666666664 0.038411458333333336
0 0.7734375 0.18896484375 0.032552083333333336 0.047526041666666664
0 0.5289713541666666 0.3401692708333333 0.029947916666666668 0.029947916666666668
0 0.775390625 0.23225911458333334 0.029947916666666668 0.025390625
0 0.5146484375 0.4104817708333333 0.025390625 0.029296875
0 0.024932861328125 0.5436197916666666 0.046488444010416664 0.039713541666666664
