0 0.4182942708333333 0.06547037760416667 0.046223958333333336 0.038981119791666664
0 0.5260416666666666 0.3583984375 0.0546875 0.052734375
0 0.021952311197916668 0.5152994791666666 0.043904622395833336 0.056640625
0 0.4163411458333333 0.6165364583333334 0.037109375 0.036458333333333336
0 0.0230712890625 0.21744791666666666 0.046142578125 0.05078125
0 0.024251302083333332 0.3221842447916667 0.048502604166666664 0.05224609375
0 0.18489583333333334 0.5693359375 0.048828125 0.0390625
0 0.5218098958333334 0.6162109375 0.037760416666666664 0.024088541666666668
0 0.2737630208333333 0.5006510416666666 0.0380859375 0.045572916666666664
0 0.6233723958333334 0.08056640625 0.044270833333333336 0.053873697916666664
0 0.6533203125 0.4375 0.051432291666666664 0.026041666666666668
0 0.22151692708333334 0.5387369791666666 0.034505208333333336 0.03515625
0 0.3024088541666667 0.693359375 0.028971354166666668 0.024739583333333332
0 0.2578125 0.04345703125 0.038411458333333336 0.0390625
0 0.010457356770833334 0.19401041666666666 0.020914713541666668 0.0390625
0 0.27001953125 0.027089436848958332 0.043619791666666664 0.046895345052083336
0 0.67138671875 0.15852864583333334 0.027018229166666668 0.027669270833333332
0 0.2633463541666667 0.5325520833333334 0.025390625 0.03125
0 0.2771809895833333 0.3123372395833333 0.025716145833333332 0.0361328125
0 0.06656901041666667 0.3333333333333333 0.0244140625 0.032552083333333336
0 0.24495442708333334 0.016596476236979168 0.0263671875 0.031829833984375
0 0.23681640625 0.4117838541666667 0.025065104166666668 0.033854166666666664
0 0.11393229166666667 0.4098307291666667 0.02685546875 0.030598958333333332
0 0.697265625 0.26123046875 0.029947916666666668 0.025390625
0 0.23860677083333334 0.4654947916666667 0.025716145833333332 0.020833333333333332
0 0.837890625 0.6432291666666666 0.03125 0.034505208333333336
0 0.008870442708333334 0.3348795572916667 0.017578125 0.051595052083333336
