0 0.4671223958333333 0.5205078125 0.037109375 0.036458333333333336
0 0.5615234375 0.6591796875 0.0390625 0.047526041666666664
0 0.5817057291666666 0.6875 0.050130208333333336 0.033854166666666664
0 0.6829427083333334 0.7298177083333334 0.032552083333333336 0.037760416666666664
0 0.3639322916666667 0.7239583333333334 0.036458333333333336 0.032552083333333336
0 0.4381510416666667 0.4716796875 0.048177083333333336 0.041015625
0 0.2840169270833333 0.7649739583333334 0.0400390625 0.037760416666666664
0 0.4391276041666667 0.7096354166666666 0.047526041666666664 0.02734375
0 0.5804036458333334 0.6002604166666666 0.036458333333333336 0.03515625
0 0.4381510416666667 0.6796875 0.045572916666666664 0.028645833333333332
0 0.3818359375 0.7467447916666666 0.031901041666666664 0.032552083333333336
0 0.4791666666666667 0.7545572916666666 0.049479166666666664 0.046875
0 0.75 0.7337239583333334 0.040364583333333336 0.03125
0 0.5625 0.3753255208333333 0.041015625 0.031901041666666664
0 0.4837239583333333 0.6580403645833334 0.051432291666666664 0.032877604166666664
0 0.3098958333333333 0.791015625 0.040690104166666664 0.03515625
0 0.4765625 0.7063802083333334 0.035807291666666664 0.036458333333333336
0 0.3165690104166667 0.728515625 0.025716145833333332 0.02734375
