0 0.2683919270833333 0.09670003255208333 0.0380859375 0.047810872395833336
0 0.2923177083333333 0.17045084635416666 0.046549479166666664 0.038330078125
0 0.2952473958333333 0.12443033854166667 0.032552083333333336 0.041666666666666664
0 0.66845703125 0.18929036458333334 0.043294270833333336 0.030924479166666668
0 0.14827473958333334 0.22021484375 0.0244140625 0.028971354166666668
0 0.10807291666666667 0.20052083333333334 0.024739583333333332 0.022786458333333332
0 0.022974650065104168 0.22509765625 0.026397705078125 0.023763020833333332
0 0.08428955078125 0.25341796875 0.035685221354166664 0.028971354166666668
0 0.7278645833333334 0.5680338541666666 0.026041666666666668 0.024088541666666668
0 0.17622884114583334 0.4114583333333333 0.031005859375 0.020182291666666668
0 0.82421875 0.4098307291666667 0.024739583333333332 0.026692708333333332
0 0.6570638020833334 0.17899576822916666 0.042643229166666664 0.037841796875
0 0.453125 0.1181640625 0.026041666666666668 0.032877604166666664
0 0.0694580078125 0.31494140625 0.028889973958333332 0.029296875
0 0.83203125 0.5198567708333334 0.03515625 0.0234375
0 0.047414143880208336 0.23649088541666666 0.02252197265625 0.029622395833333332
0 0.23844401041666666 0.039164225260416664 0.0234375 0.026082356770833332
0 0.5611979166666666 0.4345703125 0.028645833333333332 0.025390625
0 0.08040364583333333 0.10888671875 0.024251302083333332 0.026692708333333332
0 0.12158203125 0.2942708333333333 0.022786458333333332 0.021809895833333332
