0 0.24544270833333334 0.4752604166666667 0.043294270833333336 0.039713541666666664
0 0.5559895833333334 0.07816569010416667 0.03515625 0.043701171875
0 0.5611979166666666 0.1982421875 0.037760416666666664 0.035481770833333336
0 0.5286458333333334 0.038380940755208336 0.029947916666666668 0.042215983072916664
0 0.8196614583333334 0.3948567708333333 0.032552083333333336 0.028645833333333332
0 0.6028645833333334 0.4381510416666667 0.036458333333333336 0.02734375
0 0.4850260416666667 0.106689453125 0.032552083333333336 0.036783854166666664
0 0.8450520833333334 0.5055338541666666 0.036458333333333336 0.026692708333333332
0 0.2698567708333333 0.07958984375 0.03515625 0.044270833333333336
0 0.6031901041666666 0.5279947916666666 0.034505208333333336 0.02734375
0 0.3045247395833333 0.466796875 0.0361328125 0.037760416666666664
0 0.20149739583333334 0.3001302083333333 0.023763020833333332 0.028971354166666668
0 0.3873697916666667 0.16357421875 0.032552083333333336 0.027018229166666668
