0 0.5657552083333334 0.3326009114583333 0.037760416666666664 0.043131510416666664
0 0.15299479166666666 0.3912760416666667 0.0380859375 0.036458333333333336
0 0.2859700520833333 0.032358805338541664 0.056966145833333336 0.048075358072916664
0 0.2918294270833333 0.126220703125 0.0458984375 0.054850260416666664
0 0.4752604166666667 0.16068522135416666 0.037760416666666664 0.032796223958333336
0 0.2742513020833333 0.27392578125 0.041341145833333336 0.048177083333333336
0 0.5374348958333334 0.3348795572916667 0.033854166666666664 0.041829427083333336
0 0.3997395833333333 0.3365885416666667 0.037760416666666664 0.03515625
0 0.2892252604166667 0.08058675130208333 0.0439453125 0.038045247395833336
0 0.2962239583333333 0.1796875 0.050455729166666664 0.0498046875
0 0.9427083333333334 0.5621744791666666 0.033854166666666664 0.033854166666666664
0 0.9694010416666666 0.3375651041666667 0.0390625 0.037760416666666664
0 0.98828125 0.67724609375 0.020833333333333332 0.033528645833333336
0 0.7252604166666666 0.4251302083333333 0.02734375 0.018880208333333332
0 0.595703125 0.421875 0.02734375 0.025390625
0 0.4420572916666667 0.18017578125 0.027994791666666668 0.0283203125
0 0.8216145833333334 0.5986328125 0.044270833333333336 0.025390625
0 0.896484375 0.3247884114583333 0.0234375 0.022298177083333332
0 0.7936197916666666 0.4931640625 0.024739583333333332 0.027994791666666668
0 0.3616536458333333 0.24007161458333334 0.037760416666666664 0.035807291666666664
0 0.53125 0.2644856770833333 0.025390625 0.018229166666666668
