0 0.043039957682291664 0.7311197916666666 0.052591959635416664 0.06640625
0 0.6907552083333334 0.2490234375 0.041666666666666664 0.053385416666666664
0 0.2506510416666667 0.1470947265625 0.048502604166666664 0.039469401041666664
0 0.6494140625 0.2470703125 0.037109375 0.039713541666666664
0 0.2165407481427648 0.6507855398094315 0.0713597181847545 0.06537417231912146
0 0.3717447916666667 0.27587890625 0.046875 0.043294270833333336
0 0.6796875 0.15071614583333334 0.040364583333333336 0.0390625
0 0.4192708333333333 0.029642740885416668 0.052083333333333336 0.059285481770833336
0 0.23323567708333334 0.20279947916666666 0.032877604166666664 0.037760416666666664
0 0.3678385416666667 0.21598307291666666 0.037109375 0.037434895833333336
0 0.4026692708333333 0.21451822916666666 0.029296875 0.033528645833333336
0 0.4212239583333333 0.404296875 0.037109375 0.031901041666666664
0 0.21663411458333334 0.5107421875 0.047526041666666664 0.048828125
0 0.6451822916666666 0.11979166666666667 0.039713541666666664 0.043619791666666664
0 0.5628255208333334 0.15169270833333334 0.035807291666666664 0.0400390625
0 0.3714192708333333 0.3308919270833333 0.024088541666666668 0.0244140625
0 0.9817708333333334 0.6666666666666666 0.033854166666666664 0.0390625
0 0.7376302083333334 0.2721354166666667 0.032552083333333336 0.02734375
0 0.6497395833333334 0.31591796875 0.028645833333333332 0.025065104166666668
0 0.6744791666666666 0.054931640625 0.029947916666666668 0.048909505208333336
0 0.958984375 0.5231119791666666 0.026041666666666668 0.029947916666666668
0 0.243640988372093 0.5002725290697674 0.04340277777777768 0.043402777777777755
0 0.779296875 0.15633138020833334 0.028645833333333332 0.034016927083333336
0 0.4049479166666667 0.07080078125 0.0390625 0.029296875
0 0.4163411458333333 0.5198567708333334 0.035807291666666664 0.028645833333333332
0 0.9895833333333334 0.5166015625 0.01953125 0.044921875
0 0.6090494791666666 0.1435546875 0.026041666666666668 0.031575520833333336
0 0.2672526041666667 0.5009765625 0.051432291666666664 0.052734375
0 0.7955729166666666 0.2945963541666667 0.03125 0.035481770833333336
0 0.5481770833333334 0.26904296875 0.022786458333333332 0.034830729166666664
0 0.2693684895833333 0.1783447265625 0.026692708333333332 0.028076171875
0 0.4977213541666667 0.020751953125 0.025390625 0.022867838541666668
0 0.763671875 0.0221710205078125 0.018229166666666668 0.030527750651041668
0 0.6037932009043928 0.1616942728520672 0.03571140180878555 0.030152313468992237
0 0.8118489583333334 0.2864583333333333 0.020833333333333332 0.01953125
0 0.30218427002583975 0.3226239502583979 0.03734657622739027 0.027252906976744207
