0 0.2526041666666667 0.12125651041666667 0.037760416666666664 0.037109375
0 0.90625 0.2698567708333333 0.03125 0.028645833333333332
0 0.8528645833333334 0.482421875 0.05078125 0.043619791666666664
0 0.6946614583333334 0.23177083333333334 0.03515625 0.036783854166666664
0 0.7369791666666666 0.10001627604166667 0.029947916666666668 0.029622395833333332
0 0.5442708333333334 0.20735677083333334 0.033203125 0.029947916666666668
0 0.8880208333333334 0.5143229166666666 0.044270833333333336 0.047526041666666664
0 0.18306477864583334 0.291015625 0.047607421875 0.052083333333333336
0 0.931640625 0.023066202799479168 0.03515625 0.035085042317708336
0 0.5852864583333334 0.12003580729166667 0.032552083333333336 0.036295572916666664
0 0.3968098958333333 0.23518880208333334 0.024088541666666668 0.021809895833333332
0 0.9889322916666666 0.5240885416666666 0.018229166666666668 0.048177083333333336
0 0.7513020833333334 0.20556640625 0.03125 0.024088541666666668
0 0.14510091145833334 0.27685546875 0.023274739583333332 0.026692708333333332
0 0.3321940104166667 0.19742838541666666 0.025065104166666668 0.019205729166666668
