0 0.7877604166666666 0.5774739583333334 0.03515625 0.038411458333333336
0 0.016316731770833332 0.4915364583333333 0.032633463541666664 0.034505208333333336
0 0.5986328125 0.3935546875 0.025390625 0.033854166666666664
0 0.6461588541666666 0.6012369791666666 0.046223958333333336 0.041666666666666664
0 0.6311848958333334 0.5126953125 0.037760416666666664 0.032552083333333336
0 0.6598307291666666 0.12744140625 0.039713541666666664 0.027669270833333332
0 0.81640625 0.3850911458333333 0.03515625 0.02734375
0 0.3932291666666667 0.66796875 0.03515625 0.045572916666666664
0 0.4554036458333333 0.6328125 0.037109375 0.036458333333333336
0 0.69140625 0.5992838541666666 0.032552083333333336 0.029947916666666668
0 0.017923990885416668 0.7434895833333334 0.035847981770833336 0.049479166666666664
0 0.06854248046875 0.2833658854166667 0.031209309895833332 0.0302734375
0 0.3971354166666667 0.2919921875 0.033203125 0.032877604166666664
0 0.4583333333333333 0.6697591145833334 0.031901041666666664 0.051106770833333336
0 0.701171875 0.14583333333333334 0.03125 0.03759765625
0 0.024495442708333332 0.25146484375 0.033732096354166664 0.032877604166666664
0 0.6295572916666666 0.18229166666666666 0.0234375 0.0263671875
0 0.5478515625 0.10432942708333333 0.022786458333333332 0.02880859375
0 0.7643229166666666 0.5511067708333334 0.026041666666666668 0.025390625
0 0.06514485677083333 0.3180338541666667 0.027913411458333332 0.023763020833333332
0 0.5943959948320413 0.08491803940568476 0.022206072351421174 0.02220607235142119
