0 0.5836588541666666 0.6927083333333334 0.043619791666666664 0.0546875
0 0.6376953125 0.6861979166666666 0.043619791666666664 0.046875
0 0.7493489583333334 0.018157958984375 0.044270833333333336 0.03631591796875
0 0.6647135416666666 0.9615885416666666 0.046875 0.037760416666666664
0 0.77734375 0.841796875 0.0234375 0.0390625
0 0.6531575520833334 0.9322916666666666 0.0439453125 0.032552083333333336
0 0.5673828125 0.9296875 0.032552083333333336 0.026041666666666668
0 0.513671875 0.9850260416666666 0.040364583333333336 0.02734375
0 0.75390625 0.9127604166666666 0.049479166666666664 0.03515625
0 0.6416015625 0.8932291666666666 0.036458333333333336 0.03125
0 0.759765625 0.9498697916666666 0.044270833333333336 0.049479166666666664
0 0.6985677083333334 0.6681315104166666 0.026041666666666668 0.033528645833333336
0 0.4801432291666667 0.9853515625 0.033203125 0.029296875
0 0.74609375 0.9446614583333334 0.0390625 0.06380208333333333
0 0.6630859375 0.9420572916666666 0.055338541666666664 0.053385416666666664
0 0.8270550710594314 0.5714328972868217 0.03734657622738998 0.024224806201550358
0 0.614078649870801 0.5744609980620154 0.031290374677002575 0.030281007751937983
0 0.5348433462532299 0.37359697997416025 0.028262273901808726 0.030281007751937983
0 0.563610303617571 0.3695595122739019 0.021196705426356655 0.030281007751937983
