0 0.4716796875 0.056376139322916664 0.0625 0.054239908854166664
0 0.6466471354166666 0.12565104166666666 0.049153645833333336 0.03857421875
0 0.2882486979166667 0.6129557291666666 0.040690104166666664 0.03515625
0 0.2726236979166667 0.7799479166666666 0.049153645833333336 0.036458333333333336
0 0.4807942708333333 0.5891927083333334 0.051432291666666664 0.0625
0 0.96484375 0.771484375 0.044270833333333336 0.0390625
0 0.7154947916666666 0.66943359375 0.044270833333333336 0.0439453125
0 0.6725260416666666 0.09147135416666667 0.036458333333333336 0.037109375
0 0.3636067708333333 0.6236979166666666 0.027994791666666668 0.03125
0 0.2848307291666667 0.6510416666666666 0.041666666666666664 0.036458333333333336
0 0.5647786458333334 0.625 0.040364583333333336 0.035807291666666664
0 0.7786458333333334 0.7454427083333334 0.037760416666666664 0.02734375
0 0.5520833333333334 0.57421875 0.038411458333333336 0.03125
0 0.81640625 0.6266276041666666 0.033854166666666664 0.030598958333333332
0 0.20572916666666666 0.7278645833333334 0.028971354166666668 0.022135416666666668
0 0.8509114583333334 0.7786458333333334 0.026041666666666668 0.020833333333333332
0 0.3580729166666667 0.6998697916666666 0.03125 0.033854166666666664
0 0.3360188802083333 0.25 0.034993489583333336 0.025065104166666668
0 0.2561848958333333 0.13199869791666666 0.033203125 0.036295572916666664
0 0.3587239583333333 0.5872395833333334 0.03515625 0.037109375
0 0.8229166666666666 0.7395833333333334 0.029947916666666668 0.028645833333333332
0 0.37109375 0.12312825520833333 0.042317708333333336 0.035807291666666664
0 0.3128255208333333 0.771484375 0.035807291666666664 0.040364583333333336
0 0.010721842447916666 0.759765625 0.021443684895833332 0.04296875
0 0.6785481770833334 0.75390625 0.0439453125 0.045572916666666664
0 0.3385416666666667 0.5660807291666666 0.036458333333333336 0.024739583333333332
0 0.9557291666666666 0.014780680338541666 0.03125 0.029561360677083332
0 0.904296875 0.06315104166666667 0.02734375 0.020833333333333332
0 0.5872395833333334 0.08518473307291667 0.029296875 0.027547200520833332
0 0.837890625 0.125244140625 0.026041666666666668 0.021321614583333332
0 0.6998697916666666 0.07818603515625 0.024739583333333332 0.0350341796875
0 0.7109375 0.6389973958333334 0.032552083333333336 0.027994791666666668
0 0.4928385416666667 0.0260009765625 0.030598958333333332 0.045654296875
0 0.7760416666666666 0.6162109375 0.029947916666666668 0.024739583333333332
0 0.6907552083333334 0.6822916666666666 0.0234375 0.028645833333333332
0 0.03185341216489016 0.7620291303294574 0.01881901546350136 0.034666707041343635
0 0.9739583333333334 0.4361979166666667 0.020833333333333332 0.024088541666666668
0 0.40110222868217055 0.03495437661498708 0.02321543927648584 0.021196705426356585
0 0.7190528100775193 0.15052688953488372 0.02927164082687339 0.024224806201550375
0 0.9466650516795866 0.44829013242894056 0.018168604651162806 0.024224806201550358
