0 0.4527994791666667 0.2705078125 0.037760416666666664 0.050130208333333336
0 0.29052734375 0.033945719401041664 0.059244791666666664 0.056131998697916664
0 0.1669921875 0.5377604166666666 0.045247395833333336 0.046875
0 0.8626302083333334 0.6399739583333334 0.048177083333333336 0.050130208333333336
0 0.9186197916666666 0.6595052083333334 0.046875 0.057291666666666664
0 0.6162109375 0.4231770833333333 0.028645833333333332 0.02734375
0 0.76171875 0.44140625 0.03515625 0.024739583333333332
0 0.11271158854166667 0.22786458333333334 0.020182291666666668 0.022786458333333332
0 0.2967122395833333 0.09122721354166667 0.047526041666666664 0.047526041666666664
0 0.29410933462532296 0.11974119832041345 0.057533914728682266 0.05753391472868217
