0 0.4479166666666667 0.2952473958333333 0.037109375 0.038736979166666664
0 0.6110026041666666 0.103515625 0.0390625 0.036783854166666664
0 0.6402994791666666 0.6223958333333334 0.033854166666666664 0.032552083333333336
0 0.3704427083333333 0.7643229166666666 0.040364583333333336 0.03125
0 0.6730143229166666 0.5924479166666666 0.0419921875 0.033854166666666664
0 0.5699869791666666 0.14729817708333334 0.037760416666666664 0.034016927083333336
0 0.23421223958333334 0.5748697916666666 0.0361328125 0.041015625
0 0.7825520833333334 0.8567708333333334 0.03125 0.029947916666666668
0 0.546875 0.6985677083333334 0.034505208333333336 0.03125
0 0.17313639322916666 0.5755208333333334 0.039143880208333336 0.03515625
0 0.6471354166666666 0.91796875 0.040364583333333336 0.061197916666666664
0 0.966796875 0.35546875 0.048177083333333336 0.044270833333333336
0 0.6083984375 0.919921875 0.043619791666666664 0.057291666666666664
0 0.3753255208333333 0.517578125 0.041015625 0.029947916666666668
0 0.08331298828125 0.9563802083333334 0.037312825520833336 0.04296875
0 0.3681640625 0.21077473958333334 0.031901041666666664 0.029622395833333332
0 0.9833984375 0.093017578125 0.033203125 0.058268229166666664
0 0.4505208333333333 0.08347574869791667 0.035807291666666664 0.0330810546875
0 0.6285807291666666 0.880859375 0.037109375 0.032552083333333336
0 0.5413411458333334 0.517578125 0.030598958333333332 0.024739583333333332
0 0.455078125 0.019775390625 0.037109375 0.03955078125
0 0.6461588541666666 0.10392252604166667 0.032552083333333336 0.03369140625
0 0.70703125 0.2849934895833333 0.03125 0.045247395833333336
0 0.4954427083333333 0.6015625 0.0234375 0.029296875
0 0.2639973958333333 0.7102864583333334 0.023111979166666668 0.026041666666666668
0 0.5611979166666666 0.19742838541666666 0.032552083333333336 0.027994791666666668
0 0.580078125 0.7057291666666666 0.033854166666666664 0.026041666666666668
0 0.10636393229166667 0.91796875 0.034505208333333336 0.03515625
0 0.20084635416666666 0.4788411458333333 0.026041666666666668 0.024088541666666668
0 0.26513671875 0.5123697916666666 0.021158854166666668 0.026041666666666668
0 0.4342447916666667 0.15966796875 0.022786458333333332 0.030598958333333332
0 0.050872802734375 0.9192708333333334 0.02667236328125 0.020833333333333332
0 0.5479146479328166 0.1740262132590439 0.038411458333333336 0.040690104166666664
0 0.3645833333333333 0.5472005208333334 0.028645833333333332 0.0234375
0 0.23681640625 0.841796875 0.025716145833333332 0.0234375
0 0.4222005208333333 0.010327657063802084 0.030598958333333332 0.015925089518229168
