0 0.8548177083333334 0.18424479166666666 0.046875 0.037434895833333336
0 0.8522135416666666 0.049143473307291664 0.046875 0.04803466796875
0 0.16337076822916666 0.275390625 0.041097005208333336 0.040364583333333336
0 0.5205078125 0.3860677083333333 0.037760416666666664 0.034505208333333336
0 0.6549479166666666 0.08064778645833333 0.03515625 0.042317708333333336
0 0.7434895833333334 0.20247395833333334 0.02734375 0.03125
0 0.7272135416666666 0.2789713541666667 0.045572916666666664 0.03515625
0 0.6090494791666666 0.038472493489583336 0.038411458333333336 0.043253580729166664
0 0.9088541666666666 0.11669921875 0.03515625 0.031575520833333336
0 0.4951171875 0.148681640625 0.030598958333333332 0.023763020833333332
0 0.77734375 0.234375 0.028645833333333332 0.0244140625
0 0.279296875 0.31201171875 0.024088541666666668 0.03125
0 0.6178385416666666 0.31689453125 0.030598958333333332 0.0205078125
0 0.9602864583333334 0.07871500651041667 0.032552083333333336 0.022420247395833332
0 0.08992513020833333 0.3181966145833333 0.029459635416666668 0.021809895833333332
0 0.7923177083333334 0.3353678385416667 0.032552083333333336 0.036946614583333336
0 0.5963541666666666 0.06404622395833333 0.029947916666666668 0.025227864583333332
