0 0.6404622395833334 0.056894938151041664 0.0537109375 0.05108642578125
0 0.4212239583333333 0.02850341796875 0.054036458333333336 0.0570068359375
0 0.021199544270833332 0.3038736979166667 0.042399088541666664 0.0478515625
0 0.4254557291666667 0.07236735026041667 0.053385416666666664 0.046671549479166664
0 0.2762044270833333 0.8567708333333334 0.0400390625 0.052083333333333336
0 0.703125 0.3285319010416667 0.0390625 0.044759114583333336
0 0.638671875 0.3329264322916667 0.048177083333333336 0.053548177083333336
0 0.4348958333333333 0.4671223958333333 0.037109375 0.033854166666666664
0 0.66015625 0.8411458333333334 0.046875 0.041666666666666664
0 0.7408854166666666 0.0157470703125 0.033854166666666664 0.031494140625
0 0.5149739583333334 0.05712890625 0.03125 0.042154947916666664
0 0.6966145833333334 0.2830403645833333 0.048177083333333336 0.044596354166666664
0 0.23014322916666666 0.853515625 0.037760416666666664 0.04296875
0 0.3831380208333333 0.02294921875 0.037760416666666664 0.0458984375
0 0.3649088541666667 0.7102864583333334 0.041015625 0.036458333333333336
0 0.6764322916666666 0.888671875 0.045572916666666664 0.04296875
0 0.5530598958333334 0.7317708333333334 0.033854166666666664 0.033854166666666664
0 0.6432291666666666 0.17679850260416666 0.044270833333333336 0.037679036458333336
0 0.020833333333333332 0.3639322916666667 0.041666666666666664 0.046875
0 0.5048828125 0.5755208333333334 0.039713541666666664 0.025390625
0 0.2599283854166667 0.8229166666666666 0.037434895833333336 0.04296875
0 0.7024739583333334 0.028600056966145832 0.036458333333333336 0.041351318359375
0 0.71875 0.56640625 0.028645833333333332 0.026692708333333332
0 0.026774088541666668 0.12638346354166666 0.037760416666666664 0.039388020833333336
0 0.69140625 0.3821614583333333 0.032552083333333336 0.031901041666666664
0 0.037384033203125 0.39453125 0.047627766927083336 0.044270833333333336
0 0.09462483723958333 0.29345703125 0.036661783854166664 0.029296875
0 0.2815755208333333 0.4775390625 0.031575520833333336 0.027994791666666668
0 0.037511189778645836 0.2548828125 0.038828531901041664 0.02734375
0 0.6129557291666666 0.4547526041666667 0.030598958333333332 0.029947916666666668
0 0.5983072916666666 0.3133138020833333 0.036458333333333336 0.024739583333333332
0 0.6730143229166666 0.036956787109375 0.032877604166666664 0.03936767578125
0 0.8268229166666666 0.458984375 0.03125 0.024739583333333332
0 0.5517578125 0.3587239583333333 0.033203125 0.026041666666666668
0 0.08707682291666667 0.48046875 0.0244140625 0.028645833333333332
0 0.6712239583333334 0.4072265625 0.0234375 0.024088541666666668
0 0.7278645833333334 0.4912109375 0.0234375 0.02734375
0 0.06502278645833333 0.23470052083333334 0.027994791666666668 0.02734375
0 0.5465494791666666 0.3333333333333333 0.029296875 0.026041666666666668
0 0.3958333333333333 0.09466552734375 0.024739583333333332 0.032511393229166664
0 0.5439276485788113 0.43718709625323 0.014131136950904436 0.018168604651162806
0 0.6362847222222222 0.49774911175710596 0.02321543927648584 0.026243540051679542
0 0.7129966085271318 0.6254340277777778 0.033309108527131905 0.025234173126615023
0 0.8416908914728682 0.6269480781653747 0.024224806201550503 0.022206072351421174
0 0.829578488372093 0.560329861111111 0.02422480620155021 0.01614987080103362
