0 0.1435546875 0.5986328125 0.042154947916666664 0.047526041666666664
0 0.4951171875 0.7024739583333334 0.03125 0.045572916666666664
0 0.3199055989583333 0.5930989583333334 0.041178385416666664 0.027994791666666668
0 0.533203125 0.70703125 0.029947916666666668 0.036458333333333336
0 0.67041015625 0.4182942708333333 0.031575520833333336 0.046875
0 0.6953125 0.08555094401041667 0.033854166666666664 0.0386962890625
0 0.5240885416666666 0.810546875 0.03125 0.040364583333333336
0 0.021723429361979168 0.13859049479166666 0.025970458984375 0.027506510416666668
0 0.23111979166666666 0.5289713541666666 0.0498046875 0.03125
0 0.5462239583333334 0.26904296875 0.027994791666666668 0.027994791666666668
0 0.69921875 0.15214029947916666 0.032552083333333336 0.030029296875
0 0.057291666666666664 0.5830078125 0.045491536458333336 0.028645833333333332
0 0.5983072916666666 0.12003580729166667 0.026692708333333332 0.040690104166666664
0 0.5517578125 0.7076822916666666 0.030598958333333332 0.033854166666666664
0 0.6940104166666666 0.4440104166666667 0.029947916666666668 0.032552083333333336
0 0.5494791666666666 0.8776041666666666 0.0234375 0.026041666666666668
0 0.08272298177083333 0.2080078125 0.023356119791666668 0.029622395833333332
0 0.744140625 0.5784505208333334 0.028645833333333332 0.024739583333333332
0 0.6901041666666666 0.043701171875 0.018229166666666668 0.024088541666666668
0 0.24767845607235142 0.34735343992248063 0.021196705426356655 0.02018733850129199
0 0.21386466408268734 0.23834181201550386 0.02018733850129199 0.02018733850129199
0 0.2032663113695091 0.09703044250645994 0.02927164082687339 0.02826227390180878
0 0.8775234173126614 0.42810279392764855 0.027252906976744207 0.026243540051679542
