0 0.13069661458333334 0.3932291666666667 0.035970052083333336 0.040364583333333336
0 0.904296875 0.5595703125 0.045572916666666664 0.04296875
0 0.775390625 0.3451334635416667 0.040364583333333336 0.04736328125
0 0.3365885416666667 0.019124348958333332 0.037760416666666664 0.037841796875
0 0.9127604166666666 0.6790364583333334 0.040364583333333336 0.032552083333333336
0 0.80859375 0.630859375 0.032552083333333336 0.03515625
0 0.9869791666666666 0.58203125 0.024739583333333332 0.04296875
0 0.88671875 0.662109375 0.040364583333333336 0.03515625
0 0.759765625 0.020792643229166668 0.053385416666666664 0.041585286458333336
0 0.8717447916666666 0.4283854166666667 0.033854166666666664 0.032552083333333336
0 0.8880208333333334 0.125 0.03515625 0.037434895833333336
0 0.24397786458333334 0.220703125 0.027994791666666668 0.025390625
0 0.873046875 0.7044270833333334 0.032552083333333336 0.037760416666666664
0 0.4296875 0.058878580729166664 0.027994791666666668 0.03271484375
0 0.9563802083333334 0.4938151041666667 0.024739583333333332 0.024739583333333332
0 0.4309895833333333 0.359375 0.029296875 0.024088541666666668
0 0.6276041666666666 0.21110026041666666 0.026041666666666668 0.0234375
0 0.845703125 0.2771809895833333 0.03125 0.02734375
0 0.8671875 0.16666666666666666 0.033854166666666664 0.031575520833333336
0 0.5989583333333334 0.2744140625 0.024088541666666668 0.02734375
0 0.8958333333333334 0.6341145833333334 0.028645833333333332 0.026692708333333332
0 0.093017578125 0.07430013020833333 0.031412760416666664 0.027180989583333332
0 0.6744791666666666 0.142822265625 0.02734375 0.0283203125
0 0.09025065104166667 0.10408528645833333 0.034830729166666664 0.03173828125
0 0.9283854166666666 0.4869791666666667 0.024739583333333332 0.024739583333333332
0 0.828125 0.22721354166666666 0.022135416666666668 0.0224609375
0 0.154052734375 0.1708984375 0.022298177083333332 0.024088541666666668
0 0.3146158854166667 0.013427734375 0.035807291666666664 0.02685546875
0 0.8971354166666666 0.4443359375 0.026041666666666668 0.022135416666666668
0 0.6302083333333334 0.07281494140625 0.021484375 0.027058919270833332
0 0.7486979166666666 0.0130615234375 0.052083333333333336 0.026123046875
0 0.7526041666666666 0.66552734375 0.03515625 0.029622395833333332
0 0.6751302083333334 0.6647135416666666 0.028645833333333332 0.02734375
0 0.369811854005168 0.3847000161498708 0.01917797157622747 0.022206072351421174
