0 0.265625 0.5159505208333334 0.050455729166666664 0.048828125
0 0.6902669270833334 0.12638346354166666 0.06998697916666667 0.048177083333333336
0 0.6383463541666666 0.23860677083333334 0.053385416666666664 0.040690104166666664
0 0.6474609375 0.13720703125 0.052734375 0.05615234375
0 0.28271484375 0.056640625 0.036783854166666664 0.032552083333333336
0 0.6808268229166666 0.18180338541666666 0.044596354166666664 0.043294270833333336
0 0.19840494791666666 0.845703125 0.051106770833333336 0.05078125
0 0.21370442708333334 0.8893229166666666 0.0478515625 0.059895833333333336
0 0.26953125 0.6204427083333334 0.052408854166666664 0.05078125
0 0.6643880208333334 0.3551432291666667 0.044921875 0.041015625
0 0.5579427083333334 0.3642578125 0.033203125 0.035807291666666664
0 0.6985677083333334 0.3365885416666667 0.049479166666666664 0.048177083333333336
0 0.6442057291666666 0.271484375 0.03515625 0.041666666666666664
0 0.6451822916666666 0.51171875 0.040364583333333336 0.030598958333333332
0 0.3094075520833333 0.5172526041666666 0.055013020833333336 0.052734375
0 0.6764322916666666 0.4039713541666667 0.033854166666666664 0.031901041666666664
0 0.6927083333333334 0.2600911458333333 0.03125 0.032552083333333336
0 0.24235026041666666 0.6443684895833334 0.038411458333333336 0.0458984375
0 0.5846354166666666 0.5748697916666666 0.037109375 0.033203125
0 0.24934895833333334 0.041666666666666664 0.041015625 0.036214192708333336
0 0.2644856770833333 0.16300455729166666 0.029947916666666668 0.030110677083333332
0 0.3492838541666667 0.7298177083333334 0.028645833333333332 0.03125
0 0.5647786458333334 0.5481770833333334 0.034505208333333336 0.033203125
0 0.4488932291666667 0.3499348958333333 0.027994791666666668 0.032552083333333336
0 0.4156901041666667 0.3199869791666667 0.031901041666666664 0.041666666666666664
0 0.3221842447916667 0.76953125 0.026204427083333332 0.02734375
0 0.7428385416666666 0.0325164794921875 0.03125 0.036855061848958336
0 0.8111979166666666 0.5563151041666666 0.026041666666666668 0.026041666666666668
0 0.720703125 0.345703125 0.049479166666666664 0.052734375
0 0.19538820251937983 0.9829013242894057 0.03370276162790701 0.03159318475452203
