0 0.025014241536458332 0.8561197916666666 0.046976725260416664 0.057291666666666664
0 0.6168619791666666 0.4765625 0.0390625 0.039713541666666664
0 0.023234049479166668 0.8001302083333334 0.046468098958333336 0.0546875
0 0.4482421875 0.8255208333333334 0.041015625 0.0390625
0 0.7766927083333334 0.720703125 0.044270833333333336 0.033854166666666664
0 0.7682291666666666 0.759765625 0.049479166666666664 0.040364583333333336
0 0.5631510416666666 0.7317708333333334 0.037760416666666664 0.03515625
0 0.4860026041666667 0.751953125 0.035807291666666664 0.041666666666666664
0 0.640625 0.697265625 0.033203125 0.029947916666666668
0 0.6437174479166666 0.75 0.0537109375 0.026041666666666668
0 0.6217447916666666 0.2903645833333333 0.036458333333333336 0.03515625
0 0.6240234375 0.5221354166666666 0.030598958333333332 0.03515625
0 0.7584635416666666 0.6609700520833334 0.046875 0.0400390625
0 0.4947916666666667 0.7994791666666666 0.031901041666666664 0.033854166666666664
0 0.7428385416666666 0.7506510416666666 0.037760416666666664 0.048177083333333336
0 0.806640625 0.3463541666666667 0.022135416666666668 0.033854166666666664
0 0.849765826873385 0.29789446059431524 0.024224806201550503 0.026243540051679615
