0 0.5361328125 0.5022786458333334 0.047526041666666664 0.047526041666666664
0 0.3603515625 0.16975911458333334 0.025390625 0.03125
0 0.509765625 0.6051432291666666 0.048177083333333336 0.052734375
0 0.2516276041666667 0.1875 0.034505208333333336 0.030598958333333332
0 0.958984375 0.06951904296875 0.05078125 0.047810872395833336
0 0.4775390625 0.51171875 0.057291666666666664 0.043619791666666664
0 0.128662109375 0.017206827799479168 0.029622395833333332 0.031504313151041664
0 0.3196614583333333 0.1630859375 0.027994791666666668 0.029947916666666668
0 0.21809895833333334 0.11848958333333333 0.042643229166666664 0.038248697916666664
0 0.3639322916666667 0.4361979166666667 0.025390625 0.027994791666666668
0 0.0124053955078125 0.521484375 0.022308349609375 0.033854166666666664
0 0.5065104166666666 0.4964192708333333 0.027994791666666668 0.032552083333333336
0 0.3626302083333333 0.3984375 0.031901041666666664 0.029947916666666668
0 0.27734375 0.2835286458333333 0.029622395833333332 0.037760416666666664
0 0.3619791666666667 0.24235026041666666 0.027994791666666668 0.0283203125
0 0.07743326822916667 0.5319010416666666 0.031331380208333336 0.039713541666666664
0 0.291015625 0.123779296875 0.047526041666666664 0.029134114583333332
0 0.2578125 0.3567708333333333 0.030598958333333332 0.01953125
0 0.114501953125 0.4703776041666667 0.032389322916666664 0.029947916666666668
0 0.7513020833333334 0.3280436197916667 0.029947916666666668 0.025553385416666668
0 0.4996744791666667 0.3492838541666667 0.024739583333333332 0.018229166666666668
0 0.921875 0.4085286458333333 0.0234375 0.042317708333333336
0 0.3014322916666667 0.3103841145833333 0.023763020833333332 0.027669270833333332
0 0.9524739583333334 0.14811197916666666 0.049479166666666664 0.0400390625
0 0.07932535807291667 0.094970703125 0.041219075520833336 0.035807291666666664
0 0.11971028645833333 0.4541015625 0.040201822916666664 0.037109375
0 0.009969075520833334 0.2657877604166667 0.019938151041666668 0.030924479166666668
0 0.09163411458333333 0.027043660481770832 0.0185546875 0.023061116536458332
