0 0.2517903645833333 0.2711588541666667 0.041666666666666664 0.042317708333333336
0 0.6080729166666666 0.21044921875 0.044921875 0.041341145833333336
0 0.748046875 0.0736083984375 0.046875 0.041585286458333336
0 0.21223958333333334 0.0947265625 0.029947916666666668 0.036783854166666664
0 0.5110677083333334 0.10481770833333333 0.032552083333333336 0.03125
0 0.16064453125 0.4404296875 0.038411458333333336 0.030598958333333332
0 0.939453125 0.6788736979166666 0.03515625 0.040690104166666664
0 0.9752604166666666 0.321533203125 0.032552083333333336 0.034016927083333336
0 0.19661458333333334 0.5208333333333334 0.036458333333333336 0.0390625
0 0.4326171875 0.3037109375 0.034505208333333336 0.025390625
0 0.4375 0.3289388020833333 0.032552083333333336 0.031575520833333336
0 0.6015625 0.3395182291666667 0.029947916666666668 0.025390625
0 0.501953125 0.3733723958333333 0.032552083333333336 0.034505208333333336
0 0.87890625 0.5963541666666666 0.028645833333333332 0.028645833333333332
0 0.43359375 0.4765625 0.029947916666666668 0.032552083333333336
0 0.037343343098958336 0.07373046875 0.03338623046875 0.042317708333333336
0 0.035222371419270836 0.357421875 0.032094319661458336 0.022135416666666668
0 0.462890625 0.24446614583333334 0.03515625 0.037434895833333336
0 0.4554036458333333 0.2560221354166667 0.030598958333333332 0.033203125
0 0.2835286458333333 0.18684895833333334 0.025716145833333332 0.038736979166666664
0 0.10123697916666667 0.043446858723958336 0.029459635416666668 0.02362060546875
0 0.66064453125 0.3772786458333333 0.028971354166666668 0.021484375
0 0.4501953125 0.486328125 0.028645833333333332 0.03125
0 0.5361328125 0.322021484375 0.022135416666666668 0.022623697916666668
0 0.9544270833333334 0.5732421875 0.036458333333333336 0.020833333333333332
0 0.3935546875 0.23844401041666666 0.022135416666666668 0.01953125
0 0.9219355620155039 0.28325864018087854 0.025234173126615172 0.023215439276485766
