0 0.8359375 0.6609700520833334 0.048177083333333336 0.0400390625
0 0.7819010416666666 0.427734375 0.033854166666666664 0.03125
0 0.7662760416666666 0.20784505208333334 0.03515625 0.037760416666666664
0 0.16650390625 0.16878255208333334 0.037434895833333336 0.027994791666666668
0 0.038777669270833336 0.06368001302083333 0.041748046875 0.025797526041666668
0 0.9388020833333334 0.0618896484375 0.04296875 0.0322265625
0 0.8684895833333334 0.5325520833333334 0.029947916666666668 0.03515625
0 0.955078125 0.09271240234375 0.033854166666666664 0.0323486328125
0 0.4606119791666667 0.509765625 0.037760416666666664 0.036458333333333336
0 0.5100911458333334 0.443359375 0.037760416666666664 0.029947916666666668
0 0.9602864583333334 0.6220703125 0.04296875 0.051432291666666664
