0 0.6853841145833334 0.3240559895833333 0.058919270833333336 0.0693359375
0 0.049886067708333336 0.6827799479166666 0.039713541666666664 0.0419921875
0 0.23697916666666666 0.15861002604166666 0.040364583333333336 0.037272135416666664
0 0.17850748697916666 0.17915852864583334 0.052490234375 0.052164713541666664
0 0.4215494791666667 0.6451822916666666 0.036458333333333336 0.044270833333333336
0 0.5029296875 0.6790364583333334 0.041666666666666664 0.040364583333333336
0 0.595703125 0.01824951171875 0.035807291666666664 0.0364990234375
0 0.5442708333333334 0.5836588541666666 0.041015625 0.04296875
0 0.2976888020833333 0.8938802083333334 0.030924479166666668 0.0390625
0 0.6305338541666666 0.7552083333333334 0.040364583333333336 0.033854166666666664
0 0.19075520833333334 0.8990885416666666 0.047200520833333336 0.032552083333333336
0 0.2568359375 0.939453125 0.042643229166666664 0.055989583333333336
0 0.18294270833333334 0.4192708333333333 0.029296875 0.029947916666666668
0 0.18115234375 0.12410481770833333 0.033203125 0.035319010416666664
0 0.7936197916666666 0.724609375 0.037760416666666664 0.041666666666666664
0 0.4869791666666667 0.6432291666666666 0.025390625 0.028645833333333332
0 0.3045247395833333 0.3645833333333333 0.025065104166666668 0.036458333333333336
0 0.2568359375 0.4554036458333333 0.027669270833333332 0.020182291666666668
0 0.3191731770833333 0.2998046875 0.024088541666666668 0.029622395833333332
0 0.2517903645833333 0.9850260416666666 0.042643229166666664 0.029947916666666668
0 0.4078776041666667 0.4778645833333333 0.034505208333333336 0.021484375
0 0.28662109375 0.3863932291666667 0.026041666666666668 0.026692708333333332
0 0.2373046875 0.9290364583333334 0.0341796875 0.033854166666666664
0 0.2604166666666667 0.3977864583333333 0.033203125 0.026041666666666668
0 0.6285807291666666 0.337158203125 0.024739583333333332 0.025553385416666668
0 0.12174479166666667 0.5205078125 0.041829427083333336 0.027994791666666668
0 0.8074919871794871 0.6079727564102564 0.02504006410256417 0.024038461538461526
0 0.682792467948718 0.21284054487179485 0.0380608974358975 0.033052884615384616
