0 0.6940104166666666 0.319091796875 0.045572916666666664 0.05517578125
0 0.4303385416666667 0.037556966145833336 0.055989583333333336 0.04443359375
0 0.703125 0.6171875 0.052083333333333336 0.03515625
0 0.6318359375 0.2736002604166667 0.053385416666666664 0.054036458333333336
0 0.4645182291666667 0.12239583333333333 0.046223958333333336 0.061848958333333336
0 0.21142578125 0.978515625 0.042317708333333336 0.04296875
0 0.6915690104166666 0.18001302083333334 0.056966145833333336 0.0693359375
0 0.6490885416666666 0.17513020833333334 0.053385416666666664 0.07421875
0 0.24560546875 0.8919270833333334 0.043294270833333336 0.037760416666666664
0 0.2683919270833333 0.5569661458333334 0.052734375 0.046223958333333336
0 0.1878662109375 0.9303385416666666 0.054606119791666664 0.05078125
0 0.4104817708333333 0.603515625 0.036458333333333336 0.034505208333333336
0 0.5556640625 0.3121744791666667 0.037760416666666664 0.0419921875
0 0.27197265625 0.9505208333333334 0.043294270833333336 0.03515625
0 0.6946614583333334 0.4388020833333333 0.02734375 0.03515625
0 0.6940104166666666 0.3776041666666667 0.045572916666666664 0.055338541666666664
0 0.4251302083333333 0.11848958333333333 0.054036458333333336 0.049479166666666664
0 0.5904947916666666 0.12548828125 0.041015625 0.0400390625
0 0.6712239583333334 0.646484375 0.059895833333333336 0.057291666666666664
0 0.3984375 0.0433349609375 0.031901041666666664 0.051106770833333336
0 0.6455078125 0.4352213541666667 0.050130208333333336 0.041666666666666664
0 0.8795572916666666 0.791015625 0.0390625 0.032552083333333336
0 0.572265625 0.68359375 0.043619791666666664 0.048177083333333336
0 0.2936197916666667 0.6393229166666666 0.042643229166666664 0.044270833333333336
0 0.6451822916666666 0.3231608072916667 0.03515625 0.052897135416666664
0 0.6399739583333334 0.5120442708333334 0.032552083333333336 0.03515625
0 0.3899739583333333 0.751953125 0.033854166666666664 0.03515625
0 0.826171875 0.5647786458333334 0.044270833333333336 0.027994791666666668
0 0.85546875 0.986328125 0.0234375 0.024739583333333332
0 0.7122395833333334 0.8912760416666666 0.044270833333333336 0.037760416666666664
0 0.2687174479166667 0.6005859375 0.0439453125 0.036458333333333336
0 0.5546875 0.41015625 0.04296875 0.039713541666666664
0 0.3645833333333333 0.8131510416666666 0.026692708333333332 0.024739583333333332
0 0.6097005208333334 0.4095052083333333 0.032552083333333336 0.026041666666666668
0 0.6285807291666666 0.04132080078125 0.034505208333333336 0.034383138020833336
0 0.552734375 0.5615234375 0.040364583333333336 0.033203125
0 0.27169886547157623 0.6331985828488372 0.04905018572351416 0.044800750968992276
0 0.982421875 0.9427083333333334 0.02734375 0.03125
0 0.9870397286821704 0.9141129683462532 0.022206072351421174 0.027252906976744207
