0 0.3063151041666667 0.248046875 0.045572916666666664 0.039388020833333336
0 0.2931315104166667 0.2119140625 0.0380859375 0.034505208333333336
0 0.5458984375 0.6184895833333334 0.03125 0.028645833333333332
0 0.5966796875 0.4000651041666667 0.027994791666666668 0.034505208333333336
0 0.67578125 0.560546875 0.02734375 0.029296875
0 0.5302734375 0.0160064697265625 0.03515625 0.028208414713541668
0 0.908203125 0.5553385416666666 0.029947916666666668 0.029296875
0 0.4479166666666667 0.4345703125 0.026041666666666668 0.033854166666666664
0 0.3108723958333333 0.12980143229166666 0.023111979166666668 0.044759114583333336
0 0.8001302083333334 0.5345052083333334 0.0234375 0.01953125
0 0.6692708333333334 0.046681722005208336 0.018229166666666668 0.02642822265625
0 0.4296875 0.1611328125 0.024088541666666668 0.021158854166666668
0 0.5479651162790697 0.3801578649870801 0.02220607235142132 0.02523417312661495
0 0.4520752583979328 0.36350331072351416 0.022206072351421174 0.014131136950904363
0 0.7791101421188631 0.4094295058139535 0.024224806201550503 0.023215439276485766
0 0.4853843669250646 0.22572472545219638 0.024224806201550358 0.02119670542635658
