0 0.400390625 0.2911783854166667 0.041015625 0.034830729166666664
0 0.4244791666666667 0.4156901041666667 0.03515625 0.043619791666666664
0 0.5608723958333334 0.3665364583333333 0.051432291666666664 0.044270833333333336
0 0.3671875 0.3074544270833333 0.039713541666666664 0.044270833333333336
0 0.6629231770833334 0.4850260416666667 0.0400390625 0.041015625
0 0.9622395833333334 0.650390625 0.041666666666666664 0.032552083333333336
0 0.4742838541666667 0.16243489583333334 0.033854166666666664 0.026692708333333332
0 0.035542805989583336 0.375 0.0269775390625 0.024088541666666668
0 0.3932291666666667 0.400390625 0.026041666666666668 0.03125
0 0.3561197916666667 0.4596354166666667 0.027994791666666668 0.037760416666666664
0 0.127685546875 0.419921875 0.03271484375 0.034505208333333336
0 0.12765053445978683 0.18746088703165373 0.023041954336240345 0.03312489906330748
0 0.023417154947916668 0.4140625 0.025227864583333332 0.024088541666666668
0 0.12955729166666666 0.4713541666666667 0.02783203125 0.0234375
0 0.8990885416666666 0.7819010416666666 0.0234375 0.040364583333333336
0 0.0751953125 0.4225260416666667 0.022135416666666668 0.020833333333333332
0 0.2513020833333333 0.5442708333333334 0.034505208333333336 0.026692708333333332
0 0.3098958333333333 0.12272135416666667 0.0302734375 0.024088541666666668
0 0.552734375 0.25830078125 0.029296875 0.028645833333333332
0 0.98828125 0.6409505208333334 0.022135416666666668 0.03515625
0 0.7610677083333334 0.7278645833333334 0.026041666666666668 0.022135416666666668
0 0.6560872395833334 0.5859375 0.0263671875 0.024088541666666668
0 0.23102390180878554 0.03646842700258398 0.022206072351421174 0.022206072351421188
0 0.7190528100775193 0.5805171996124031 0.025234173126615023 0.022206072351421174
0 0.7452963501291988 0.5537689760981912 0.01917797157622732 0.017159237726098137
0 0.797783430232558 0.6138263081395349 0.023215439276485544 0.022206072351421247
