0 0.9186197916666666 0.322265625 0.044270833333333336 0.033854166666666664
0 0.7975260416666666 0.5432942708333334 0.044270833333333336 0.049479166666666664
0 0.7662760416666666 0.2722981770833333 0.033854166666666664 0.037434895833333336
0 0.9127604166666666 0.5869140625 0.044270833333333336 0.040364583333333336
0 0.716796875 0.5478515625 0.037760416666666664 0.033203125
0 0.8040364583333334 0.16796875 0.037760416666666664 0.033528645833333336
0 0.6901041666666666 0.157470703125 0.041666666666666664 0.028483072916666668
0 0.7389322916666666 0.18180338541666666 0.029947916666666668 0.025065104166666668
0 0.8556807170542635 0.151519854247416 0.028544896640826895 0.030313812177002575
0 0.630859375 0.2740885416666667 0.024088541666666668 0.024739583333333332
0 0.7188786942829456 0.18260961724806202 0.027601138565891414 0.026677567829457367
0 0.6686197916666666 0.2109375 0.041666666666666664 0.040690104166666664
0 0.8873697916666666 0.011393229166666666 0.024739583333333332 0.022786458333333332
0 0.634765625 0.23209635416666666 0.031901041666666664 0.028645833333333332
0 0.791015625 0.23372395833333334 0.020833333333333332 0.0185546875
