0 0.6998697916666666 0.5458984375 0.037760416666666664 0.036458333333333336
0 0.7760416666666666 0.3460286458333333 0.0390625 0.032552083333333336
0 0.20279947916666666 0.14469401041666666 0.036458333333333336 0.034505208333333336
0 0.20133463541666666 0.112548828125 0.039713541666666664 0.028971354166666668
0 0.9498697916666666 0.3292643229166667 0.02734375 0.0244140625
0 0.4537760416666667 0.5185546875 0.029947916666666668 0.033203125
0 0.970703125 0.19091796875 0.029947916666666668 0.027994791666666668
0 0.3330891927083333 0.5266927083333334 0.033040364583333336 0.026041666666666668
0 0.548828125 0.13151041666666666 0.031901041666666664 0.042643229166666664
0 0.3824869791666667 0.1641845703125 0.022786458333333332 0.029378255208333332
0 0.048227945963541664 0.4388020833333333 0.036356608072916664 0.03125
0 0.3286946614583333 0.09132893880208333 0.027506510416666668 0.0211181640625
0 0.7200520833333334 0.20914713541666666 0.026041666666666668 0.03125
0 0.4534505208333333 0.3356119791666667 0.024739583333333332 0.028645833333333332
0 0.4283854166666667 0.357421875 0.028645833333333332 0.020833333333333332
0 0.6756184895833334 0.4205729166666667 0.0185546875 0.034505208333333336
0 0.7272135416666666 0.3453776041666667 0.022135416666666668 0.022135416666666668
0 0.673828125 0.4427083333333333 0.0234375 0.024739583333333332
0 0.5520833333333334 0.17236328125 0.01953125 0.037760416666666664
0 0.06998697916666667 0.21923828125 0.02587890625 0.018880208333333332
0 0.4248046875 0.0202484130859375 0.033203125 0.032501220703125
0 0.5764973958333334 0.2705078125 0.017578125 0.027994791666666668
