0 0.6409505208333334 0.041900634765625 0.045572916666666664 0.045430501302083336
0 0.24837239583333334 0.3082682291666667 0.0400390625 0.036783854166666664
0 0.4332682291666667 0.019205729166666668 0.039713541666666664 0.038411458333333336
0 0.2921549479166667 0.3221028645833333 0.0390625 0.0556640625
0 0.6881510416666666 0.08056640625 0.037760416666666664 0.031412760416666664
0 0.107177734375 0.369140625 0.041666666666666664 0.02734375
0 0.8190104166666666 0.59375 0.0390625 0.039713541666666664
0 0.3981119791666667 0.22314453125 0.037109375 0.027018229166666668
0 0.7981770833333334 0.2888997395833333 0.028645833333333332 0.0302734375
0 0.5065104166666666 0.2724609375 0.024088541666666668 0.029296875
0 0.7766927083333334 0.4072265625 0.02734375 0.024739583333333332
0 0.6759440104166666 0.049367268880208336 0.029622395833333332 0.026753743489583332
0 0.71484375 0.4098307291666667 0.022135416666666668 0.020833333333333332
0 0.08656819661458333 0.16080729166666666 0.027547200520833332 0.0263671875
0 0.7669270833333334 0.2705078125 0.024739583333333332 0.027994791666666668
0 0.30773578811369506 0.015776405038759687 0.018168604651162656 0.02119670542635659
