0 0.3058268229166667 0.6012369791666666 0.044270833333333336 0.038411458333333336
0 0.4723307291666667 0.047271728515625 0.059895833333333336 0.06024169921875
0 0.4270833333333333 0.201171875 0.046875 0.046223958333333336
0 0.833984375 0.5533854166666666 0.0390625 0.034505208333333336
0 0.01898193359375 0.2862955729166667 0.0379638671875 0.035481770833333336
0 0.4622395833333333 0.098876953125 0.054036458333333336 0.056477864583333336
0 0.7239583333333334 0.331298828125 0.03515625 0.033365885416666664
0 0.9095052083333334 0.10335286458333333 0.036458333333333336 0.042643229166666664
0 0.64453125 0.30810546875 0.053385416666666664 0.035807291666666664
0 0.2566731770833333 0.6555989583333334 0.040364583333333336 0.040364583333333336
0 0.2659505208333333 0.40625 0.049153645833333336 0.040364583333333336
0 0.7083333333333334 0.14860026041666666 0.036458333333333336 0.049153645833333336
0 0.8828125 0.079345703125 0.03125 0.038736979166666664
0 0.5026041666666666 0.014119466145833334 0.036458333333333336 0.028238932291666668
0 0.18375651041666666 0.339599609375 0.032552083333333336 0.02783203125
0 0.248046875 0.5989583333333334 0.034830729166666664 0.029296875
0 0.9518229166666666 0.08896891276041667 0.03125 0.0245361328125
0 0.685546875 0.10896809895833333 0.04296875 0.061848958333333336
0 0.2854924953569122 0.4838034459786822 0.02631798086240315 0.023853863856589125
0 0.6171875 0.0213470458984375 0.035807291666666664 0.037221272786458336
0 0.6901041666666666 0.16682942708333334 0.03515625 0.037760416666666664
0 0.3360188802083333 0.2936197916666667 0.033040364583333336 0.041341145833333336
0 0.6526692708333334 0.06494140625 0.02734375 0.027180989583333332
0 0.6881510416666666 0.012064615885416666 0.05859375 0.021728515625
0 0.035105387369791664 0.6204427083333334 0.03314208984375 0.024739583333333332
0 0.2972005208333333 0.4114583333333333 0.0283203125 0.030598958333333332
0 0.9765625 0.014078776041666666 0.02734375 0.028157552083333332
0 0.5625 0.061726888020833336 0.027994791666666668 0.027506510416666668
0 0.24283854166666666 0.4811197916666667 0.041341145833333336 0.020833333333333332
0 0.46147120276162795 0.009654594638242893 0.03369519137596896 0.019309189276485787
0 0.011149088541666666 0.3723958333333333 0.022298177083333332 0.021484375
0 0.026163736979166668 0.5139973958333334 0.0220947265625 0.020833333333333332
0 0.30117490310077516 0.4775617732558139 0.025234173126615023 0.0282622739018088
