0 0.6848958333333334 0.3678385416666667 0.033854166666666664 0.03515625
0 0.6412760416666666 0.3688151041666667 0.030598958333333332 0.02734375
0 0.4280598958333333 0.4947916666666667 0.040364583333333336 0.03125
0 0.5364583333333334 0.4026692708333333 0.052734375 0.024739583333333332
0 0.63671875 0.17923990885416666 0.042317708333333336 0.043212890625
0 0.6048177083333334 0.3743489583333333 0.035807291666666664 0.0390625
0 0.6822916666666666 0.3260904947916667 0.028645833333333332 0.02490234375
0 0.609375 0.1923828125 0.04296875 0.043294270833333336
0 0.019388834635416668 0.478515625 0.038777669270833336 0.045572916666666664
0 0.7669270833333334 0.3359375 0.0390625 0.04296875
0 0.45703125 0.4661458333333333 0.046875 0.051432291666666664
0 0.7727864583333334 0.3108723958333333 0.04296875 0.033203125
0 0.5537109375 0.3772786458333333 0.025390625 0.024088541666666668
0 0.7395833333333334 0.339599609375 0.028645833333333332 0.033040364583333336
0 0.8111979166666666 0.06473795572916667 0.026041666666666668 0.025634765625
0 0.9147135416666666 0.4186197916666667 0.0234375 0.032552083333333336
0 0.5123697916666666 0.0631103515625 0.04296875 0.02783203125
0 0.5315755208333334 0.4303385416666667 0.024739583333333332 0.030598958333333332
0 0.8893229166666666 0.4410807291666667 0.02734375 0.022135416666666668
