0 0.224609375 0.8639322916666666 0.046549479166666664 0.05078125
0 0.3916015625 0.5787760416666666 0.047526041666666664 0.038411458333333336
0 0.5576171875 0.7454427083333334 0.046223958333333336 0.036458333333333336
0 0.576171875 0.51953125 0.029296875 0.033203125
0 0.7135416666666666 0.18485514322916666 0.037760416666666664 0.038492838541666664
0 0.6097005208333334 0.5250651041666666 0.03515625 0.041666666666666664
0 0.3961588541666667 0.5406901041666666 0.048828125 0.042317708333333336
0 0.6505533854166666 0.10636393229166667 0.038736979166666664 0.038248697916666664
0 0.43359375 0.5582682291666666 0.034505208333333336 0.051432291666666664
0 0.6103515625 0.054524739583333336 0.041015625 0.035725911458333336
0 0.4541015625 0.78125 0.049479166666666664 0.044270833333333336
0 0.6901041666666666 0.3694661458333333 0.033854166666666664 0.030598958333333332
0 0.2644856770833333 0.8548177083333334 0.053385416666666664 0.06901041666666667
0 0.4117838541666667 0.40234375 0.037109375 0.032552083333333336
0 0.568359375 0.78515625 0.061848958333333336 0.040364583333333336
0 0.8834635416666666 0.4710286458333333 0.029947916666666668 0.026692708333333332
0 0.7024739583333334 0.14607747395833334 0.032552083333333336 0.03173828125
0 0.8196614583333334 0.3746744791666667 0.033854166666666664 0.02734375
0 0.8828125 0.22981770833333334 0.02734375 0.025065104166666668
0 0.6038411458333334 0.107177734375 0.033203125 0.030598958333333332
0 0.4182942708333333 0.2919921875 0.040364583333333336 0.018880208333333332
0 0.3883463541666667 0.7884114583333334 0.048828125 0.033854166666666664
0 0.73828125 0.4547526041666667 0.0234375 0.028645833333333332
0 0.7515291908914729 0.17386219113372092 0.03515625 0.035807291666666664
0 0.41927083333333326 0.196453084625323 0.03330910852713176 0.0373465762273902
0 0.46822512919896636 0.16869549418604649 0.022206072351421174 0.02220607235142121
