0 0.65966796875 0.153076171875 0.041341145833333336 0.030436197916666668
0 0.87109375 0.09454345703125 0.03515625 0.035847981770833336
0 0.329345703125 0.2513020833333333 0.033365885416666664 0.026041666666666668
0 0.3418782552083333 0.31640625 0.02197265625 0.022135416666666668
0 0.3694661458333333 0.13826497395833334 0.025390625 0.026529947916666668
0 0.9440104166666666 0.16170247395833334 0.03515625 0.029134114583333332
0 0.005666097005208333 0.30908203125 0.011332194010416666 0.026041666666666668
0 0.6135739664082688 0.3952983688630491 0.028262273901808726 0.025234173126615023
0 0.9158793604651163 0.1671814437984496 0.025234173126614873 0.02927164082687339
0 0.8744953165374677 0.28981952519379844 0.027252906976744207 0.02826227390180876
0 0.9072997416020671 0.3301942021963824 0.016149870801033767 0.024224806201550358
