0 0.8951822916666666 0.5416666666666666 0.05078125 0.034505208333333336
0 0.64453125 0.21663411458333334 0.05078125 0.049479166666666664
0 0.6909469880490956 0.10740673449612403 0.045108607881137054 0.0499031007751938
0 0.4397786458333333 0.046132405598958336 0.041015625 0.059102376302083336
0 0.4798177083333333 0.033548990885416664 0.05078125 0.0660400390625
0 0.22900390625 0.4596354166666667 0.0439453125 0.044270833333333336
0 0.7311197916666666 0.5026041666666666 0.041666666666666664 0.02734375
0 0.720703125 0.3675130208333333 0.026041666666666668 0.033203125
0 0.6018880208333334 0.19514973958333334 0.044921875 0.0361328125
0 0.921875 0.3548177083333333 0.037760416666666664 0.027994791666666668
0 0.19368489583333334 0.3723958333333333 0.028645833333333332 0.02734375
0 0.990234375 0.5439453125 0.01953125 0.025390625
0 0.6966145833333334 0.4143880208333333 0.022135416666666668 0.024739583333333332
0 0.47697003189599485 0.12522900012112403 0.02490360545865637 0.020314771075581384
0 0.6640625 0.09425862630208333 0.033854166666666664 0.055623372395833336
0 0.7165293927648578 0.11620841408268734 0.028262273901808726 0.04239341085271318
0 0.4808422157622739 0.1631439760981912 0.025234173126615023 0.025234173126615005
0 0.6049943475452196 0.3887374838501292 0.021196705426356505 0.024224806201550358
0 0.6801921834625322 0.4341589954780362 0.018168604651162656 0.02422480620155043
0 0.9814882105943151 0.4780664567183462 0.017159237726098137 0.015140503875969028
