0 0.3990885416666667 0.3899739583333333 0.044921875 0.033854166666666664
0 0.2711588541666667 0.3912760416666667 0.0341796875 0.040364583333333336
0 0.4013671875 0.3470052083333333 0.033854166666666664 0.033203125
0 0.8528645833333334 0.18473307291666666 0.045572916666666664 0.037434895833333336
0 0.527351320251938 0.28967127442667956 0.029115188953488264 0.032596243136304937
0 0.6328995578972868 0.18553268077761628 0.029985767926356655 0.02688764232073641
0 0.6067708333333334 0.3994140625 0.037109375 0.030598958333333332
0 0.321533203125 0.3707682291666667 0.03076171875 0.02734375
0 0.46875 0.4837239583333333 0.029296875 0.020833333333333332
0 0.4925130208333333 0.3502604166666667 0.030598958333333332 0.030598958333333332
0 0.9674479166666666 0.17659505208333334 0.03125 0.029947916666666668
0 0.5104166666666666 0.08555094401041667 0.024739583333333332 0.0303955078125
0 0.3323567708333333 0.3311360677083333 0.030598958333333332 0.023274739583333332
0 0.8782552083333334 0.13427734375 0.03125 0.022623697916666668
0 0.6087239583333334 0.3792317708333333 0.029947916666666668 0.040364583333333336
0 0.9427083333333334 0.082763671875 0.03125 0.025716145833333332
0 0.69140625 0.3268229166666667 0.0390625 0.033203125
0 0.6419270833333334 0.07167561848958333 0.01953125 0.0306396484375
0 0.6529392764857881 0.3281754683462532 0.026243540051679542 0.024224806201550358
0 0.6211442183462532 0.2035186531007752 0.027252906976744207 0.02725290697674417
0 0.6367894056847544 0.10308664405684753 0.01614987080103362 0.018168604651162785
