0 0.08913167317708333 0.7330729166666666 0.060994466145833336 0.06380208333333333
0 0.4404296875 0.4365234375 0.037109375 0.037109375
0 0.4596354166666667 0.1748046875 0.050130208333333336 0.06412760416666667
0 0.8248697916666666 0.6824544270833334 0.052083333333333336 0.058268229166666664
0 0.646484375 0.4069010416666667 0.046875 0.037109375
0 0.2882486979166667 0.3280436197916667 0.0478515625 0.049641927083333336
0 0.24397786458333334 0.5628255208333334 0.06966145833333333 0.048828125
0 0.3714192708333333 0.5908203125 0.046875 0.034505208333333336
0 0.3876953125 0.4947916666666667 0.046223958333333336 0.043619791666666664
0 0.2548828125 0.6048177083333334 0.043294270833333336 0.043619791666666664
0 0.686600401728036 0.2070438670865633 0.037651909722222175 0.03837108365633072
0 0.67626953125 0.3015950520833333 0.055013020833333336 0.042643229166666664
0 0.4899088541666667 0.4244791666666667 0.030598958333333332 0.027994791666666668
0 0.5895182291666666 0.375 0.029296875 0.031901041666666664
0 0.5266927083333334 0.4700520833333333 0.03515625 0.03125
0 0.3899739583333333 0.5244140625 0.033203125 0.02734375
0 0.62109375 0.010739644368489584 0.054036458333333336 0.020757039388020832
0 0.6419270833333334 0.2932942708333333 0.034505208333333336 0.038411458333333336
0 0.6438802083333334 0.248046875 0.034505208333333336 0.0361328125
0 0.70703125 0.474609375 0.020833333333333332 0.024739583333333332
0 0.5647786458333334 0.4169921875 0.031901041666666664 0.021484375
0 0.5559895833333334 0.23844401041666666 0.022135416666666668 0.0390625
0 0.4329427083333333 0.018829345703125 0.03125 0.027811686197916668
0 0.6500651041666666 0.20279947916666666 0.029296875 0.029622395833333332
0 0.3450823643410852 0.3539143249354006 0.02018733850129199 0.02119670542635658
0 0.4202802002583979 0.3241380006459948 0.015140503875968955 0.012112403100775179
0 0.4354207041343669 0.2650900355297157 0.041384043927648495 0.0232154392764858
0 0.6771640826873385 0.23935117894056845 0.04239341085271316 0.034318475452196386
0 0.634265988372093 0.056655765503875966 0.02321543927648584 0.018168604651162785
