0 0.7408854166666666 0.1600341796875 0.055989583333333336 0.06697591145833333
0 0.2724609375 0.1451416015625 0.039713541666666664 0.047607421875
0 0.5501302083333334 0.4697265625 0.044921875 0.037109375
0 0.6927083333333334 0.3948567708333333 0.036458333333333336 0.046223958333333336
0 0.6513671875 0.22591145833333334 0.051432291666666664 0.0625
0 0.4407552083333333 0.044840494791666664 0.044921875 0.040364583333333336
0 0.25390625 0.6505533854166666 0.043619791666666664 0.0439453125
0 0.6500651041666666 0.4108072916666667 0.060546875 0.059895833333333336
0 0.9296875 0.8776041666666666 0.044270833333333336 0.040364583333333336
0 0.14794921875 0.888671875 0.052734375 0.046875
0 0.1962890625 0.9069010416666666 0.049479166666666664 0.045572916666666664
0 0.7220052083333334 0.2718098958333333 0.045572916666666664 0.0380859375
0 0.6876627604166666 0.16719563802083334 0.045247395833333336 0.048421223958333336
0 0.23111979166666666 0.814453125 0.054361979166666664 0.048177083333333336
0 0.673828125 0.4430338541666667 0.032552083333333336 0.039713541666666664
0 0.712890625 0.12060546875 0.03515625 0.049153645833333336
0 0.8860677083333334 0.8684895833333334 0.044270833333333336 0.036458333333333336
0 0.16048177083333334 0.916015625 0.046549479166666664 0.046875
0 0.2586263020833333 0.8626302083333334 0.043294270833333336 0.052083333333333336
0 0.2581380208333333 0.5143229166666666 0.037760416666666664 0.027994791666666668
0 0.4231770833333333 0.4964192708333333 0.033854166666666664 0.0390625
0 0.2740885416666667 0.21272786458333334 0.036458333333333336 0.03125
0 0.5498046875 0.2962239583333333 0.028645833333333332 0.041341145833333336
0 0.6149088541666666 0.4749348958333333 0.034505208333333336 0.029296875
0 0.3759765625 0.3136393229166667 0.048828125 0.0341796875
0 0.6861979166666666 0.2814127604166667 0.040364583333333336 0.03125
0 0.26318359375 0.388671875 0.030598958333333332 0.02734375
0 0.9850260416666666 0.892578125 0.02734375 0.040364583333333336
0 0.6402994791666666 0.3326009114583333 0.022786458333333332 0.029459635416666668
0 0.5836588541666666 0.2887369791666667 0.039713541666666664 0.044921875
0 0.5865885416666666 0.18294270833333334 0.037760416666666664 0.034505208333333336
0 0.6946614583333334 0.5677083333333334 0.052083333333333336 0.052734375
0 0.19986979166666666 0.7916666666666666 0.036783854166666664 0.03125
0 0.96484375 0.892578125 0.033854166666666664 0.0390625
0 0.3645833333333333 0.014241536458333334 0.048177083333333336 0.028483072916666668
0 0.5777994791666666 0.3603515625 0.025390625 0.028645833333333332
0 0.4371744791666667 0.0152435302734375 0.033854166666666664 0.024851481119791668
0 0.6893496648901808 0.24144119932978036 0.024078447997416024 0.052344507025193776
0 0.6848958333333334 0.5791015625 0.04296875 0.042317708333333336
0 0.27294921875 0.30712890625 0.029947916666666668 0.030598958333333332
0 0.6537669573643411 0.008645227713178294 0.038719315245478114 0.01729045542635659
0 0.546875 0.07859293619791667 0.0234375 0.049519856770833336
0 0.068359375 0.3837890625 0.032389322916666664 0.024739583333333332
0 0.20296223958333334 0.4231770833333333 0.024739583333333332 0.018880208333333332
0 0.3720703125 0.037190755208333336 0.034505208333333336 0.049967447916666664
0 0.5859375 0.4537760416666667 0.036458333333333336 0.0234375
0 0.2605794270833333 0.4651692708333333 0.021484375 0.024739583333333332
0 0.23453776041666666 0.2861328125 0.025716145833333332 0.0263671875
0 0.5498046875 0.17854817708333334 0.025390625 0.039713541666666664
