0 0.7298177083333334 0.189453125 0.04296875 0.036458333333333336
0 0.8190104166666666 0.2657877604166667 0.037760416666666664 0.036458333333333336
0 0.16581217447916666 0.16780598958333334 0.045979817708333336 0.029296875
0 0.923828125 0.4967447916666667 0.028645833333333332 0.031901041666666664
0 0.587890625 0.013773600260416666 0.032552083333333336 0.027547200520833332
0 0.064208984375 0.01751708984375 0.037923177083333336 0.0350341796875
0 0.3251953125 0.1044921875 0.030598958333333332 0.025390625
0 0.6399739583333334 0.09285481770833333 0.026041666666666668 0.019694010416666668
0 0.943359375 0.4339192708333333 0.029947916666666668 0.030598958333333332
0 0.03753662109375 0.10945638020833333 0.027547200520833332 0.023763020833333332
0 0.953125 0.48046875 0.028645833333333332 0.027994791666666668
