0 0.65625 0.509765625 0.036458333333333336 0.041015625
0 0.5745442708333334 0.3763020833333333 0.031901041666666664 0.03515625
0 0.12801106770833334 0.5784505208333334 0.038736979166666664 0.03125
0 0.9583333333333334 0.14363606770833334 0.048177083333333336 0.044108072916666664
0 0.1610107421875 0.5074869791666666 0.034423828125 0.0390625
0 0.5491536458333334 0.4951171875 0.029947916666666668 0.026692708333333332
0 0.861328125 0.019083658854166668 0.037760416666666664 0.0335693359375
0 0.6357421875 0.4182942708333333 0.029947916666666668 0.036458333333333336
0 0.3076171875 0.3623046875 0.038411458333333336 0.027994791666666668
0 0.9290364583333334 0.5423177083333334 0.029947916666666668 0.034505208333333336
0 0.6564127604166666 0.1875 0.0283203125 0.03515625
0 0.9759114583333334 0.18998209635416666 0.041666666666666664 0.053629557291666664
0 0.3759765625 0.421875 0.029296875 0.029947916666666668
0 0.4488932291666667 0.4716796875 0.032552083333333336 0.020182291666666668
0 0.7897135416666666 0.060139973958333336 0.03125 0.027425130208333332
0 0.8815104166666666 0.4801432291666667 0.044270833333333336 0.02734375
0 0.689453125 0.3756510416666667 0.0234375 0.024088541666666668
0 0.07364908854166667 0.2688802083333333 0.030436197916666668 0.031575520833333336
0 0.9889322916666666 0.149169921875 0.020833333333333332 0.06103515625
0 0.5260416666666666 0.3590494791666667 0.029296875 0.022135416666666668
0 0.7493489583333334 0.3097330729166667 0.026041666666666668 0.0234375
0 0.3857421875 0.18196614583333334 0.033854166666666664 0.030924479166666668
