0 0.4583333333333333 0.11971028645833333 0.047526041666666664 0.050618489583333336
0 0.9088541666666666 0.3880208333333333 0.046875 0.038411458333333336
0 0.6510416666666666 0.6207682291666666 0.0390625 0.044921875
0 0.7916666666666666 0.11962890625 0.044270833333333336 0.044270833333333336
0 0.5725911458333334 0.5738932291666666 0.038411458333333336 0.03515625
0 0.4212239583333333 0.18912760416666666 0.038411458333333336 0.034505208333333336
0 0.7259114583333334 0.3782552083333333 0.037760416666666664 0.02734375
0 0.3701171875 0.2794596354166667 0.037760416666666664 0.025716145833333332
0 0.8072916666666666 0.826171875 0.040364583333333336 0.03125
0 0.8509114583333334 0.76171875 0.029947916666666668 0.03125
0 0.94921875 0.3981119791666667 0.036458333333333336 0.02734375
0 0.7721354166666666 0.24039713541666666 0.033854166666666664 0.0458984375
0 0.5384114583333334 0.3335774739583333 0.037109375 0.034016927083333336
0 0.66064453125 0.529296875 0.039388020833333336 0.028645833333333332
0 0.873046875 0.3831380208333333 0.026041666666666668 0.037109375
0 0.24886067708333334 0.6083984375 0.0390625 0.027994791666666668
0 0.6123046875 0.501953125 0.035807291666666664 0.031901041666666664
0 0.8815104166666666 0.18094889322916666 0.03515625 0.031656901041666664
0 0.3981119791666667 0.14656575520833334 0.032552083333333336 0.034016927083333336
0 0.7571614583333334 0.3951822916666667 0.02734375 0.029947916666666668
0 0.44140625 0.17594401041666666 0.031901041666666664 0.03125
0 0.8665364583333334 0.44921875 0.026041666666666668 0.024088541666666668
0 0.6162109375 0.416015625 0.02734375 0.025390625
0 0.7291666666666666 0.23046875 0.026041666666666668 0.0224609375
0 0.7428385416666666 0.1904296875 0.0234375 0.030598958333333332
0 0.314453125 0.4072265625 0.025716145833333332 0.029947916666666668
0 0.013066609700520834 0.466796875 0.025787353515625 0.020833333333333332
0 0.5084635416666666 0.5914713541666666 0.025390625 0.025390625
0 0.06905110677083333 0.6015625 0.037027994791666664 0.033854166666666664
