0 0.6328125 0.5221354166666666 0.046223958333333336 0.046223958333333336
0 0.3185221354166667 0.8763020833333334 0.041341145833333336 0.045572916666666664
0 0.018391927083333332 0.869140625 0.036783854166666664 0.055989583333333336
0 0.4654947916666667 0.7669270833333334 0.040364583333333336 0.044270833333333336
0 0.3720703125 0.8079427083333334 0.055338541666666664 0.048177083333333336
0 0.052825927734375 0.9781901041666666 0.045064290364583336 0.043619791666666664
0 0.6031901041666666 0.71875 0.052734375 0.037760416666666664
0 0.4918619791666667 0.1483154296875 0.037109375 0.043863932291666664
0 0.5016276041666666 0.7408854166666666 0.049479166666666664 0.05078125
0 0.5084635416666666 0.7819010416666666 0.0390625 0.041666666666666664
0 0.5888646640826875 0.7601542312661498 0.047526041666666664 0.049479166666666664
0 0.7376302083333334 0.6901041666666666 0.041666666666666664 0.028645833333333332
0 0.4231770833333333 0.2610677083333333 0.040364583333333336 0.0341796875
0 0.6119791666666666 0.4156901041666667 0.024739583333333332 0.026041666666666668
0 0.6012369791666666 0.798828125 0.037760416666666664 0.026041666666666668
0 0.4957682291666667 0.3155110677083333 0.02734375 0.03564453125
0 0.6852390180878553 0.41901849160206717 0.02018733850129199 0.022206072351421174
0 0.5530119509043927 0.1515362564599483 0.03028100775193791 0.03229974160206719
