0 0.12141927083333333 0.447265625 0.045735677083333336 0.040364583333333336
0 0.6927083333333334 0.2666015625 0.037760416666666664 0.034505208333333336
0 0.3058268229166667 0.3277180989583333 0.052734375 0.04833984375
0 0.6041666666666666 0.14896647135416666 0.040364583333333336 0.038004557291666664
0 0.2722981770833333 0.3253580729166667 0.040690104166666664 0.039388020833333336
0 0.6881510416666666 0.19759114583333334 0.0390625 0.039713541666666664
0 0.912109375 0.6266276041666666 0.053385416666666664 0.056640625
0 0.2887369791666667 0.0337677001953125 0.027994791666666668 0.033131917317708336
0 0.4029947916666667 0.2747395833333333 0.031901041666666664 0.029296875
0 0.5817057291666666 0.08961995442708333 0.026041666666666668 0.019327799479166668
