0 0.7434895833333334 0.7233072916666666 0.0390625 0.041666666666666664
0 0.7747395833333334 0.7115885416666666 0.049479166666666664 0.045572916666666664
0 0.022932816537467704 0.15653483072916666 0.04586563307493541 0.045003255208333336
0 0.23990885416666666 0.8626302083333334 0.045572916666666664 0.0390625
0 0.73828125 0.5901692708333334 0.044270833333333336 0.038411458333333336
0 0.020136515299479168 0.595703125 0.039967854817708336 0.0546875
0 0.6422526041666666 0.68603515625 0.046223958333333336 0.044596354166666664
0 0.7727864583333334 0.6253255208333334 0.044270833333333336 0.040364583333333336
0 0.45703125 0.7233072916666666 0.037109375 0.03515625
0 0.5 0.6907552083333334 0.03515625 0.024739583333333332
0 0.6315104166666666 0.2872721354166667 0.036458333333333336 0.037434895833333336
0 0.6302083333333334 0.4853515625 0.029296875 0.037109375
0 0.767578125 0.6638997395833334 0.04296875 0.023763020833333332
0 0.6438802083333334 0.7252604166666666 0.03515625 0.029947916666666668
0 0.857421875 0.6868489583333334 0.03125 0.03515625
0 0.4622395833333333 0.6940104166666666 0.028645833333333332 0.029947916666666668
0 0.7701822916666666 0.5634765625 0.032552083333333336 0.043619791666666664
0 0.12101236979166667 0.5172526041666666 0.03564453125 0.027994791666666668
0 0.7389322916666666 0.3580729166666667 0.0234375 0.037760416666666664
0 0.5397135416666666 0.7311197916666666 0.04296875 0.028645833333333332
0 0.0130157470703125 0.10432942708333333 0.024912516276041668 0.026041666666666668
0 0.061482747395833336 0.8404947916666666 0.0205078125 0.028645833333333332
0 0.6318359375 0.3557942708333333 0.016927083333333332 0.025390625
0 0.012624104817708334 0.8522135416666666 0.023213704427083332 0.03515625
