0 0.6354166666666666 0.3987630208333333 0.0390625 0.035807291666666664
0 0.8040364583333334 0.6220703125 0.03515625 0.034505208333333336
0 0.4554036458333333 0.6726888020833334 0.041666666666666664 0.0283203125
0 0.6471354166666666 0.3557942708333333 0.033854166666666664 0.028645833333333332
0 0.5016276041666666 0.6393229166666666 0.036458333333333336 0.03125
0 0.27342929889373385 0.706554324127907 0.030257035287467666 0.034585957687338485
0 0.7669270833333334 0.439453125 0.028645833333333332 0.032552083333333336
0 0.6315104166666666 0.5234375 0.033854166666666664 0.028645833333333332
0 0.7565104166666666 0.5986328125 0.03125 0.029296875
0 0.2782155906815245 0.6787336482558141 0.03279685481266137 0.03168402777777768
0 0.8203125 0.3152669270833333 0.03125 0.036783854166666664
