0 0.2890625 0.1590576171875 0.056640625 0.043212890625
0 0.421875 0.022908528645833332 0.041015625 0.045817057291666664
0 0.765625 0.07887776692708333 0.05078125 0.047322591145833336
0 0.3245442708333333 0.3870442708333333 0.044921875 0.039713541666666664
0 0.23470052083333334 0.65771484375 0.039388020833333336 0.0439453125
0 0.8053385416666666 0.039021809895833336 0.044270833333333336 0.033203125
0 0.27587890625 0.5442708333333334 0.055013020833333336 0.05078125
0 0.435546875 0.3490397135416667 0.042317708333333336 0.03369140625
0 0.3233235677083333 0.23258463541666666 0.034342447916666664 0.045247395833333336
0 0.3802083333333333 0.0345458984375 0.054036458333333336 0.040690104166666664
0 0.4612630208333333 0.09309895833333333 0.059244791666666664 0.0498046875
0 0.7239583333333334 0.4020182291666667 0.0390625 0.031901041666666664
0 0.4606119791666667 0.0189208984375 0.032552083333333336 0.037841796875
0 0.734375 0.0604248046875 0.053385416666666664 0.045328776041666664
0 0.27880859375 0.3994140625 0.049479166666666664 0.044270833333333336
0 0.728515625 0.2421875 0.045572916666666664 0.0458984375
0 0.3064778645833333 0.5400390625 0.039713541666666664 0.053385416666666664
0 0.7037760416666666 0.15608723958333334 0.045572916666666664 0.0458984375
0 0.6966145833333334 0.22819010416666666 0.036458333333333336 0.0517578125
0 0.3798828125 0.10628255208333333 0.042317708333333336 0.029622395833333332
0 0.736328125 0.20703125 0.032552083333333336 0.03125
0 0.8391927083333334 0.5579427083333334 0.053385416666666664 0.03125
0 0.4127604166666667 0.17171223958333334 0.0234375 0.03125
0 0.6901041666666666 0.3079427083333333 0.05859375 0.0458984375
0 0.6380208333333334 0.048177083333333336 0.03125 0.043050130208333336
0 0.2783203125 0.22395833333333334 0.025065104166666668 0.029296875
0 0.29443359375 0.3994140625 0.03515625 0.050130208333333336
0 0.375 0.3421223958333333 0.036458333333333336 0.029296875
0 0.671875 0.3038736979166667 0.05078125 0.046875
0 0.6783854166666666 0.14298502604166666 0.032552083333333336 0.033203125
0 0.619140625 0.20572916666666666 0.030598958333333332 0.02734375
