0 0.10378011067708333 0.6808268229166666 0.0518798828125 0.0498046875
0 0.9147135416666666 0.380859375 0.04296875 0.031901041666666664
0 0.023600260416666668 0.3818359375 0.045166015625 0.0390625
0 0.07173665364583333 0.17854817708333334 0.043212890625 0.039713541666666664
0 0.07851155598958333 0.0222930908203125 0.041219075520833336 0.036387125651041664
0 0.892578125 0.439453125 0.045572916666666664 0.041015625
0 0.5328776041666666 0.47265625 0.032552083333333336 0.031901041666666664
0 0.06407674153645833 0.7063802083333334 0.055765787760416664 0.049479166666666664
0 0.021341959635416668 0.06690470377604167 0.035237630208333336 0.05499267578125
0 0.14729817708333334 0.6149088541666666 0.0458984375 0.037760416666666664
0 0.021153767903645832 0.16105143229166666 0.040211995442708336 0.052897135416666664
0 0.025828043619791668 0.009272257486979166 0.050882975260416664 0.018544514973958332
0 0.12679036458333334 0.5198567708333334 0.045247395833333336 0.03125
0 0.955078125 0.4098307291666667 0.029947916666666668 0.029296875
0 0.12101236979166667 0.3668619791666667 0.043782552083333336 0.050130208333333336
0 0.022771199544270832 0.2776692708333333 0.037302652994791664 0.029296875
0 0.015691121419270832 0.4915364583333333 0.029897054036458332 0.024739583333333332
0 0.939453125 0.3352864583333333 0.037760416666666664 0.046223958333333336
0 0.923828125 0.2696940104166667 0.032552083333333336 0.0283203125
0 0.8984375 0.06502278645833333 0.03515625 0.028076171875
0 0.9296875 0.024698893229166668 0.032552083333333336 0.027018229166666668
0 0.8111979166666666 0.5234375 0.028645833333333332 0.03125
0 0.9329427083333334 0.3124186197916667 0.040364583333333336 0.04443359375
0 0.08512369791666667 0.11279296875 0.041666666666666664 0.025390625
0 0.2513020833333333 0.5120442708333334 0.03125 0.026041666666666668
0 0.8873697916666666 0.5911458333333334 0.028645833333333332 0.029947916666666668
