0 0.7805989583333334 0.7545572916666666 0.052083333333333336 0.0546875
0 0.2197265625 0.5074869791666666 0.041015625 0.03515625
0 0.9420572916666666 0.3349609375 0.0390625 0.047526041666666664
0 0.6515299479166666 0.11653645833333333 0.0380859375 0.0380859375
0 0.6751302083333334 0.5895182291666666 0.0390625 0.033854166666666664
0 0.6360677083333334 0.2537434895833333 0.036458333333333336 0.037760416666666664
0 0.4479166666666667 0.4182942708333333 0.026041666666666668 0.029296875
0 0.5338541666666666 0.4052734375 0.031901041666666664 0.028645833333333332
0 0.9108072916666666 0.3343098958333333 0.026041666666666668 0.03125
0 0.6875 0.118408203125 0.024739583333333332 0.0361328125
0 0.7649739583333334 0.380859375 0.03515625 0.029947916666666668
0 0.012939453125 0.18977864583333334 0.02587890625 0.029296875
0 0.08148193359375 0.4521484375 0.0274658203125 0.0234375
0 0.6402994791666666 0.595703125 0.027994791666666668 0.024088541666666668
0 0.5309244791666666 0.435546875 0.029947916666666668 0.026692708333333332
0 0.8997395833333334 0.2657877604166667 0.028645833333333332 0.025065104166666668
