0 0.0233154296875 0.20491536458333334 0.046630859375 0.043619791666666664
0 0.6009114583333334 0.18880208333333334 0.037109375 0.031575520833333336
0 0.6363932291666666 0.24332682291666666 0.032552083333333336 0.036458333333333336
0 0.8170572916666666 0.16084798177083334 0.041666666666666664 0.023030598958333332
0 0.2985026041666667 0.11214192708333333 0.0419921875 0.037760416666666664
0 0.38671875 0.2898763020833333 0.024739583333333332 0.0283203125
0 0.20979817708333334 0.2805989583333333 0.0439453125 0.028645833333333332
0 0.016916910807291668 0.0294952392578125 0.032613118489583336 0.033294677734375
0 0.8346354166666666 0.3025716145833333 0.03515625 0.037109375
0 0.80859375 0.30908203125 0.03125 0.033528645833333336
0 0.3316243489583333 0.15812174479166666 0.02880859375 0.022298177083333332
0 0.5546875 0.1982421875 0.029296875 0.0341796875
0 0.6513671875 0.11555989583333333 0.02734375 0.026529947916666668
0 0.041880289713541664 0.035700480143229164 0.032938639322916664 0.031626383463541664
0 0.6256510416666666 0.10481770833333333 0.027994791666666668 0.027506510416666668
0 0.058553059895833336 0.031499226888020836 0.020345052083333332 0.029123942057291668
0 0.8346354166666666 0.11555989583333333 0.03125 0.025065104166666668
0 0.5319010416666666 0.29443359375 0.034505208333333336 0.027669270833333332
0 0.113037109375 0.3899739583333333 0.02197265625 0.027994791666666668
0 0.9876302083333334 0.23518880208333334 0.020833333333333332 0.0205078125
0 0.010782877604166666 0.152099609375 0.021565755208333332 0.020345052083333332
0 0.5970052083333334 0.3782552083333333 0.022786458333333332 0.021484375
0 0.43037386950904394 0.3922702680878553 0.01917797157622747 0.02321543927648584
0 0.2426316214470284 0.060188549741602065 0.01917797157622732 0.02119670542635658
