0 0.6399739583333334 0.4153645833333333 0.042317708333333336 0.029947916666666668
0 0.634765625 0.17952473958333334 0.042317708333333336 0.0341796875
0 0.038614908854166664 0.3502604166666667 0.050699869791666664 0.037760416666666664
0 0.767578125 0.4697265625 0.048177083333333336 0.043619791666666664
0 0.7408854166666666 0.1865234375 0.02734375 0.037434895833333336
0 0.75390625 0.4313151041666667 0.040364583333333336 0.034505208333333336
0 0.76953125 0.4039713541666667 0.04296875 0.04296875
0 0.5472005208333334 0.07985432942708333 0.038411458333333336 0.0264892578125
0 0.017049153645833332 0.4954427083333333 0.034098307291666664 0.0390625
0 0.626953125 0.22819010416666666 0.031901041666666664 0.044596354166666664
0 0.5592447916666666 0.038899739583333336 0.024739583333333332 0.026204427083333332
0 0.01163482666015625 0.392578125 0.020146687825520832 0.054036458333333336
