0 0.4830729166666667 0.17008463541666666 0.042317708333333336 0.046223958333333336
0 0.5677083333333334 0.3880208333333333 0.035807291666666664 0.040364583333333336
0 0.4622395833333333 0.08103434244791667 0.047526041666666664 0.045939127604166664
0 0.685546875 0.3275553385416667 0.036458333333333336 0.031087239583333332
0 0.2569986979166667 0.9296875 0.041015625 0.040364583333333336
0 0.5859375 0.08601888020833333 0.047526041666666664 0.037434895833333336
0 0.6824544270833334 0.423828125 0.037434895833333336 0.034505208333333336
0 0.4645182291666667 0.623046875 0.051432291666666664 0.044921875
0 0.2745768229166667 0.8834635416666666 0.041341145833333336 0.036458333333333336
0 0.697265625 0.5817057291666666 0.055989583333333336 0.05078125
0 0.296875 0.9212239583333334 0.03515625 0.05078125
0 0.5986328125 0.4241536458333333 0.037109375 0.039713541666666664
0 0.9609375 0.88671875 0.040364583333333336 0.036458333333333336
0 0.6263020833333334 0.7330729166666666 0.046223958333333336 0.04296875
0 0.9713541666666666 0.3084309895833333 0.033854166666666664 0.044596354166666664
0 0.705078125 0.5003255208333334 0.037760416666666664 0.037760416666666664
0 0.451171875 0.14192708333333334 0.046223958333333336 0.040690104166666664
0 0.6433919270833334 0.3229166666666667 0.0478515625 0.048177083333333336
0 0.40234375 0.7584635416666666 0.041666666666666664 0.048177083333333336
0 0.3422037760416667 0.6888020833333334 0.04736328125 0.044270833333333336
0 0.8391927083333334 0.8567708333333334 0.0390625 0.037760416666666664
0 0.6090494791666666 0.3840817789082687 0.033203125 0.0390625
0 0.9889322916666666 0.8365885416666666 0.022135416666666668 0.02734375
0 0.4759114583333333 0.59375 0.037760416666666664 0.032552083333333336
0 0.2843424479166667 0.9641927083333334 0.037434895833333336 0.0390625
0 0.6438802083333334 0.16780598958333334 0.041666666666666664 0.040690104166666664
0 0.4830729166666667 0.126220703125 0.041015625 0.054524739583333336
0 0.6671549479166666 0.21044921875 0.031575520833333336 0.048828125
0 0.7063802083333334 0.7389322916666666 0.028645833333333332 0.02734375
0 0.3861661216085271 0.6483037588824286 0.03977410368217068 0.040692627583978735
0 0.970703125 0.2696940104166667 0.03125 0.03515625
0 0.4080025133236434 0.6654516412306201 0.045752079295865666 0.03806070332687339
0 0.6429036458333334 0.20068359375 0.045572916666666664 0.046875
0 0.6673177083333334 0.24918619791666666 0.044270833333333336 0.029622395833333332
0 0.4469401041666667 0.21028645833333334 0.034505208333333336 0.050455729166666664
0 0.2615559895833333 0.984375 0.051106770833333336 0.029947916666666668
0 0.70703125 0.16361490885416666 0.026041666666666668 0.034423828125
0 0.3418782552083333 0.9270833333333334 0.04345703125 0.046875
0 0.58984375 0.708984375 0.026041666666666668 0.028645833333333332
0 0.755859375 0.8802083333333334 0.032552083333333336 0.03515625
0 0.9856770833333334 0.94140625 0.022135416666666668 0.044270833333333336
0 0.6263020833333334 0.5865885416666666 0.026041666666666668 0.027994791666666668
0 0.4466145833333333 0.17313639322916666 0.033203125 0.043050130208333336
0 0.5013020833333334 0.067626953125 0.03125 0.039713541666666664
0 0.5745442708333334 0.8372395833333334 0.03515625 0.040364583333333336
0 0.3590494791666667 0.67724609375 0.038411458333333336 0.049153645833333336
0 0.5875651041666666 0.5179036458333334 0.026041666666666668 0.024739583333333332
0 0.8958333333333334 0.87890625 0.026041666666666668 0.026041666666666668
0 0.8841145833333334 0.951171875 0.032552083333333336 0.026041666666666668
0 0.008941650390625 0.4622395833333333 0.016011555989583332 0.0390625
0 0.6653645833333334 0.5810546875 0.029947916666666668 0.031901041666666664
0 0.6455078125 0.51953125 0.033854166666666664 0.020833333333333332
0 0.6809895833333334 0.4583333333333333 0.020833333333333332 0.030598958333333332
