0 0.9075520833333334 0.3880208333333333 0.040364583333333336 0.041666666666666664
0 0.3152669270833333 0.22965494791666666 0.044596354166666664 0.034505208333333336
0 0.6617838541666666 0.01214599609375 0.055338541666666664 0.0242919921875
0 0.22444661458333334 0.09195963541666667 0.025716145833333332 0.028971354166666668
0 0.6726888020833334 0.139404296875 0.034830729166666664 0.03955078125
0 0.6809895833333334 0.10628255208333333 0.041666666666666664 0.034993489583333336
0 0.74609375 0.06949869791666667 0.037760416666666664 0.042643229166666664
0 0.701171875 0.2693684895833333 0.029947916666666668 0.03125
0 0.07871500651041667 0.4615885416666667 0.034627278645833336 0.029296875
0 0.978515625 0.6162109375 0.036458333333333336 0.034505208333333336
0 0.564453125 0.009106953938802084 0.049479166666666664 0.016657511393229168
0 0.3353678385416667 0.20084635416666666 0.02783203125 0.033203125
0 0.6412760416666666 0.13639322916666666 0.031901041666666664 0.028971354166666668
0 0.6614583333333334 0.2890625 0.03515625 0.025716145833333332
0 0.8014322916666666 0.66845703125 0.032552083333333336 0.028971354166666668
0 0.7415364583333334 0.716796875 0.033854166666666664 0.02734375
0 0.9654947916666666 0.4733072916666667 0.036458333333333336 0.028645833333333332
0 0.6246744791666666 0.08304850260416667 0.02734375 0.034098307291666664
0 0.8046875 0.2705078125 0.0234375 0.01953125
0 0.599609375 0.040730794270833336 0.022786458333333332 0.023844401041666668
