0 0.73828125 0.201171875 0.044270833333333336 0.042317708333333336
0 0.78125 0.6282552083333334 0.04296875 0.037760416666666664
0 0.26611328125 0.6263020833333334 0.043294270833333336 0.042317708333333336
0 0.4583333333333333 0.023895263671875 0.036458333333333336 0.042704264322916664
0 0.6432291666666666 0.0312042236328125 0.03515625 0.041025797526041664
0 0.3170572916666667 0.6720377604166666 0.047526041666666664 0.053059895833333336
0 0.6959635416666666 0.2109375 0.048177083333333336 0.054036458333333336
0 0.796875 0.595703125 0.04296875 0.0390625
0 0.3779296875 0.4449869791666667 0.040364583333333336 0.033203125
0 0.8138020833333334 0.6315104166666666 0.036458333333333336 0.041666666666666664
0 0.6380208333333334 0.068359375 0.05078125 0.038736979166666664
0 0.24625651041666666 0.4921875 0.0390625 0.039713541666666664
0 0.5732421875 0.5087890625 0.053385416666666664 0.044921875
0 0.4222005208333333 0.023040771484375 0.041015625 0.045389811197916664
0 0.607421875 0.035405476888020836 0.049479166666666664 0.036285400390625
0 0.22965494791666666 0.6305338541666666 0.041666666666666664 0.046223958333333336
0 0.65478515625 0.22916666666666666 0.039388020833333336 0.038736979166666664
0 0.7552083333333334 0.12801106770833334 0.036458333333333336 0.041666666666666664
0 0.6920572916666666 0.3506673177083333 0.033854166666666664 0.04736328125
0 0.4280598958333333 0.3017578125 0.042317708333333336 0.045572916666666664
0 0.6998697916666666 0.06648763020833333 0.033854166666666664 0.042643229166666664
0 0.583984375 0.23860677083333334 0.042317708333333336 0.041666666666666664
0 0.6673177083333334 0.4010416666666667 0.032552083333333336 0.030598958333333332
0 0.3802083333333333 0.10660807291666667 0.041666666666666664 0.045572916666666664
0 0.2726236979166667 0.482421875 0.037109375 0.041666666666666664
0 0.3776041666666667 0.2722981770833333 0.035807291666666664 0.026692708333333332
0 0.29833984375 0.4921875 0.028645833333333332 0.037109375
0 0.4153645833333333 0.1845703125 0.035807291666666664 0.028645833333333332
0 0.5478515625 0.4182942708333333 0.041015625 0.028645833333333332
0 0.6848958333333334 0.24674479166666666 0.026041666666666668 0.031575520833333336
0 0.6393229166666666 0.18798828125 0.054036458333333336 0.033203125
0 0.4807942708333333 0.18815104166666666 0.030598958333333332 0.027018229166666668
0 0.7298177083333334 0.515625 0.02734375 0.0234375
