0 0.032633463541666664 0.3525390625 0.05029296875 0.052734375
0 0.4241536458333333 0.059397379557291664 0.050130208333333336 0.06821695963541667
0 0.048126220703125 0.49609375 0.037373860677083336 0.035807291666666664
0 0.6486002604166666 0.310546875 0.037434895833333336 0.0390625
0 0.638671875 0.12044270833333333 0.044270833333333336 0.0498046875
0 0.6907552083333334 0.2840169270833333 0.03125 0.033854166666666664
0 0.6920572916666666 0.18229166666666666 0.044270833333333336 0.049479166666666664
0 0.028472900390625 0.826171875 0.04998779296875 0.05078125
0 0.6057942708333334 0.109619140625 0.035807291666666664 0.04833984375
0 0.6966145833333334 0.04248046875 0.03125 0.0361328125
0 0.2353515625 0.8079427083333334 0.041341145833333336 0.045572916666666664
0 0.3818359375 0.4554036458333333 0.033203125 0.03515625
0 0.244140625 0.779296875 0.040364583333333336 0.024739583333333332
0 0.572265625 0.5598958333333334 0.02734375 0.028645833333333332
0 0.024622599283854168 0.25634765625 0.038564046223958336 0.039388020833333336
0 0.6363932291666666 0.0771484375 0.036458333333333336 0.044759114583333336
0 0.2923177083333333 0.7161458333333334 0.0400390625 0.036458333333333336
0 0.7688802083333334 0.2950846354166667 0.036458333333333336 0.037109375
0 0.020792643229166668 0.21695963541666666 0.033976236979166664 0.038736979166666664
0 0.376953125 0.24869791666666666 0.036458333333333336 0.03125
0 0.6240234375 0.043752034505208336 0.054036458333333336 0.051005045572916664
0 0.3028971354166667 0.708984375 0.049479166666666664 0.04296875
0 0.4567057291666667 0.4153645833333333 0.026692708333333332 0.036458333333333336
0 0.5367838541666666 0.4876302083333333 0.025390625 0.027994791666666668
0 0.6103515625 0.06551106770833333 0.046223958333333336 0.046223958333333336
0 0.5735677083333334 0.4651692708333333 0.033203125 0.024088541666666668
0 0.26025390625 0.22998046875 0.021158854166666668 0.0283203125
0 0.3883463541666667 0.040435791015625 0.044921875 0.028177897135416668
0 0.4938151041666667 0.4098307291666667 0.020833333333333332 0.021484375
0 0.553516634366925 0.25903383397932817 0.027252906976744207 0.025234173126614984
