0 0.515625 0.07002766927083333 0.045572916666666664 0.048095703125
0 0.13688151041666666 0.4215494791666667 0.049479166666666664 0.044921875
0 0.81640625 0.5 0.04296875 0.034505208333333336
0 0.6437174479166666 0.20003255208333334 0.047200520833333336 0.039713541666666664
0 0.10546875 0.038553873697916664 0.040364583333333336 0.041707356770833336
0 0.271484375 0.3763020833333333 0.051106770833333336 0.02734375
0 0.5657552083333334 0.3570963541666667 0.034505208333333336 0.046223958333333336
0 0.3068033854166667 0.19856770833333334 0.031901041666666664 0.047526041666666664
0 0.509765625 0.2041015625 0.03125 0.0224609375
0 0.4583333333333333 0.2718098958333333 0.044921875 0.029622395833333332
0 0.98828125 0.6494140625 0.01953125 0.02734375
0 0.5423177083333334 0.3580729166666667 0.022786458333333332 0.041666666666666664
0 0.9088541666666666 0.2711588541666667 0.028645833333333332 0.032552083333333336
0 0.335205078125 0.24430338541666666 0.022298177083333332 0.025716145833333332
0 0.931640625 0.3407389322916667 0.03125 0.026204427083333332
0 0.3763020833333333 0.22444661458333334 0.027994791666666668 0.028971354166666668
0 0.5960286458333334 0.18668619791666666 0.020182291666666668 0.023763020833333332
0 0.7395833333333334 0.19010416666666666 0.026041666666666668 0.019856770833333332
0 0.419921875 0.057861328125 0.018880208333333332 0.023600260416666668
0 0.17752745478036172 0.206546753875969 0.02220607235142132 0.02119670542635658
