0 0.6090494791666666 0.5638020833333334 0.041015625 0.04296875
0 0.8118489583333334 0.4052734375 0.04296875 0.050130208333333336
0 0.6442057291666666 0.7845052083333334 0.039713541666666664 0.037760416666666664
0 0.6051432291666666 0.775390625 0.042317708333333336 0.045572916666666664
0 0.7454427083333334 0.4033203125 0.03125 0.029296875
0 0.4176432291666667 0.638671875 0.031901041666666664 0.033203125
0 0.6953125 0.3163248697916667 0.044270833333333336 0.050944010416666664
0 0.6490885416666666 0.3948567708333333 0.03125 0.04296875
0 0.5618489583333334 0.7721354166666666 0.035807291666666664 0.037760416666666664
0 0.6822916666666666 0.4108072916666667 0.037760416666666664 0.048828125
0 0.8196614583333334 0.20263671875 0.033854166666666664 0.038411458333333336
0 0.685546875 0.3639322916666667 0.03125 0.034505208333333336
0 0.027272542317708332 0.3834635416666667 0.038065592447916664 0.037760416666666664
0 0.7884114583333334 0.5400390625 0.040364583333333336 0.043619791666666664
0 0.3665364583333333 0.4534505208333333 0.033203125 0.03125
0 0.0204315185546875 0.3330078125 0.036529541015625 0.03515625
0 0.012034098307291666 0.3055013020833333 0.024068196614583332 0.033203125
0 0.6901041666666666 0.332763671875 0.037760416666666664 0.03759765625
0 0.5530598958333334 0.556640625 0.03515625 0.022786458333333332
0 0.01538984904917636 0.35235359132751937 0.024965744609980616 0.0342251090116279
0 0.026122416020671817 0.24288396317829455 0.028262273901808726 0.023215439276485766
0 0.03167393410852711 0.1954437177002584 0.02927164082687339 0.02927164082687339
0 0.41018653100775193 0.5310582202842378 0.021196705426356505 0.026243540051679615
