0 0.2898763020833333 0.15730794270833334 0.059895833333333336 0.06787109375
0 0.2791341145833333 0.5367838541666666 0.058919270833333336 0.06575520833333333
0 0.0355224609375 0.6637369791666666 0.045084635416666664 0.042317708333333336
0 0.3246761193879198 0.06471863581536659 0.030718820655684837 0.034342605630248706
0 0.6868489583333334 0.3509114583333333 0.052083333333333336 0.051432291666666664
0 0.4742838541666667 0.2662760416666667 0.036458333333333336 0.029296875
0 0.2649739583333333 0.3942057291666667 0.048502604166666664 0.040364583333333336
0 0.6402994791666666 0.3539225260416667 0.060546875 0.048665364583333336
0 0.4973958333333333 0.20475260416666666 0.029947916666666668 0.04296875
0 0.4674479166666667 0.14298502604166666 0.024739583333333332 0.0283203125
0 0.2501627604166667 0.4931640625 0.029622395833333332 0.053385416666666664
0 0.3045247395833333 0.011464436848958334 0.047526041666666664 0.022928873697916668
0 0.31201171875 0.20735677083333334 0.038411458333333336 0.025716145833333332
0 0.3153817425710594 0.03415800188246931 0.03517643733850129 0.03692059184229651
0 0.3511385658914728 0.12024588178294575 0.018168604651162806 0.018168604651162785
