0 0.6389973958333334 0.5592447916666666 0.034505208333333336 0.036458333333333336
0 0.7473958333333334 0.845703125 0.049479166666666664 0.045572916666666664
0 0.3352864583333333 0.8756510416666666 0.044270833333333336 0.04296875
0 0.16178385416666666 0.8561197916666666 0.0400390625 0.032552083333333336
0 0.024220784505208332 0.3876953125 0.04156494140625 0.043619791666666664
0 0.023432413736979168 0.22916666666666666 0.037607828776041664 0.0458984375
0 0.3154296875 0.3037109375 0.034830729166666664 0.03515625
0 0.6061197916666666 0.5660807291666666 0.038411458333333336 0.04296875
0 0.024332682291666668 0.3236490885416667 0.041015625 0.048665364583333336
0 0.8274739583333334 0.4625651041666667 0.026041666666666668 0.036458333333333336
0 0.6468098958333334 0.8430989583333334 0.0390625 0.040364583333333336
0 0.69140625 0.8177083333333334 0.05078125 0.037760416666666664
0 0.8268229166666666 0.7740885416666666 0.0546875 0.049479166666666664
0 0.6940104166666666 0.857421875 0.041666666666666664 0.040364583333333336
0 0.6505533854166666 0.07633463541666667 0.0322265625 0.028645833333333332
0 0.6432291666666666 0.880859375 0.040364583333333336 0.032552083333333336
0 0.0210418701171875 0.2897135416666667 0.040598551432291664 0.037434895833333336
0 0.2711588541666667 0.050282796223958336 0.0400390625 0.02703857421875
0 0.01239013671875 0.2517903645833333 0.0247802734375 0.038736979166666664
0 0.2765299479166667 0.0133056640625 0.02734375 0.026611328125
0 0.024088541666666668 0.4283854166666667 0.031901041666666664 0.02734375
0 0.009053548177083334 0.951171875 0.018107096354166668 0.040364583333333336
0 0.5966796875 0.4166666666666667 0.024739583333333332 0.032552083333333336
0 0.6512044270833334 0.3020833333333333 0.030924479166666668 0.025390625
0 0.5524088541666666 0.4046223958333333 0.026692708333333332 0.024739583333333332
0 0.010732014973958334 0.3639322916666667 0.021464029947916668 0.044270833333333336
0 0.9654947916666666 0.4527994791666667 0.024739583333333332 0.01953125
0 0.3603515625 0.3889973958333333 0.029296875 0.020833333333333332
0 0.06412760416666667 0.3645833333333333 0.021321614583333332 0.026692708333333332
0 0.390625 0.20377604166666666 0.029296875 0.024739583333333332
0 0.7760416666666666 0.018147786458333332 0.03515625 0.036295572916666664
0 0.3930272932816537 0.22522004198966408 0.017159237726098286 0.016149870801033583
0 0.5585634689922481 0.24994953165374678 0.027252906976744207 0.02725290697674417
