0 0.482421875 0.12459309895833333 0.044270833333333336 0.029459635416666668
0 0.4951171875 0.031667073567708336 0.055338541666666664 0.04913330078125
0 0.6868489583333334 0.3587239583333333 0.049479166666666664 0.0390625
0 0.70703125 0.5869140625 0.04296875 0.037109375
0 0.2744140625 0.7311197916666666 0.0419921875 0.049479166666666664
0 0.3821614583333333 0.6609700520833334 0.046875 0.0400390625
0 0.319091796875 0.4794921875 0.044108072916666664 0.045572916666666664
0 0.6614583333333334 0.6671549479166666 0.053385416666666664 0.036783854166666664
0 0.6881510416666666 0.2962239583333333 0.045572916666666664 0.041015625
0 0.373046875 0.4329427083333333 0.033203125 0.027994791666666668
0 0.2654622395833333 0.693359375 0.036458333333333336 0.029947916666666668
0 0.49313630490956073 0.0822078892118863 0.059189276485788124 0.04983244509043927
0 0.6744791666666666 0.5777994791666666 0.036458333333333336 0.033854166666666664
0 0.359375 0.7154947916666666 0.032552083333333336 0.03515625
0 0.011042474160206725 0.8607225048449613 0.02208494832041345 0.03915334302325579
0 0.312744140625 0.5299479166666666 0.04248046875 0.051432291666666664
0 0.720703125 0.2858072916666667 0.036458333333333336 0.033854166666666664
0 0.5553385416666666 0.4065755208333333 0.034505208333333336 0.034505208333333336
0 0.4143880208333333 0.22281901041666666 0.02734375 0.0341796875
0 0.42578125 0.6399739583333334 0.043619791666666664 0.029296875
0 0.7454427083333334 0.4088541666666667 0.024739583333333332 0.022135416666666668
0 0.37233527131782945 0.5704235303617571 0.014131136950904436 0.018168604651162806
0 0.47579538113695086 0.49875847868217055 0.021196705426356655 0.018168604651162806
0 0.5782461240310077 0.2847726905684755 0.022206072351421174 0.02826227390180876
0 0.740249515503876 0.4740289890180878 0.021196705426356505 0.02321543927648584
0 0.01956153100775193 0.8787851259689923 0.031290374677002575 0.03734657622739013
