0 0.8203125 0.7057291666666666 0.046875 0.045572916666666664
0 0.7513020833333334 0.5862630208333334 0.048177083333333336 0.036458333333333336
0 0.9342447916666666 0.058481852213541664 0.052083333333333336 0.04742431640625
0 0.8079427083333334 0.5807291666666666 0.03515625 0.033854166666666664
0 0.7200520833333334 0.6412760416666666 0.044270833333333336 0.037760416666666664
0 0.7727864583333334 0.5524088541666666 0.03515625 0.035807291666666664
0 0.9733072916666666 0.08595784505208333 0.045572916666666664 0.046834309895833336
0 0.6764322916666666 0.12459309895833333 0.028645833333333332 0.036783854166666664
0 0.830078125 0.6468098958333334 0.041666666666666664 0.044921875
0 0.5625 0.20751953125 0.046223958333333336 0.0380859375
0 0.748046875 0.6785481770833334 0.0390625 0.033528645833333336
0 0.9680989583333334 0.6223958333333334 0.0390625 0.037109375
0 0.8033854166666666 0.6373697916666666 0.0390625 0.030598958333333332
0 0.3098958333333333 0.18522135416666666 0.027994791666666668 0.024739583333333332
0 0.9537760416666666 0.3277994791666667 0.03125 0.03515625
0 0.5914713541666666 0.2001953125 0.029296875 0.027994791666666668
0 0.9661458333333334 0.642578125 0.03125 0.031901041666666664
0 0.07666015625 0.2623697916666667 0.0244140625 0.0224609375
0 0.7955729166666666 0.697265625 0.024739583333333332 0.033854166666666664
