0 0.7649739583333334 0.3064778645833333 0.040364583333333336 0.043619791666666664
0 0.6044921875 0.066009521484375 0.047526041666666664 0.053365071614583336
0 0.96484375 0.12662760416666666 0.044270833333333336 0.039388020833333336
0 0.7981770833333334 0.2864583333333333 0.044270833333333336 0.0546875
0 0.022801717122395832 0.2589518229166667 0.041147867838541664 0.0478515625
0 0.7877604166666666 0.755859375 0.03125 0.032552083333333336
0 0.5638020833333334 0.054524739583333336 0.037109375 0.035725911458333336
0 0.033182779947916664 0.5533854166666666 0.0477294921875 0.047526041666666664
0 0.7526041666666666 0.759765625 0.037760416666666664 0.045572916666666664
0 0.6533203125 0.3136393229166667 0.043619791666666664 0.042643229166666664
0 0.82421875 0.24544270833333334 0.044270833333333336 0.040364583333333336
0 0.5973307291666666 0.0216064453125 0.048828125 0.041422526041666664
0 0.28271484375 0.7936197916666666 0.037109375 0.0390625
0 0.6529947916666666 0.3544921875 0.037760416666666664 0.048177083333333336
0 0.58984375 0.4130859375 0.025390625 0.03515625
0 0.6168619791666666 0.7701822916666666 0.041015625 0.028645833333333332
0 0.024144490559895832 0.4625651041666667 0.036509195963541664 0.041666666666666664
0 0.6298828125 0.24072265625 0.034505208333333336 0.0439453125
0 0.01556396484375 0.302734375 0.025146484375 0.037434895833333336
0 0.01470947265625 0.6165364583333334 0.0294189453125 0.031901041666666664
0 0.012288411458333334 0.171875 0.024576822916666668 0.029947916666666668
0 0.8033854166666666 0.4860026041666667 0.03515625 0.018880208333333332
0 0.6749295966569768 0.3778186571382429 0.04686238291343647 0.05009992732558133
0 0.007924397786458334 0.4736328125 0.015848795572916668 0.037109375
0 0.6881510416666666 0.350341796875 0.0390625 0.040201822916666664
