0 0.6922200520833334 0.22330729166666666 0.053059895833333336 0.058268229166666664
0 0.6495768229166666 0.1953125 0.055013020833333336 0.0546875
0 0.6507161458333334 0.2945963541666667 0.047526041666666664 0.037109375
0 0.4212239583333333 0.09879557291666667 0.050130208333333336 0.038411458333333336
0 0.2550455729166667 0.2978515625 0.0458984375 0.0458984375
0 0.3512369791666667 0.6363932291666666 0.05078125 0.044270833333333336
0 0.055501302083333336 0.333984375 0.031656901041666664 0.041015625
0 0.7057291666666666 0.6705729166666666 0.05078125 0.045572916666666664
0 0.6666666666666666 0.65283203125 0.05078125 0.044596354166666664
0 0.4654947916666667 0.07607014973958333 0.047526041666666664 0.050984700520833336
0 0.4306640625 0.4212239583333333 0.051432291666666664 0.0390625
0 0.024286905924479168 0.18294270833333334 0.040130615234375 0.042643229166666664
0 0.3727213541666667 0.4384765625 0.03515625 0.027994791666666668
0 0.020375569661458332 0.4599609375 0.035054524739583336 0.050130208333333336
0 0.447265625 0.036509195963541664 0.06315104166666667 0.05474853515625
0 0.337890625 0.427734375 0.032552083333333336 0.03125
0 0.6416015625 0.3756510416666667 0.057942708333333336 0.044921875
0 0.27912780604005166 0.26724061793443155 0.04510356104651159 0.039101612968346244
0 0.591796875 0.2884114583333333 0.03125 0.033528645833333336
0 0.4202473958333333 0.06351725260416667 0.036458333333333336 0.045003255208333336
0 0.012400309244791666 0.11735026041666667 0.024800618489583332 0.031575520833333336
0 0.07743326822916667 0.25048828125 0.030354817708333332 0.03125
0 0.7493489583333334 0.14762369791666666 0.029947916666666668 0.024088541666666668
0 0.006886800130208333 0.5061848958333334 0.013773600260416666 0.038411458333333336
0 0.6279296875 0.11800130208333333 0.036458333333333336 0.028645833333333332
0 0.6090494791666666 0.533203125 0.037109375 0.029947916666666668
0 0.6363932291666666 0.4111328125 0.025390625 0.046223958333333336
0 0.29754875242248074 0.2799479166666667 0.04018794412144707 0.036781330749354
0 0.012852986653645834 0.1640625 0.020762125651041668 0.036458333333333336
