0 0.24479166666666666 0.9088541666666666 0.053059895833333336 0.057291666666666664
0 0.6946614583333334 0.20475260416666666 0.037760416666666664 0.05078125
0 0.7122395833333334 0.3428548177083333 0.0390625 0.03369140625
0 0.3942057291666667 0.0927734375 0.044921875 0.045735677083333336
0 0.2722981770833333 0.4886067708333333 0.042317708333333336 0.042317708333333336
0 0.7493489583333334 0.025594075520833332 0.048177083333333336 0.043538411458333336
0 0.447265625 0.045572916666666664 0.041015625 0.041341145833333336
0 0.18636067708333334 0.6474609375 0.0458984375 0.029947916666666668
0 0.14152018229166666 0.671875 0.048990885416666664 0.045572916666666664
0 0.4345703125 0.10091145833333333 0.041666666666666664 0.04833984375
0 0.6510416666666666 0.13517252604166666 0.03515625 0.041178385416666664
0 0.7024739583333334 0.5152994791666666 0.036458333333333336 0.039713541666666664
0 0.7337239583333334 0.5100911458333334 0.04296875 0.044921875
0 0.2685546875 0.408203125 0.036458333333333336 0.025390625
0 0.14583333333333334 0.7701822916666666 0.040852864583333336 0.032552083333333336
0 0.2511393229166667 0.6344401041666666 0.041341145833333336 0.039713541666666664
0 0.6194661458333334 0.12752278645833334 0.044270833333333336 0.044108072916666664
0 0.5006510416666666 0.024129231770833332 0.039713541666666664 0.048258463541666664
0 0.47135669008397935 0.030173052805030687 0.056317627583979256 0.04892795769743217
0 0.3017578125 0.5009765625 0.033854166666666664 0.048177083333333336
0 0.9453125 0.9244791666666666 0.033854166666666664 0.032552083333333336
0 0.6790364583333334 0.5426432291666666 0.036458333333333336 0.035807291666666664
0 0.6370442708333334 0.5563151041666666 0.03125 0.038411458333333336
0 0.7135416666666666 0.7727864583333334 0.032552083333333336 0.03515625
0 0.3968098958333333 0.4016927083333333 0.026692708333333332 0.024088541666666668
0 0.85546875 0.5436197916666666 0.03515625 0.026692708333333332
0 0.7571614583333334 0.2962239583333333 0.032552083333333336 0.03515625
0 0.6256510416666666 0.2744140625 0.024739583333333332 0.0419921875
0 0.5817057291666666 0.3391927083333333 0.025390625 0.021484375
0 0.24951171875 0.5751953125 0.032877604166666664 0.026692708333333332
0 0.7838541666666666 0.010838826497395834 0.05078125 0.021453857421875
0 0.6328125 0.21516927083333334 0.024739583333333332 0.021484375
0 0.3678385416666667 0.6370442708333334 0.020182291666666668 0.024088541666666668
0 0.4954427083333333 0.3462727864583333 0.0234375 0.027506510416666668
0 0.2774547803617571 0.5961623869509044 0.03835594315245464 0.043402777777777755
0 0.2527252906976744 0.5996951711886305 0.021196705426356505 0.022206072351421174
