0 0.5830078125 0.5104166666666666 0.050130208333333336 0.035807291666666664
0 0.8196614583333334 0.4986979166666667 0.032552083333333336 0.03515625
0 0.4290364583333333 0.5413411458333334 0.039713541666666664 0.039713541666666664
0 0.6028645833333334 0.17118326822916666 0.033854166666666664 0.042073567708333336
0 0.5823567708333334 0.5501302083333334 0.04296875 0.043619791666666664
0 0.4127604166666667 0.5686848958333334 0.031901041666666664 0.035807291666666664
0 0.8658854166666666 0.4817708333333333 0.045572916666666664 0.035807291666666664
0 0.6611328125 0.4905598958333333 0.022786458333333332 0.031901041666666664
0 0.3779296875 0.6158854166666666 0.036458333333333336 0.045572916666666664
0 0.666015625 0.4348958333333333 0.02734375 0.053385416666666664
0 0.556640625 0.24202473958333334 0.0390625 0.0263671875
0 0.8782552083333334 0.4576822916666667 0.045572916666666664 0.037109375
0 0.8391927083333334 0.4606119791666667 0.03515625 0.035807291666666664
0 0.6116536458333334 0.453125 0.031901041666666664 0.01953125
0 0.5930989583333334 0.087646484375 0.028645833333333332 0.029947916666666668
0 0.7533712855297158 0.12125524870801034 0.027252906976744207 0.024224806201550392
