0 0.9127604166666666 0.2906901041666667 0.045572916666666664 0.04296875
0 0.6946614583333334 0.3899739583333333 0.033854166666666664 0.03515625
0 0.12703450520833334 0.6442057291666666 0.041178385416666664 0.028645833333333332
0 0.6520182291666666 0.5185546875 0.029296875 0.033203125
0 0.8229166666666666 0.06617228190104167 0.040364583333333336 0.051249186197916664
0 0.9107341125645996 0.2267246295623385 0.03754340277777768 0.039384235707364344
0 0.9420572916666666 0.443359375 0.040364583333333336 0.046875
0 0.6881510416666666 0.4215494791666667 0.036458333333333336 0.03125
0 0.3152669270833333 0.5758463541666666 0.036783854166666664 0.034505208333333336
0 0.7903645833333334 0.064361572265625 0.036458333333333336 0.047709147135416664
0 0.3048502604166667 0.177734375 0.027018229166666668 0.030924479166666668
0 0.3309733072916667 0.3289388020833333 0.02490234375 0.023111979166666668
0 0.9869791666666666 0.7421875 0.0234375 0.048177083333333336
0 0.2682291666666667 0.5654296875 0.027669270833333332 0.027994791666666668
0 0.6259765625 0.2916666666666667 0.025390625 0.022786458333333332
0 0.232421875 0.3909505208333333 0.021809895833333332 0.0234375
0 0.018442789713541668 0.58203125 0.03033447265625 0.02734375
0 0.9654947916666666 0.5390625 0.026041666666666668 0.027994791666666668
0 0.32893249354005166 0.5043099967700259 0.03633720930232561 0.031290374677002575
0 0.30773578811369506 0.11015221253229975 0.024224806201550358 0.024224806201550375
0 0.8871124031007751 0.22622940891472867 0.02422480620155021 0.03633720930232557
