0 0.2996419270833333 0.07755533854166667 0.040690104166666664 0.044759114583333336
0 0.3561197916666667 0.4326171875 0.04296875 0.044270833333333336
0 0.421875 0.119873046875 0.043619791666666664 0.041829427083333336
0 0.4365234375 0.14729817708333334 0.044921875 0.037109375
0 0.720703125 0.3850911458333333 0.0390625 0.036458333333333336
0 0.4202473958333333 0.28271484375 0.044921875 0.041015625
0 0.2708333333333333 0.6057942708333334 0.0478515625 0.050130208333333336
0 0.24772135416666666 0.3548177083333333 0.031901041666666664 0.032552083333333336
0 0.5 0.07609049479166667 0.035807291666666664 0.043782552083333336
0 0.2574869791666667 0.5696614583333334 0.040364583333333336 0.031901041666666664
0 0.8502604166666666 0.5068359375 0.03125 0.026041666666666668
0 0.0225830078125 0.4055989583333333 0.027384440104166668 0.033203125
0 0.5706380208333334 0.349609375 0.052734375 0.03125
0 0.6331380208333334 0.23990885416666666 0.03125 0.025390625
0 0.5263671875 0.06583658854166667 0.032552083333333336 0.0400390625
0 0.21061197916666666 0.24300130208333334 0.031901041666666664 0.028645833333333332
0 0.498046875 0.017222086588541668 0.030598958333333332 0.034322102864583336
0 0.3538411458333333 0.2703450520833333 0.033854166666666664 0.031901041666666664
0 0.8723958333333334 0.23356119791666666 0.024739583333333332 0.024739583333333332
0 0.7571614583333334 0.3746744791666667 0.02734375 0.025390625
0 0.4488932291666667 0.2853190104166667 0.031901041666666664 0.033203125
0 0.6730143229166666 0.4791666666666667 0.0419921875 0.032552083333333336
0 0.9069010416666666 0.1279296875 0.02734375 0.021321614583333332
0 0.24576822916666666 0.2814127604166667 0.026692708333333332 0.0283203125
0 0.7428385416666666 0.11490885416666667 0.045572916666666664 0.034016927083333336
0 0.3427734375 0.6155598958333334 0.020833333333333332 0.020182291666666668
0 0.6775716145833334 0.5338541666666666 0.0341796875 0.022135416666666668
0 0.1875 0.16617838541666666 0.03515625 0.033854166666666664
0 0.6901041666666666 0.37890625 0.024739583333333332 0.025390625
0 0.6468830749354005 0.46090721899224807 0.028262273901808726 0.027252906976744207
0 0.9118418927648578 0.22622940891472867 0.02321543927648584 0.02018733850129199
0 0.7049216731266149 0.21260295542635657 0.027252906976744058 0.02927164082687339
0 0.37233527131782945 0.19443435077519378 0.022206072351421174 0.021196705426356616
0 0.278968830749354 0.2862867409560723 0.025234173126615023 0.025234173126614984
