0 0.787109375 0.5257161458333334 0.041666666666666664 0.043619791666666664
0 0.56640625 0.4931640625 0.037760416666666664 0.045572916666666664
0 0.6402994791666666 0.043538411458333336 0.041015625 0.038004557291666664
0 0.020233154296875 0.43359375 0.03839111328125 0.035807291666666664
0 0.4567057291666667 0.22298177083333334 0.042317708333333336 0.030598958333333332
0 0.5179036458333334 0.042673746744791664 0.052734375 0.047139485677083336
0 0.2547200520833333 0.12646484375 0.033203125 0.035481770833333336
0 0.8502604166666666 0.4117838541666667 0.045572916666666664 0.036458333333333336
0 0.13028971354166666 0.2937825520833333 0.0322265625 0.04296875
0 0.19970703125 0.13387044270833334 0.038736979166666664 0.026041666666666668
0 0.12923177083333334 0.400390625 0.0380859375 0.0390625
0 0.5305989583333334 0.4820963541666667 0.042317708333333336 0.044921875
0 0.6207682291666666 0.3224283854166667 0.048177083333333336 0.027669270833333332
0 0.3277994791666667 0.3401692708333333 0.039713541666666664 0.028645833333333332
0 0.3824869791666667 0.2060546875 0.02734375 0.042317708333333336
0 0.3175455729166667 0.2939453125 0.028645833333333332 0.03515625
0 0.5022786458333334 0.4915364583333333 0.029947916666666668 0.035807291666666664
0 0.9752604166666666 0.5400390625 0.04296875 0.041015625
0 0.6266276041666666 0.453125 0.031901041666666664 0.046875
0 0.6282552083333334 0.21647135416666666 0.038411458333333336 0.029622395833333332
0 0.8170572916666666 0.1123046875 0.049479166666666664 0.046223958333333336
0 0.9446614583333334 0.020726521809895832 0.045572916666666664 0.041147867838541664
0 0.9889322916666666 0.6803385416666666 0.022135416666666668 0.026041666666666668
0 0.8098958333333334 0.14957682291666666 0.046875 0.045247395833333336
0 0.9108072916666666 0.012858072916666666 0.037760416666666664 0.025716145833333332
0 0.012797037760416666 0.3824869791666667 0.025594075520833332 0.02734375
0 0.3733723958333333 0.09993489583333333 0.034505208333333336 0.02880859375
0 0.67431640625 0.018208821614583332 0.032877604166666664 0.036417643229166664
0 0.5029296875 0.4514973958333333 0.024739583333333332 0.029947916666666668
0 0.677734375 0.06699625651041667 0.028645833333333332 0.039998372395833336
0 0.8782552083333334 0.4016927083333333 0.048177083333333336 0.052083333333333336
0 0.11043294270833333 0.2766927083333333 0.0224609375 0.024739583333333332
0 0.24690755208333334 0.48046875 0.021809895833333332 0.02734375
0 0.7669270833333334 0.4993489583333333 0.029947916666666668 0.029296875
0 0.0102081298828125 0.2099609375 0.020416259765625 0.023763020833333332
0 0.4951171875 0.5673828125 0.022135416666666668 0.025390625
0 0.28076171875 0.4947916666666667 0.02734375 0.024739583333333332
0 0.00922393798828125 0.2918294270833333 0.015569051106770834 0.032877604166666664
0 0.611328125 0.010882059733072916 0.027994791666666668 0.020716349283854168
0 0.22330729166666666 0.13362630208333334 0.0283203125 0.027669270833333332
