0 0.8255208333333334 0.3280436197916667 0.044270833333333336 0.037272135416666664
0 0.85546875 0.2849934895833333 0.048177083333333336 0.038411458333333336
0 0.7630208333333334 0.18603515625 0.036458333333333336 0.037760416666666664
0 0.8151041666666666 0.3889973958333333 0.044270833333333336 0.042317708333333336
0 0.7415364583333334 0.09161376953125 0.0390625 0.038289388020833336
0 0.798828125 0.4150390625 0.029947916666666668 0.041015625
0 0.77734375 0.31005859375 0.033854166666666664 0.030924479166666668
0 0.8639322916666666 0.162353515625 0.033854166666666664 0.026204427083333332
0 0.9088541666666666 0.12630208333333334 0.033854166666666664 0.043294270833333336
0 0.67578125 0.21712239583333334 0.03125 0.022135416666666668
0 0.06339518229166667 0.06306966145833333 0.040690104166666664 0.025960286458333332
0 0.8326822916666666 0.22607421875 0.032552083333333336 0.022135416666666668
0 0.22249348958333334 0.031224568684895832 0.030924479166666668 0.026173909505208332
0 0.7483244509043928 0.38823280038759683 0.043402777777777825 0.04138404392764857
0 0.4697391795865633 0.018299822351421188 0.021196705426356655 0.018168604651162792
