0 0.7649739583333334 0.100341796875 0.0546875 0.05419921875
0 0.8001302083333334 0.14339192708333334 0.0390625 0.040690104166666664
0 0.8040364583333334 0.19921875 0.041666666666666664 0.0361328125
0 0.517578125 0.9537760416666666 0.0390625 0.036458333333333336
0 0.6341145833333334 0.4482421875 0.041015625 0.0390625
0 0.8802083333333334 0.17403157552083334 0.041666666666666664 0.040283203125
0 0.6097005208333334 0.17972819010416666 0.033854166666666664 0.039957682291666664
0 0.69140625 0.24088541666666666 0.036458333333333336 0.033203125
0 0.3174641927083333 0.8001302083333334 0.042154947916666664 0.040364583333333336
0 0.3961588541666667 0.96484375 0.034505208333333336 0.040364583333333336
0 0.6324869791666666 0.3407389322916667 0.034505208333333336 0.033365885416666664
0 0.6515299479166666 0.24641927083333334 0.032877604166666664 0.041666666666666664
0 0.315185546875 0.9231770833333334 0.050618489583333336 0.045572916666666664
0 0.7975260416666666 0.6123046875 0.037760416666666664 0.034505208333333336
0 0.7727864583333334 0.8528645833333334 0.03515625 0.036458333333333336
0 0.45703125 0.9420572916666666 0.044921875 0.048177083333333336
0 0.6240234375 0.23063151041666666 0.039713541666666664 0.0419921875
0 0.73046875 0.7805989583333334 0.033854166666666664 0.033854166666666664
0 0.3033854166666667 0.7721354166666666 0.041015625 0.028645833333333332
0 0.6331380208333334 0.5797526041666666 0.03515625 0.017578125
0 0.5442708333333334 0.8255208333333334 0.03125 0.024739583333333332
0 0.4612630208333333 0.6985677083333334 0.046875 0.024739583333333332
0 0.963314559108527 0.2832346677164083 0.041666666666666664 0.041666666666666664
0 0.7578125 0.6061197916666666 0.028645833333333332 0.025390625
0 0.681640625 0.6223958333333334 0.020833333333333332 0.02734375
0 0.6223958333333334 0.2638346354166667 0.031901041666666664 0.0400390625
0 0.4599609375 0.9765625 0.03515625 0.04296875
0 0.9427083333333334 0.6578776041666666 0.02734375 0.029296875
0 0.8782552083333334 0.7526041666666666 0.029947916666666668 0.0234375
0 0.5992838541666666 0.7805989583333334 0.031901041666666664 0.032552083333333336
0 0.7727864583333334 0.6790364583333334 0.02734375 0.022135416666666668
0 0.5592447916666666 0.71875 0.03125 0.029947916666666668
0 0.5107421875 0.6477864583333334 0.030598958333333332 0.026692708333333332
0 0.5035529715762274 0.1525456233850129 0.03633720930232561 0.022206072351421174
