0 0.771484375 0.787109375 0.0546875 0.055989583333333336
0 0.158935546875 0.5986328125 0.040201822916666664 0.037760416666666664
0 0.09552001953125 0.5846354166666666 0.039754231770833336 0.029296875
0 0.7467447916666666 0.2666015625 0.04296875 0.042317708333333336
0 0.7044270833333334 0.2727864583333333 0.040364583333333336 0.041666666666666664
0 0.7526041666666666 0.7506510416666666 0.037760416666666664 0.049479166666666664
0 0.7063802083333334 0.779296875 0.052083333333333336 0.06770833333333333
0 0.2892252604166667 0.07749430338541667 0.032877604166666664 0.0328369140625
0 0.8118489583333334 0.6048177083333334 0.0390625 0.03515625
0 0.4225260416666667 0.3619791666666667 0.033203125 0.031901041666666664
0 0.16365559895833334 0.2275390625 0.02783203125 0.031575520833333336
0 0.5266927083333334 0.353515625 0.03515625 0.033854166666666664
0 0.29345703125 0.3015950520833333 0.031901041666666664 0.0244140625
0 0.740234375 0.5641276041666666 0.026041666666666668 0.029296875
0 0.25927734375 0.08270263671875 0.029947916666666668 0.032674153645833336
0 0.78125 0.501953125 0.029947916666666668 0.030598958333333332
0 0.3609899870801034 0.4303309714147287 0.024709302325581255 0.03389958817829456
0 0.3157552083333333 0.07950846354166667 0.028645833333333332 0.031412760416666664
0 0.9811197916666666 0.6868489583333334 0.037760416666666664 0.037760416666666664
0 0.9733072916666666 0.3180338541666667 0.029947916666666668 0.024739583333333332
0 0.7955729166666666 0.5289713541666666 0.028645833333333332 0.038411458333333336
0 0.08465576171875 0.4192708333333333 0.026814778645833332 0.018880208333333332
0 0.7975260416666666 0.5032552083333334 0.02734375 0.0390625
0 0.9680989583333334 0.5947265625 0.026041666666666668 0.022786458333333332
0 0.7311197916666666 0.7552083333333334 0.032552083333333336 0.036458333333333336
0 0.944141634366925 0.231780927002584 0.019177971576227176 0.02119670542635658
