0 0.5244140625 0.0189208984375 0.033203125 0.037841796875
0 0.5390625 0.15079752604166666 0.037760416666666664 0.043131510416666664
0 0.8203125 0.057698567708333336 0.036458333333333336 0.038818359375
0 0.5657552083333334 0.21402994791666666 0.040364583333333336 0.0322265625
0 0.4567057291666667 0.2978515625 0.035807291666666664 0.0263671875
0 0.7884114583333334 0.07845052083333333 0.03125 0.03271484375
0 0.677734375 0.13655598958333334 0.026041666666666668 0.0322265625
0 0.7630208333333334 0.07871500651041667 0.026041666666666668 0.0294189453125
0 0.7981770833333334 0.050455729166666664 0.02734375 0.025960286458333332
0 0.011027018229166666 0.012364705403645834 0.022054036458333332 0.022308349609375
0 0.7630208333333334 0.011342366536458334 0.036458333333333336 0.022684733072916668
0 0.09318033854166667 0.004801432291666667 0.024088541666666668 0.009602864583333334
