0 0.72265625 0.3135579427083333 0.055989583333333336 0.03955078125
0 0.765625 0.3173828125 0.048177083333333336 0.04296875
0 0.65234375 0.12434895833333333 0.04296875 0.058756510416666664
0 0.4954427083333333 0.051279703776041664 0.06510416666666667 0.07810465494791667
0 0.4205729166666667 0.8385416666666666 0.041666666666666664 0.036458333333333336
0 0.4742838541666667 0.2853190104166667 0.05078125 0.045247395833333336
0 0.4176432291666667 0.3417154947916667 0.052083333333333336 0.047688802083333336
0 0.12296549479166667 0.6162109375 0.05419921875 0.0390625
0 0.4768880208333333 0.1396484375 0.043619791666666664 0.0439453125
0 0.6866861979166666 0.3723958333333333 0.052408854166666664 0.045572916666666664
0 0.9127604166666666 0.5218098958333334 0.0390625 0.027994791666666668
0 0.3515625 0.3811848958333333 0.038411458333333336 0.033854166666666664
0 0.6888020833333334 0.12361653645833333 0.040364583333333336 0.06282552083333333
0 0.6868489583333334 0.3074544270833333 0.0390625 0.0439453125
0 0.6253255208333334 0.4137369791666667 0.04296875 0.039713541666666664
0 0.671875 0.4270833333333333 0.029947916666666668 0.028645833333333332
0 0.2683919270833333 0.5888671875 0.031575520833333336 0.026041666666666668
0 0.556640625 0.5670572916666666 0.031901041666666664 0.024088541666666668
0 0.8118489583333334 0.20475260416666666 0.033854166666666664 0.0361328125
0 0.5852864583333334 0.24967447916666666 0.026041666666666668 0.041666666666666664
0 0.2986653645833333 0.5377604166666666 0.038736979166666664 0.030598958333333332
0 0.3180338541666667 0.7532552083333334 0.034505208333333336 0.03515625
0 0.3006184895833333 0.27734375 0.0322265625 0.023111979166666668
0 0.6590169270833334 0.3623046875 0.0283203125 0.029947916666666668
0 0.453125 0.14241536458333334 0.022135416666666668 0.03515625
0 0.4811197916666667 0.3984375 0.028645833333333332 0.026041666666666668
0 0.4651692708333333 0.048431396484375 0.027994791666666668 0.04278564453125
0 0.9436369509043927 0.6077701065891473 0.026243540051679837 0.02018733850129199
