0 0.6822916666666666 0.31005859375 0.041666666666666664 0.0419921875
0 0.7408854166666666 0.06510416666666667 0.052083333333333336 0.050130208333333336
0 0.693359375 0.18912760416666666 0.046875 0.037109375
0 0.6468098958333334 0.23111979166666666 0.038411458333333336 0.044596354166666664
0 0.3776041666666667 0.3433430989583333 0.052083333333333336 0.03271484375
0 0.388835897125323 0.7272135416666666 0.043619791666666664 0.049479166666666664
0 0.6790364583333334 0.10611979166666667 0.0546875 0.036783854166666664
0 0.019053141276041668 0.3727213541666667 0.038106282552083336 0.044270833333333336
0 0.7766927083333334 0.15645345052083334 0.049479166666666664 0.047119140625
0 0.8763020833333334 0.4361979166666667 0.044270833333333336 0.03125
0 0.6770833333333334 0.5465494791666666 0.044270833333333336 0.037760416666666664
0 0.9798177083333334 0.5872395833333334 0.040364583333333336 0.041666666666666664
0 0.3977864583333333 0.6344401041666666 0.048177083333333336 0.036458333333333336
0 0.4059244791666667 0.5270182291666666 0.04296875 0.038411458333333336
0 0.2646484375 0.3125 0.048177083333333336 0.046875
0 0.021931966145833332 0.5836588541666666 0.043863932291666664 0.046223958333333336
0 0.10001627604166667 0.5615234375 0.028483072916666668 0.035807291666666664
0 0.23618618277616274 0.8238881823320412 0.04216251816860472 0.0583161740956073
0 0.244140625 0.7610677083333334 0.055989583333333336 0.052083333333333336
0 0.6266276041666666 0.2713216145833333 0.039713541666666664 0.045247395833333336
0 0.6345687984496123 0.0346206546753876 0.06419573643410859 0.052829003149224806
0 0.4147135416666667 0.024302164713541668 0.046223958333333336 0.038960774739583336
0 0.7897135416666666 0.4130859375 0.0390625 0.048828125
0 0.8932291666666666 0.8118489583333334 0.055989583333333336 0.048177083333333336
0 0.7864583333333334 0.24397786458333334 0.029947916666666668 0.036783854166666664
0 0.7526041666666666 0.4124348958333333 0.048177083333333336 0.052734375
0 0.6726888020833334 0.06734212239583333 0.029622395833333332 0.029866536458333332
0 0.22916666666666666 0.6920572916666666 0.049479166666666664 0.040364583333333336
0 0.986328125 0.8059895833333334 0.02734375 0.046875
0 0.27294921875 0.6785481770833334 0.035807291666666664 0.037434895833333336
0 0.2841796875 0.14803059895833334 0.031901041666666664 0.035807291666666664
0 0.4573567708333333 0.3483072916666667 0.03515625 0.02734375
0 0.030492146809895832 0.451171875 0.038380940755208336 0.033854166666666664
0 0.6328125 0.3241373697916667 0.03125 0.04052734375
0 0.41796875 0.3446451822916667 0.0390625 0.033365885416666664
0 0.921875 0.4765625 0.02734375 0.026041666666666668
0 0.3240559895833333 0.058268229166666664 0.032877604166666664 0.022786458333333332
0 0.9817708333333334 0.15653483072916666 0.024739583333333332 0.032633463541666664
0 0.2581947977228682 0.8073320413436692 0.036501231427648495 0.04096010981912146
0 0.24732013081395351 0.665157663113695 0.025950823643410875 0.02855499031007754
0 0.18489583333333334 0.4466145833333333 0.027018229166666668 0.020182291666666668
