0 0.15043131510416666 0.3961588541666667 0.037353515625 0.039713541666666664
0 0.5348307291666666 0.3564453125 0.048177083333333336 0.0390625
0 0.96875 0.3792317708333333 0.045572916666666664 0.028645833333333332
0 0.7252604166666666 0.0231170654296875 0.04296875 0.038319905598958336
0 0.67578125 0.16861979166666666 0.03515625 0.033203125
0 0.2509765625 0.10725911458333333 0.035481770833333336 0.0439453125
0 0.75 0.09979248046875 0.041666666666666664 0.048787434895833336
0 0.5559895833333334 0.4264322916666667 0.03515625 0.028645833333333332
0 0.18359375 0.373046875 0.040364583333333336 0.024088541666666668
0 0.12060546875 0.4088541666666667 0.049153645833333336 0.050130208333333336
0 0.9296875 0.10685221354166667 0.041666666666666664 0.044759114583333336
0 0.013264973958333334 0.06103515625 0.026529947916666668 0.03759765625
0 0.06905110677083333 0.0601806640625 0.033121744791666664 0.030680338541666668
0 0.3873697916666667 0.052530924479166664 0.040364583333333336 0.020426432291666668
0 0.6116536458333334 0.010838826497395834 0.04296875 0.020884195963541668
0 0.8177083333333334 0.07039388020833333 0.03515625 0.038248697916666664
0 0.6341145833333334 0.16263834635416666 0.03125 0.022705078125
0 0.022745768229166668 0.162841796875 0.03955078125 0.04345703125
0 0.3388671875 0.2976888020833333 0.025390625 0.024739583333333332
0 0.5688186369509043 0.5701484778746769 0.048177083333333336 0.052734375000000076
0 0.8072916666666666 0.19026692708333334 0.026041666666666668 0.039713541666666664
0 0.15283203125 0.011004130045572916 0.048502604166666664 0.020757039388020832
0 0.23274739583333334 0.009908040364583334 0.040364583333333336 0.019816080729166668
0 0.22446301679586567 0.054132348191214465 0.031290374677002575 0.025234173126614984
