0 0.5992838541666666 0.2576497395833333 0.041015625 0.040690104166666664
0 0.515625 0.08439127604166667 0.047526041666666664 0.049641927083333336
0 0.28173828125 0.24267578125 0.0517578125 0.06380208333333333
0 0.10725911458333333 0.4752604166666667 0.041015625 0.038411458333333336
0 0.4755859375 0.3909505208333333 0.041015625 0.035807291666666664
0 0.5384114583333334 0.2552083333333333 0.038411458333333336 0.055989583333333336
0 0.6822916666666666 0.3055013020833333 0.033854166666666664 0.053059895833333336
0 0.8873697916666666 0.7740885416666666 0.029947916666666668 0.029947916666666668
0 0.2745768229166667 0.045084635416666664 0.0478515625 0.046061197916666664
0 0.3140462239583333 0.5426432291666666 0.043131510416666664 0.050130208333333336
0 0.8313802083333334 0.78515625 0.022135416666666668 0.022135416666666668
0 0.4827473958333333 0.19856770833333334 0.040364583333333336 0.053059895833333336
0 0.876953125 0.8541666666666666 0.045572916666666664 0.040364583333333336
0 0.4202095445736434 0.3288555293120155 0.04152535529715751 0.04708949047157618
0 0.10774739583333333 0.013463338216145834 0.025227864583333332 0.026458740234375
0 0.834625322997416 0.7581657784237725 0.02422480620155021 0.022206072351421174
0 0.031169250645994812 0.19544371770025837 0.0282622739018088 0.02725290697674417
0 0.9461603682170542 0.6042373223514211 0.01917797157622747 0.025234173126615023
