0 0.703125 0.458984375 0.046875 0.03515625
0 0.751953125 0.0543212890625 0.041666666666666664 0.046630859375
0 0.7161458333333334 0.13875325520833334 0.036458333333333336 0.035807291666666664
0 0.018229166666666668 0.779296875 0.032958984375 0.037760416666666664
0 0.373046875 0.4306640625 0.041015625 0.0390625
0 0.2560221354166667 0.9049479166666666 0.036458333333333336 0.0390625
0 0.78125 0.4658203125 0.0390625 0.029947916666666668
0 0.0186767578125 0.51953125 0.037353515625 0.044270833333333336
0 0.4046223958333333 0.4876302083333333 0.040364583333333336 0.031901041666666664
0 0.7115885416666666 0.053131103515625 0.03125 0.040384928385416664
0 0.2771809895833333 0.5045572916666666 0.037109375 0.046875
0 0.4384765625 0.023722330729166668 0.044270833333333336 0.039469401041666664
0 0.6489270429586562 0.42259165051679587 0.033854166666666664 0.03125
0 0.4853515625 0.3776041666666667 0.03515625 0.026692708333333332
0 0.671875 0.3772786458333333 0.046875 0.0546875
0 0.028096516927083332 0.6217447916666666 0.028279622395833332 0.022135416666666668
0 0.3558756510416667 0.7610677083333334 0.04736328125 0.048177083333333336
0 0.6000169068959947 0.4877753048288114 0.033170320574935484 0.03206001695736438
0 0.6691080729166666 0.5113932291666666 0.0302734375 0.02734375
0 0.5745442708333334 0.4736328125 0.044921875 0.034505208333333336
0 0.34375 0.4072265625 0.037760416666666664 0.030598958333333332
0 0.10730422066779714 0.9367883963178295 0.047584711119185975 0.06063267118863047
0 0.041910807291666664 0.5914713541666666 0.025960286458333332 0.025390625
0 0.6259765625 0.18363444010416666 0.024739583333333332 0.037679036458333336
0 0.607421875 0.7272135416666666 0.031901041666666664 0.024739583333333332
0 0.7115885416666666 0.60546875 0.020833333333333332 0.029296875
0 0.7544916828165377 0.6179369549418605 0.041666666666666664 0.0390625
0 0.34508236434108525 0.11873183139534882 0.04643087855297168 0.03734657622739018
