0 0.27587890625 0.3299967447916667 0.046549479166666664 0.06266276041666667
0 0.05517578125 0.3408203125 0.044596354166666664 0.038411458333333336
0 0.8059895833333334 0.4768880208333333 0.03125 0.03515625
0 0.10699462890625 0.380859375 0.047403971354166664 0.029947916666666668
0 0.7858072916666666 0.3753255208333333 0.0390625 0.038411458333333336
0 0.3230794270833333 0.140380859375 0.032877604166666664 0.04443359375
0 0.8977864583333334 0.02197265625 0.04296875 0.037027994791666664
0 0.791015625 0.4462890625 0.0390625 0.03515625
0 0.5403645833333334 0.05029296875 0.028645833333333332 0.036865234375
0 0.6796875 0.064453125 0.02734375 0.0400390625
0 0.5143229166666666 0.040995279947916664 0.026041666666666668 0.0313720703125
0 0.29150390625 0.14453125 0.038736979166666664 0.045247395833333336
0 0.4905598958333333 0.15152994791666666 0.030598958333333332 0.02978515625
0 0.8196614583333334 0.4384765625 0.029947916666666668 0.033203125
0 0.7571614583333334 0.3766276041666667 0.03125 0.03515625
0 0.771484375 0.2511393229166667 0.03515625 0.019856770833333332
0 0.08740234375 0.041402180989583336 0.041178385416666664 0.030476888020833332
0 0.6194661458333334 0.070556640625 0.026692708333333332 0.030110677083333332
0 0.10970052083333333 0.06673177083333333 0.031412760416666664 0.034993489583333336
0 0.544921875 0.4768880208333333 0.030598958333333332 0.031901041666666664
0 0.41015625 0.24348958333333334 0.039713541666666664 0.029622395833333332
0 0.74609375 0.3528645833333333 0.026041666666666668 0.027994791666666668
0 0.3977864583333333 0.11588541666666667 0.031901041666666664 0.033040364583333336
0 0.9231770833333334 0.15185546875 0.03125 0.023274739583333332
0 0.8932291666666666 0.3181966145833333 0.0234375 0.01953125
0 0.06319173177083333 0.044026692708333336 0.027425130208333332 0.027669270833333332
0 0.4615885416666667 0.09332275390625 0.022786458333333332 0.0394287109375
0 0.5543619791666666 0.328125 0.039713541666666664 0.024088541666666668
