0 0.2882486979166667 0.1583251953125 0.059895833333333336 0.046956380208333336
0 0.2760416666666667 0.11897786458333333 0.045247395833333336 0.04248046875
0 0.9427083333333334 0.578125 0.041666666666666664 0.035807291666666664
0 0.498046875 0.145263671875 0.04296875 0.04833984375
0 0.5631510416666666 0.14632161458333334 0.036458333333333336 0.044921875
0 0.5159505208333334 0.056060791015625 0.052734375 0.044779459635416664
0 0.022211710611979168 0.4072265625 0.038096110026041664 0.037760416666666664
0 0.8782552083333334 0.5628255208333334 0.037760416666666664 0.026041666666666668
0 0.388671875 0.12581380208333334 0.042317708333333336 0.030436197916666668
0 0.2805989583333333 0.19873046875 0.044596354166666664 0.037434895833333336
0 0.9459635416666666 0.4847005208333333 0.033854166666666664 0.026041666666666668
0 0.94140625 0.3707682291666667 0.02734375 0.025390625
0 0.580078125 0.2775065104166667 0.0234375 0.020182291666666668
0 0.75 0.26611328125 0.033854166666666664 0.017252604166666668
0 0.5458984375 0.010284423828125 0.05078125 0.02056884765625
0 0.01904296875 0.9720052083333334 0.0380859375 0.055989583333333336
0 0.4296875 0.2571614583333333 0.025390625 0.021809895833333332
0 0.87109375 0.3818359375 0.0234375 0.022135416666666668
0 0.421875 0.3020833333333333 0.032552083333333336 0.025065104166666668
0 0.059488932291666664 0.3606770833333333 0.025146484375 0.022135416666666668
0 0.5391861474483204 0.40633579618863047 0.029670340762273966 0.03142159237726094
0 0.2667643229166667 0.4720052083333333 0.028645833333333332 0.022135416666666668
0 0.6399739583333334 0.3335774739583333 0.024739583333333332 0.02294921875
0 0.5045572916666666 0.3844401041666667 0.026692708333333332 0.030598958333333332
0 0.67431640625 0.22216796875 0.025065104166666668 0.024739583333333332
0 0.5118701550387597 0.21965843023255816 0.02374031007751931 0.025254360465116272
0 0.3055013020833333 0.35546875 0.021484375 0.030598958333333332
0 0.9413154069767442 0.5471210331879844 0.023619186046511587 0.03010689195736438
0 0.9062903746770025 0.5901061854005167 0.022206072351421174 0.02523417312661495
0 0.7392401485788113 0.31253028100775193 0.02321543927648584 0.027252906976744207
0 0.5151606912144703 0.40640140503875966 0.025234173126614873 0.02927164082687339
0 0.23001453488372095 0.5255067021963824 0.038355943152454795 0.031290374677002575
0 0.09122658268733848 0.33322230297157623 0.025234173126615023 0.020187338501292024
