0 0.9192708333333334 0.3206380208333333 0.052083333333333336 0.046223958333333336
0 0.063934326171875 0.26171875 0.048075358072916664 0.041015625
0 0.826171875 0.376953125 0.06640625 0.049479166666666664
0 0.19254557291666666 0.15547688802083334 0.048177083333333336 0.027913411458333332
0 0.9680989583333334 0.14534505208333334 0.03125 0.026041666666666668
0 0.6214192708333334 0.03985595703125 0.0390625 0.0379638671875
0 0.2665763283268734 0.05443705083171835 0.031850573320413446 0.04279337249677002
0 0.10335286458333333 0.050252278645833336 0.042154947916666664 0.0400390625
0 0.09130859375 0.06282552083333333 0.0341796875 0.035807291666666664
0 0.4597035489341086 0.01544189453125 0.03125 0.030802408854166668
0 0.810546875 0.4069010416666667 0.03515625 0.037760416666666664
0 0.08266194661458333 0.1494140625 0.028361002604166668 0.020670572916666668
0 0.049153645833333336 0.01263427734375 0.034993489583333336 0.0252685546875
