0 0.2980143229166667 0.2412109375 0.052734375 0.06510416666666667
0 0.2939453125 0.8118489583333334 0.037109375 0.04296875
0 0.4514973958333333 0.3694661458333333 0.052734375 0.055338541666666664
0 0.22721354166666666 0.7877604166666666 0.050455729166666664 0.03515625
0 0.8131510416666666 0.9108072916666666 0.05078125 0.04296875
0 0.7942708333333334 0.5361328125 0.048177083333333336 0.047526041666666664
0 0.4951171875 0.4606119791666667 0.060546875 0.054036458333333336
0 0.31396484375 0.6276041666666666 0.040690104166666664 0.036458333333333336
0 0.8125 0.6295572916666666 0.041666666666666664 0.03125
0 0.3309733072916667 0.10158284505208333 0.03271484375 0.038045247395833336
0 0.6520182291666666 0.796875 0.02734375 0.032552083333333336
0 0.2927214551033592 0.11783317940487727 0.040122335271317734 0.03712514635820411
0 0.5364583333333334 0.5804036458333334 0.051432291666666664 0.048177083333333336
0 0.337158203125 0.4596354166666667 0.035319010416666664 0.025390625
0 0.7545572916666666 0.548828125 0.037760416666666664 0.033854166666666664
0 0.07666015625 0.6184895833333334 0.035807291666666664 0.033203125
0 0.4407552083333333 0.4124348958333333 0.03125 0.022786458333333332
0 0.7272135416666666 0.6796875 0.028645833333333332 0.024739583333333332
0 0.6534830729166666 0.5852864583333334 0.031575520833333336 0.0234375
0 0.5218098958333334 0.5758463541666666 0.03125 0.041666666666666664
0 0.2862955729166667 0.4957682291666667 0.0224609375 0.022786458333333332
