0 0.4720052083333333 0.2981770833333333 0.048828125 0.051106770833333336
0 0.6796875 0.0791015625 0.037760416666666664 0.0478515625
0 0.6404622395833334 0.11653645833333333 0.052408854166666664 0.043294270833333336
0 0.022878011067708332 0.423828125 0.043436686197916664 0.03515625
0 0.76953125 0.344970703125 0.04296875 0.03857421875
0 0.2923177083333333 0.3567708333333333 0.047526041666666664 0.050130208333333336
0 0.3580729166666667 0.14591471354166666 0.036458333333333336 0.047688802083333336
0 0.4163411458333333 0.2635091145833333 0.032552083333333336 0.0361328125
0 0.4518229166666667 0.06705729166666667 0.045572916666666664 0.0439453125
0 0.9304949935400515 0.5377642017926356 0.038396317829457516 0.03301891553617575
0 0.3121744791666667 0.4274088541666667 0.038411458333333336 0.034505208333333336
0 0.673828125 0.2825520833333333 0.041666666666666664 0.035807291666666664
0 0.6585564034237726 0.5179036458333334 0.03515625 0.037109375
0 0.09700520833333333 0.4645182291666667 0.04150390625 0.018229166666666668
0 0.6877624354005167 0.5149083494832042 0.02321543927648584 0.0282622739018088
