0 0.8763020833333334 0.20963541666666666 0.040364583333333336 0.039713541666666664
0 0.3883463541666667 0.412109375 0.039713541666666664 0.0390625
0 0.8997395833333334 0.09995524088541667 0.0390625 0.0338134765625
0 0.8203125 0.5973307291666666 0.040364583333333336 0.027994791666666668
0 0.857421875 0.689453125 0.036458333333333336 0.036458333333333336
0 0.7630208333333334 0.036427815755208336 0.036458333333333336 0.04205322265625
0 0.2158203125 0.115234375 0.03515625 0.036458333333333336
0 0.861328125 0.6429036458333334 0.03125 0.02734375
0 0.314453125 0.2703450520833333 0.036783854166666664 0.0302734375
0 0.837890625 0.008120218912760416 0.05078125 0.016026814778645832
0 0.806640625 0.6354166666666666 0.03515625 0.040364583333333336
0 0.2882486979166667 0.203125 0.030924479166666668 0.025390625
0 0.8111979166666666 0.18391927083333334 0.0234375 0.026041666666666668
0 0.64453125 0.010538736979166666 0.046875 0.019917805989583332
0 0.9290364583333334 0.6525065104166666 0.02734375 0.033528645833333336
0 0.4192708333333333 0.13590494791666666 0.029296875 0.032877604166666664
0 0.6389973958333334 0.156494140625 0.033203125 0.04345703125
