0 0.6497395833333334 0.45703125 0.046875 0.043619791666666664
0 0.6847330729166666 0.09108479817708333 0.052408854166666664 0.062296549479166664
0 0.4410807291666667 0.029612223307291668 0.05859375 0.057963053385416664
0 0.37890625 0.23193359375 0.047526041666666664 0.036458333333333336
0 0.5677386143410853 0.4990890463501292 0.05735222868217053 0.04375100936692503
0 0.2734375 0.7766927083333334 0.045572916666666664 0.041666666666666664
0 0.4303385416666667 0.658203125 0.0390625 0.037760416666666664
0 0.6842447916666666 0.4329427083333333 0.0546875 0.05078125
0 0.244140625 0.8125 0.049479166666666664 0.041666666666666664
0 0.763671875 0.15283203125 0.052083333333333336 0.048502604166666664
0 0.7454427083333334 0.31396484375 0.048177083333333336 0.033528645833333336
0 0.4583333333333333 0.11604817708333333 0.044270833333333336 0.033040364583333336
0 0.5579427083333334 0.2919921875 0.050130208333333336 0.045247395833333336
0 0.6873372395833334 0.3544921875 0.048502604166666664 0.047526041666666664
0 0.6061197916666666 0.18509928385416666 0.044921875 0.038330078125
0 0.7506510416666666 0.904296875 0.052083333333333336 0.040364583333333336
0 0.4322916666666667 0.6998697916666666 0.027994791666666668 0.032552083333333336
0 0.6344401041666666 0.09554036458333333 0.051432291666666664 0.055013020833333336
0 0.3043619791666667 0.8502604166666666 0.039388020833333336 0.06510416666666667
0 0.061269124348958336 0.9205729166666666 0.04754638671875 0.044270833333333336
0 0.77734375 0.2906901041666667 0.028645833333333332 0.031901041666666664
0 0.4798177083333333 0.29443359375 0.0390625 0.0390625
0 0.21451822916666666 0.8391927083333334 0.0302734375 0.036458333333333336
0 0.67578125 0.18359375 0.03515625 0.041015625
0 0.2706705729166667 0.5009765625 0.04296875 0.045572916666666664
0 0.3444010416666667 0.6868489583333334 0.029296875 0.028645833333333332
0 0.24967447916666666 0.8430989583333334 0.036783854166666664 0.036458333333333336
0 0.669921875 0.6399739583333334 0.04296875 0.03125
0 0.3006184895833333 0.8001302083333334 0.036458333333333336 0.0390625
0 0.018361409505208332 0.8854166666666666 0.025004069010416668 0.028645833333333332
0 0.6472981770833334 0.19954427083333334 0.045247395833333336 0.045247395833333336
0 0.7916666666666666 0.5960286458333334 0.028645833333333332 0.021484375
0 0.6207682291666666 0.439453125 0.042317708333333336 0.030598958333333332
0 0.3841145833333333 0.66455078125 0.033854166666666664 0.0302734375
0 0.7057291666666666 0.2687174479166667 0.033854166666666664 0.022135416666666668
0 0.8125 0.01947021484375 0.036458333333333336 0.022298177083333332
0 0.779296875 0.3961588541666667 0.026041666666666668 0.022786458333333332
0 0.3590494791666667 0.35546875 0.044270833333333336 0.036458333333333336
0 0.685546875 0.9166666666666666 0.045572916666666664 0.041666666666666664
0 0.8522135416666666 0.5865885416666666 0.03515625 0.022786458333333332
0 0.6373697916666666 0.7701822916666666 0.030598958333333332 0.02734375
0 0.6369521661014211 0.16097762233527133 0.04408662386950901 0.051772953003875966
0 0.4071584302325581 0.4099341892764858 0.02321543927648584 0.024224806201550358
0 0.27190326227390177 0.1525456233850129 0.04542151162790686 0.05450581395348839
