0 0.21028645833333334 0.4371744791666667 0.0458984375 0.044921875
0 0.7864583333333334 0.3828125 0.046875 0.047526041666666664
0 0.3684895833333333 0.5107421875 0.039713541666666664 0.034505208333333336
0 0.703125 0.3968098958333333 0.049479166666666664 0.037109375
0 0.6573893229166666 0.23128255208333334 0.040690104166666664 0.035807291666666664
0 0.8971076590762274 0.47185506500323 0.03249656815245464 0.031600755006459945
0 0.73828125 0.06339518229166667 0.03515625 0.041015625
0 0.333251953125 0.021031697591145832 0.034016927083333336 0.029795328776041668
0 0.6888020833333334 0.13444010416666666 0.04296875 0.037760416666666664
0 0.9244791666666666 0.185546875 0.0390625 0.037434895833333336
0 0.419921875 0.4918619791666667 0.04296875 0.041015625
0 0.18098958333333334 0.4173177083333333 0.029622395833333332 0.033854166666666664
0 0.6272786458333334 0.06258138020833333 0.034505208333333336 0.032389322916666664
0 0.7376302083333334 0.16552734375 0.026041666666666668 0.025065104166666668
0 0.990234375 0.27197265625 0.014322916666666666 0.030598958333333332
0 0.4863937338501292 0.28881015826873385 0.04037467700258398 0.034318475452196386
0 0.900234173126615 0.11923651485788113 0.03028100775193791 0.030281007751937983
0 0.06346899224806198 0.3100068636950904 0.0464308785529716 0.04037467700258398
