0 0.376953125 0.3095703125 0.044270833333333336 0.039388020833333336
0 0.6818033854166666 0.6155598958333334 0.0478515625 0.034505208333333336
0 0.427734375 0.2928059895833333 0.044270833333333336 0.0458984375
0 0.916015625 0.53125 0.049479166666666664 0.034505208333333336
0 0.22281901041666666 0.6710611979166666 0.048177083333333336 0.047200520833333336
0 0.3146158854166667 0.4641927083333333 0.040690104166666664 0.041015625
0 0.3665364583333333 0.5494791666666666 0.050130208333333336 0.030598958333333332
0 0.4130859375 0.6764322916666666 0.03515625 0.041666666666666664
0 0.6796875 0.20751953125 0.03515625 0.03515625
0 0.2522786458333333 0.5377604166666666 0.042643229166666664 0.038411458333333336
0 0.65283203125 0.4820963541666667 0.0380859375 0.041015625
0 0.6585286458333334 0.11319986979166667 0.055338541666666664 0.041666666666666664
0 0.4208984375 0.6207682291666666 0.026692708333333332 0.039713541666666664
0 0.68994140625 0.3600260416666667 0.0537109375 0.057291666666666664
0 0.3152669270833333 0.6643880208333334 0.0400390625 0.041015625
0 0.5813802083333334 0.2877604166666667 0.0390625 0.0458984375
0 0.3932291666666667 0.494140625 0.03515625 0.047526041666666664
0 0.5670572916666666 0.15966796875 0.033854166666666664 0.027018229166666668
0 0.2869466145833333 0.5345052083333334 0.0322265625 0.030598958333333332
0 0.7526041666666666 0.5403645833333334 0.040364583333333336 0.029947916666666668
0 0.724609375 0.20149739583333334 0.033854166666666664 0.024088541666666668
0 0.6907552083333334 0.08559163411458333 0.0390625 0.032267252604166664
0 0.18900553385416666 0.7298177083333334 0.045817057291666664 0.028645833333333332
0 0.609375 0.5481770833333334 0.03515625 0.0390625
0 0.7252604166666666 0.359375 0.033854166666666664 0.03125
0 0.5022786458333334 0.037267049153645836 0.035807291666666664 0.039886474609375
0 0.5520833333333334 0.37890625 0.027994791666666668 0.032552083333333336
0 0.6650390625 0.3561197916666667 0.034505208333333336 0.036458333333333336
0 0.4527994791666667 0.5003255208333334 0.029947916666666668 0.033854166666666664
0 0.6888020833333334 0.48046875 0.029947916666666668 0.026041666666666668
0 0.2421875 0.5807291666666666 0.019856770833333332 0.03125
0 0.6067708333333334 0.5123697916666666 0.029947916666666668 0.029947916666666668
0 0.5587842680071059 0.05370462895671835 0.034886244347545205 0.04425821624677002
0 0.912109375 0.474609375 0.03125 0.0234375
0 0.234375 0.6985677083333334 0.0302734375 0.040364583333333336
