0 0.3841145833333333 0.09651692708333333 0.046875 0.037109375
0 0.4700520833333333 0.544921875 0.049479166666666664 0.042317708333333336
0 0.5654296875 0.01318359375 0.05078125 0.0263671875
0 0.6803385416666666 0.5963541666666666 0.04296875 0.035807291666666664
0 0.4342447916666667 0.09356689453125 0.04296875 0.032267252604166664
0 0.7161458333333334 0.4085286458333333 0.048177083333333336 0.0390625
0 0.4713541666666667 0.6534830729166666 0.049479166666666664 0.0419921875
0 0.8515625 0.9518229166666666 0.052083333333333336 0.053385416666666664
0 0.3977864583333333 0.14827473958333334 0.037109375 0.034505208333333336
0 0.2574869791666667 0.4853515625 0.036783854166666664 0.031901041666666664
0 0.4720052083333333 0.019989013671875 0.034505208333333336 0.03997802734375
0 0.6136067708333334 0.2765299479166667 0.034505208333333336 0.023111979166666668
0 0.7356770833333334 0.6796875 0.032552083333333336 0.04296875
0 0.67822265625 0.30029296875 0.036783854166666664 0.0419921875
0 0.6927083333333334 0.24088541666666666 0.024739583333333332 0.038411458333333336
0 0.4453125 0.12532552083333334 0.034505208333333336 0.0390625
0 0.2673194747254521 0.685905200258398 0.044596354166666664 0.0390625
0 0.3704427083333333 0.4251302083333333 0.030598958333333332 0.029947916666666668
0 0.6536458333333334 0.22721354166666666 0.0234375 0.037434895833333336
0 0.373046875 0.38671875 0.029947916666666668 0.02734375
0 0.3001302083333333 0.6764322916666666 0.034505208333333336 0.032552083333333336
0 0.6749674479166666 0.4407552083333333 0.0302734375 0.022786458333333332
0 0.4319661458333333 0.5888671875 0.041015625 0.048177083333333336
0 0.9264322916666666 0.96875 0.044270833333333336 0.041666666666666664
0 0.4248046875 0.13924153645833334 0.029947916666666668 0.026529947916666668
0 0.3977864583333333 0.3225911458333333 0.033854166666666664 0.026692708333333332
0 0.5706380208333334 0.4973958333333333 0.045572916666666664 0.034505208333333336
0 0.908203125 0.5016276041666666 0.026041666666666668 0.027994791666666668
0 0.5934244791666666 0.30712890625 0.032552083333333336 0.022135416666666668
0 0.6166020671834624 0.3367550872093023 0.024224806201550358 0.0232154392764858
0 0.44450500645994834 0.36703609496124034 0.027252906976744207 0.023215439276485766
