0 0.4296875 0.09903971354166667 0.044921875 0.0390625
0 0.347900390625 0.6422526041666666 0.049641927083333336 0.048828125
0 0.5625 0.5393880208333334 0.045572916666666664 0.039713541666666664
0 0.4716796875 0.031621297200520836 0.049479166666666664 0.033355712890625
0 0.5481770833333334 0.3717447916666667 0.038411458333333336 0.046223958333333336
0 0.5836588541666666 0.037221272786458336 0.060546875 0.05023193359375
0 0.642578125 0.8020833333333334 0.037109375 0.04296875
0 0.65185546875 0.7688802083333334 0.06868489583333333 0.061197916666666664
0 0.6438802083333334 0.2561848958333333 0.043619791666666664 0.033854166666666664
0 0.65185546875 0.720703125 0.045247395833333336 0.033854166666666664
0 0.7473958333333334 0.18505859375 0.024739583333333332 0.037434895833333336
0 0.6103515625 0.3720703125 0.02734375 0.031901041666666664
0 0.4075520833333333 0.447265625 0.042317708333333336 0.032552083333333336
0 0.3844401041666667 0.4475911458333333 0.038411458333333336 0.024739583333333332
0 0.6725260416666666 0.3269856770833333 0.029947916666666668 0.0244140625
0 0.6419270833333334 0.06711832682291667 0.029296875 0.036336263020833336
0 0.714267149144057 0.7725643976098192 0.032877604166666664 0.036458333333333336
0 0.5677083333333334 0.2906901041666667 0.046875 0.028971354166666668
0 0.6477864583333334 0.3968098958333333 0.024088541666666668 0.031901041666666664
0 0.4763000645994832 0.06624475129198966 0.06661821705426367 0.05349644702842377
0 0.6786781330749353 0.7455486918604651 0.03330910852713176 0.033309108527131905
0 0.9118418927648578 0.7405018572351421 0.02321543927648584 0.027252906976744207
0 0.5716852390180879 0.3221192667958656 0.031290374677002575 0.030281007751937983
