0 0.25146484375 0.3063151041666667 0.049479166666666664 0.0458984375
0 0.6344401041666666 0.03790283203125 0.032552083333333336 0.0435791015625
0 0.5862630208333334 0.20296223958333334 0.041015625 0.033528645833333336
0 0.68017578125 0.6321614583333334 0.047200520833333336 0.052734375
0 0.4615885416666667 0.16861979166666666 0.054036458333333336 0.0654296875
0 0.4671223958333333 0.4866536458333333 0.041666666666666664 0.041015625
0 0.3502604166666667 0.09731038411458333 0.038411458333333336 0.037150065104166664
0 0.7096354166666666 0.4664713541666667 0.045572916666666664 0.041015625
0 0.24300130208333334 0.9778645833333334 0.041341145833333336 0.041666666666666664
0 0.3590494791666667 0.8528645833333334 0.032552083333333336 0.032552083333333336
0 0.4832874071382429 0.04429070524467055 0.05062479812661488 0.04895492671996124
0 0.421875 0.4401041666666667 0.047526041666666664 0.041015625
0 0.6041666666666666 0.4495442708333333 0.043619791666666664 0.039713541666666664
0 0.5758463541666666 0.77734375 0.053385416666666664 0.03515625
0 0.9127604166666666 0.346435546875 0.036458333333333336 0.04150390625
0 0.4264322916666667 0.4156901041666667 0.041015625 0.036458333333333336
0 0.6331380208333334 0.8131510416666666 0.035807291666666664 0.03125
0 0.8404947916666666 0.6959635416666666 0.033854166666666664 0.03125
0 0.4827473958333333 0.20768229166666666 0.056640625 0.055338541666666664
0 0.4319661458333333 0.5205078125 0.03125 0.035807291666666664
0 0.4453125 0.921875 0.044921875 0.037760416666666664
0 0.8893229166666666 0.5774739583333334 0.028645833333333332 0.040364583333333336
0 0.21337890625 0.3076171875 0.032877604166666664 0.0302734375
0 0.953125 0.020100911458333332 0.036458333333333336 0.040201822916666664
0 0.65087890625 0.65478515625 0.044596354166666664 0.039388020833333336
0 0.806640625 0.6637369791666666 0.026041666666666668 0.024088541666666668
0 0.6455078125 0.609375 0.041666666666666664 0.059244791666666664
0 0.4518229166666667 0.9739583333333334 0.031901041666666664 0.022135416666666668
0 0.66943359375 0.5413411458333334 0.0439453125 0.029947916666666668
0 0.6051432291666666 0.331787109375 0.036458333333333336 0.031087239583333332
0 0.822265625 0.0259246826171875 0.033854166666666664 0.027903238932291668
0 0.7962239583333334 0.6373697916666666 0.0234375 0.027994791666666668
0 0.6178385416666666 0.3997395833333333 0.032552083333333336 0.027994791666666668
0 0.32629678415697677 0.42477566820090445 0.029047056686046496 0.0195892885981912
0 0.4840494791666667 0.019353230794270832 0.052083333333333336 0.035919189453125
0 0.876953125 0.015055338541666666 0.028645833333333332 0.029622395833333332
0 0.5124202600129198 0.2199637637273902 0.02984697997416023 0.03793705587855297
0 0.6158071907299741 0.30609493600613696 0.02783329295865622 0.023973726178940558
0 0.4768880208333333 0.9654947916666666 0.031901041666666664 0.032552083333333336
0 0.537109375 0.22151692708333334 0.025390625 0.027669270833333332
0 0.7200520833333334 0.78125 0.0234375 0.029947916666666668
0 0.65625 0.91015625 0.028645833333333332 0.022135416666666668
0 0.2674153645833333 0.978515625 0.035807291666666664 0.029947916666666668
0 0.650390625 0.533203125 0.031901041666666664 0.025390625
0 0.7760820413436692 0.8000545058139535 0.024224806201550358 0.027252906976744207
0 0.9878219880490956 0.7564246204780362 0.021751857235142207 0.028817425710594275
