0 0.4752604166666667 0.5475260416666666 0.048177083333333336 0.049479166666666664
0 0.73046875 0.022318522135416668 0.046875 0.044637044270833336
0 0.7291666666666666 0.07515462239583333 0.053385416666666664 0.040283203125
0 0.6790364583333334 0.12044270833333333 0.0390625 0.037434895833333336
0 0.7897135416666666 0.19075520833333334 0.05078125 0.040690104166666664
0 0.779296875 0.071533203125 0.045572916666666664 0.0517578125
0 0.6529947916666666 0.6067708333333334 0.055989583333333336 0.044270833333333336
0 0.5908203125 0.012654622395833334 0.050130208333333336 0.025309244791666668
0 0.3870442708333333 0.6005859375 0.037109375 0.033854166666666664
0 0.24153645833333334 0.7083333333333334 0.060546875 0.0546875
0 0.4215494791666667 0.5950520833333334 0.035807291666666664 0.03515625
0 0.84375 0.1708984375 0.040364583333333336 0.034505208333333336
0 0.7298177083333334 0.4352213541666667 0.052083333333333336 0.036458333333333336
0 0.3701171875 0.65771484375 0.04296875 0.049153645833333336
0 0.7766927083333334 0.4264322916666667 0.037760416666666664 0.041666666666666664
0 0.7369791666666666 0.1778564453125 0.037760416666666664 0.033935546875
0 0.5628255208333334 0.2799479166666667 0.029947916666666668 0.027018229166666668
0 0.9889322916666666 0.5628255208333334 0.01953125 0.032552083333333336
0 0.5491536458333334 0.01227569580078125 0.029296875 0.019312540690104168
0 0.9440104166666666 0.5979817708333334 0.037760416666666664 0.028645833333333332
0 0.7155604005167958 0.38789213905038755 0.033854166666666664 0.026692708333333332
0 0.8352864583333334 0.26318359375 0.024739583333333332 0.0244140625
0 0.7044270833333334 0.17561848958333334 0.029947916666666668 0.0302734375
