0 0.919921875 0.24886067708333334 0.036458333333333336 0.0400390625
0 0.7962239583333334 0.0228271484375 0.045572916666666664 0.044108072916666664
0 0.2882486979166667 0.0296630859375 0.046223958333333336 0.031901041666666664
0 0.4091796875 0.3444010416666667 0.041015625 0.033203125
0 0.13053385416666666 0.3893229166666667 0.039225260416666664 0.035807291666666664
0 0.2706705729166667 0.20654296875 0.048177083333333336 0.0439453125
0 0.5634765625 0.1644287109375 0.037760416666666664 0.036376953125
0 0.4563802083333333 0.201171875 0.038411458333333336 0.028971354166666668
0 0.890625 0.23616536458333334 0.028645833333333332 0.040690104166666664
0 0.4049479166666667 0.2275390625 0.028645833333333332 0.0244140625
0 0.18001302083333334 0.07773844401041667 0.026041666666666668 0.024210611979166668
0 0.6389973958333334 0.08689371744791667 0.029296875 0.025594075520833332
0 0.6570638020833334 0.228515625 0.0478515625 0.0400390625
0 0.046630859375 0.2736002604166667 0.024088541666666668 0.022135416666666668
0 0.8059895833333334 0.2703450520833333 0.0234375 0.027018229166666668
0 0.3922526041666667 0.2633463541666667 0.022135416666666668 0.031901041666666664
0 0.6331380208333334 0.24186197916666666 0.0546875 0.022786458333333332
0 0.53515625 0.3854166666666667 0.026692708333333332 0.021484375
0 0.3873697916666667 0.09090169270833333 0.032552083333333336 0.022298177083333332
0 0.9876302083333334 0.4886067708333333 0.0234375 0.03125
0 0.14640299479166666 0.19401041666666666 0.0341796875 0.026041666666666668
0 0.2565104166666667 0.009440104166666666 0.045247395833333336 0.01690673828125
0 0.8697916666666666 0.23209635416666666 0.01953125 0.038736979166666664
0 0.9602864583333334 0.259765625 0.024739583333333332 0.030598958333333332
0 0.2561848958333333 0.014912923177083334 0.041341145833333336 0.029825846354166668
0 0.5556640625 0.19417317708333334 0.020833333333333332 0.029296875
