0 0.6429036458333334 0.3453776041666667 0.04296875 0.041015625
0 0.22086588541666666 0.4228515625 0.051106770833333336 0.045572916666666664
0 0.5231119791666666 0.3480631510416667 0.036458333333333336 0.03759765625
0 0.4820963541666667 0.20751953125 0.040364583333333336 0.0283203125
0 0.6018880208333334 0.354736328125 0.048177083333333336 0.043131510416666664
0 0.2991536458333333 0.100341796875 0.038736979166666664 0.044270833333333336
0 0.2870437661498708 0.06977753552971576 0.04542151162790701 0.040374677002583965
0 0.3785807291666667 0.084716796875 0.039713541666666664 0.027669270833333332
0 0.4788411458333333 0.2431640625 0.036458333333333336 0.022786458333333332
0 0.4752604166666667 0.3365885416666667 0.024739583333333332 0.025390625
0 0.04638671875 0.4993489583333333 0.026936848958333332 0.020833333333333332
0 0.3733723958333333 0.23681640625 0.022135416666666668 0.022786458333333332
0 0.2861328125 0.3142903645833333 0.026041666666666668 0.021158854166666668
0 0.05892684108527132 0.6451166828165374 0.031290374677002575 0.026243540051679615
0 0.28653908268733846 0.04302931201550387 0.03633720930232561 0.02523417312661498
