0 0.17024739583333334 0.14225260416666666 0.037760416666666664 0.045572916666666664
0 0.4055989583333333 0.20475260416666666 0.041666666666666664 0.047200520833333336
0 0.3505859375 0.058217366536458336 0.047526041666666664 0.04534912109375
0 0.3899739583333333 0.5250651041666666 0.042317708333333336 0.0390625
0 0.6666666666666666 0.6500651041666666 0.03125 0.035807291666666664
0 0.4052734375 0.2802734375 0.041015625 0.035807291666666664
0 0.2633463541666667 0.14762369791666666 0.046223958333333336 0.03662109375
0 0.5006510416666666 0.12508138020833334 0.046223958333333336 0.058756510416666664
0 0.19563802083333334 0.112060546875 0.041015625 0.043294270833333336
0 0.4313151041666667 0.22330729166666666 0.046875 0.0419921875
0 0.7174479166666666 0.5087890625 0.044270833333333336 0.035807291666666664
0 0.091064453125 0.4189453125 0.041341145833333336 0.043619791666666664
0 0.06854248046875 0.494140625 0.0426025390625 0.039713541666666664
0 0.2718098958333333 0.046702067057291664 0.04296875 0.050801595052083336
0 0.16239420572916666 0.5081380208333334 0.043050130208333336 0.037760416666666664
0 0.2607421875 0.2532552083333333 0.040690104166666664 0.0400390625
0 0.6318359375 0.5113932291666666 0.041015625 0.0390625
0 0.036402384440104164 0.5514322916666666 0.036000569661458336 0.038411458333333336
0 0.7037760416666666 0.4778645833333333 0.044270833333333336 0.035807291666666664
0 0.24267578125 0.038686116536458336 0.031575520833333336 0.044047037760416664
0 0.2815755208333333 0.5719401041666666 0.035807291666666664 0.033854166666666664
0 0.724609375 0.4427083333333333 0.04296875 0.04296875
0 0.9524739583333334 0.6569010416666666 0.041666666666666664 0.03515625
0 0.4029947916666667 0.5553385416666666 0.045572916666666664 0.041015625
0 0.296875 0.625 0.038411458333333336 0.036458333333333336
0 0.15657552083333334 0.09830729166666667 0.042317708333333336 0.053385416666666664
0 0.4091796875 0.3230794270833333 0.029296875 0.029622395833333332
0 0.20296223958333334 0.057637532552083336 0.050455729166666664 0.07124837239583333
0 0.5882161458333334 0.6090494791666666 0.030598958333333332 0.044921875
0 0.3444010416666667 0.59765625 0.029296875 0.035807291666666664
0 0.1951391247735507 0.6552875905797101 0.027973562047101403 0.02932518115942025
0 0.30810546875 0.6658528645833334 0.021158854166666668 0.035481770833333336
0 0.4583333333333333 0.6881510416666666 0.038411458333333336 0.03515625
0 0.11995442708333333 0.10774739583333333 0.043782552083333336 0.06201171875
0 0.2731119791666667 0.3095703125 0.02734375 0.037434895833333336
0 0.3961588541666667 0.4290364583333333 0.035807291666666664 0.033854166666666664
0 0.9622395833333334 0.4033203125 0.032552083333333336 0.029296875
0 0.478515625 0.8951822916666666 0.03515625 0.032552083333333336
0 0.138427734375 0.130615234375 0.0341796875 0.03271484375
0 0.8131510416666666 0.12125651041666667 0.03515625 0.027994791666666668
0 0.251953125 0.6373697916666666 0.0263671875 0.025390625
0 0.345703125 0.388671875 0.035807291666666664 0.022135416666666668
0 0.9680989583333334 0.108642578125 0.03515625 0.04345703125
0 0.7473958333333334 0.67236328125 0.037760416666666664 0.031575520833333336
0 0.5242796082427535 0.0820524796195652 0.0557206748188405 0.04887058423913041
0 0.3958333333333333 0.5393880208333334 0.039713541666666664 0.046875
0 0.5804036458333334 0.6344401041666666 0.020182291666666668 0.028645833333333332
0 0.5110677083333334 0.73046875 0.033854166666666664 0.037760416666666664
0 0.4801432291666667 0.859375 0.0234375 0.0390625
0 0.9889322916666666 0.11702473958333333 0.018229166666666668 0.042643229166666664
0 0.7942708333333334 0.23095703125 0.020833333333333332 0.031901041666666664
0 0.3231608072916667 0.4596354166666667 0.027506510416666668 0.0234375
0 0.2840169270833333 0.4622395833333333 0.0234375 0.01953125
0 0.5198567708333334 0.9270833333333334 0.032552083333333336 0.032552083333333336
0 0.2931315104166667 0.396484375 0.027018229166666668 0.024739583333333332
0 0.8352864583333334 0.517578125 0.029947916666666668 0.022135416666666668
0 0.01220703125 0.24609375 0.0244140625 0.041015625
0 0.2153532608695652 0.6631567028985507 0.030570652173913082 0.03170289855072461
0 0.1513247282608695 0.2633038949275362 0.02717391304347827 0.03283514492753622
