0 0.3971354166666667 0.509765625 0.041666666666666664 0.039713541666666664
0 0.4954427083333333 0.5403645833333334 0.042317708333333336 0.044921875
0 0.3255208333333333 0.3977864583333333 0.054036458333333336 0.044270833333333336
0 0.23225911458333334 0.912109375 0.04296875 0.036458333333333336
0 0.08512369791666667 0.765625 0.05029296875 0.053385416666666664
0 0.15767415364583334 0.921875 0.049235026041666664 0.0390625
0 0.2561848958333333 0.5374348958333334 0.034505208333333336 0.03125
0 0.7721354166666666 0.470703125 0.033854166666666664 0.038411458333333336
0 0.708984375 0.833984375 0.046875 0.04296875
0 0.8014322916666666 0.4381510416666667 0.036458333333333336 0.037760416666666664
0 0.2666015625 0.5732421875 0.0322265625 0.0390625
0 0.18994140625 0.4078776041666667 0.040364583333333336 0.042317708333333336
0 0.035085042317708336 0.3404947916666667 0.03448486328125 0.041015625
0 0.0595703125 0.8899739583333334 0.038655598958333336 0.0390625
0 0.04638671875 0.7057291666666666 0.052083333333333336 0.048177083333333336
0 0.18180338541666666 0.5048828125 0.029296875 0.041666666666666664
0 0.4973958333333333 0.4046223958333333 0.036458333333333336 0.037760416666666664
0 0.3922526041666667 0.8645833333333334 0.035807291666666664 0.0390625
0 0.22347005208333334 0.15067545572916666 0.032552083333333336 0.038492838541666664
0 0.3909505208333333 0.921875 0.0390625 0.0390625
0 0.2830403645833333 0.9498697916666666 0.036783854166666664 0.041666666666666664
0 0.22477213541666666 0.58203125 0.030924479166666668 0.032552083333333336
0 0.23225911458333334 0.8046875 0.038411458333333336 0.037760416666666664
0 0.3727213541666667 0.8997395833333334 0.035807291666666664 0.032552083333333336
0 0.3955078125 0.5524088541666666 0.044270833333333336 0.034505208333333336
0 0.15205891927083334 0.4225260416666667 0.036376953125 0.040364583333333336
0 0.10823567708333333 0.49609375 0.042317708333333336 0.037760416666666664
0 0.14737955729166666 0.4889322916666667 0.032389322916666664 0.041015625
0 0.069091796875 0.3294270833333333 0.025553385416666668 0.037109375
0 0.22395833333333334 0.5198567708333334 0.03515625 0.041015625
0 0.2576497395833333 0.763671875 0.030924479166666668 0.0390625
0 0.0675048828125 0.5123697916666666 0.029866536458333332 0.03515625
0 0.17354329427083334 0.4459635416666667 0.031168619791666668 0.031901041666666664
0 0.7259114583333334 0.857421875 0.041666666666666664 0.03515625
0 0.4973958333333333 0.4449869791666667 0.033203125 0.03125
0 0.11319986979166667 0.4322916666666667 0.038248697916666664 0.046223958333333336
0 0.9876302083333334 0.4013671875 0.020833333333333332 0.037109375
0 0.853515625 0.45703125 0.04296875 0.027994791666666668
0 0.0302886962890625 0.533203125 0.031545003255208336 0.030598958333333332
0 0.4622395833333333 0.23860677083333334 0.037109375 0.027018229166666668
0 0.102783203125 0.3294270833333333 0.033365885416666664 0.032552083333333336
0 0.1727294921875 0.8333333333333334 0.026936848958333332 0.040364583333333336
0 0.38671875 0.76953125 0.029947916666666668 0.033854166666666664
0 0.0128173828125 0.3216959635416667 0.025634765625 0.03955078125
0 0.2550455729166667 0.3522135416666667 0.027018229166666668 0.02734375
0 0.013463338216145834 0.5211588541666666 0.023691813151041668 0.033854166666666664
0 0.419921875 0.255859375 0.035807291666666664 0.038736979166666664
0 0.24283854166666666 0.71875 0.027669270833333332 0.028645833333333332
0 0.3837890625 0.2041015625 0.033203125 0.026692708333333332
0 0.30029296875 0.14860026041666666 0.029622395833333332 0.0263671875
0 0.2566731770833333 0.8125 0.027994791666666668 0.036458333333333336
0 0.6331380208333334 0.8860677083333334 0.033203125 0.045572916666666664
0 0.321044921875 0.9772135416666666 0.03369140625 0.029947916666666668
0 0.9635416666666666 0.7584635416666666 0.026041666666666668 0.024739583333333332
0 0.8899739583333334 0.4710286458333333 0.0234375 0.025390625
0 0.9602864583333334 0.4384765625 0.03125 0.033203125
0 0.36328125 0.7506510416666666 0.01953125 0.02734375
0 0.5143229166666666 0.3619791666666667 0.026041666666666668 0.0390625
0 0.9446614583333334 0.7734375 0.022135416666666668 0.0234375
0 0.10416666666666667 0.90234375 0.0419921875 0.0625
0 0.4557291666666667 0.3050130208333333 0.029296875 0.031575520833333336
0 0.3069661458333333 0.6927083333333334 0.0244140625 0.033854166666666664
0 0.13712565104166666 0.5416666666666666 0.028645833333333332 0.022135416666666668
0 0.24186197916666666 0.66748046875 0.03125 0.0244140625
0 0.8580729166666666 0.4205729166666667 0.0234375 0.024739583333333332
0 0.5960286458333334 0.5966796875 0.026041666666666668 0.029296875
0 0.4713541666666667 0.2683919270833333 0.026692708333333332 0.039388020833333336
0 0.6178385416666666 0.857421875 0.0234375 0.036458333333333336
