0 0.2516276041666667 0.306640625 0.0400390625 0.0380859375
0 0.07289632161458333 0.6622721354166666 0.041056315104166664 0.042643229166666664
0 0.4713541666666667 0.5804036458333334 0.041015625 0.041015625
0 0.3968098958333333 0.6419270833333334 0.045572916666666664 0.041015625
0 0.24088541666666666 0.66943359375 0.043619791666666664 0.0361328125
0 0.14794921875 0.23942057291666666 0.041666666666666664 0.033854166666666664
0 0.3912760416666667 0.8346354166666666 0.035807291666666664 0.03515625
0 0.15494791666666666 0.6529947916666666 0.044921875 0.053385416666666664
0 0.4602864583333333 0.5514322916666666 0.046875 0.02734375
0 0.2848307291666667 0.10304768880208333 0.0380859375 0.0406494140625
0 0.3955078125 0.2765299479166667 0.046875 0.033528645833333336
0 0.07863362630208333 0.2535807291666667 0.0372314453125 0.0439453125
0 0.2887369791666667 0.8046875 0.037434895833333336 0.03125
0 0.11653645833333333 0.22819010416666666 0.034505208333333336 0.039388020833333336
0 0.24153645833333334 0.78125 0.0478515625 0.036458333333333336
0 0.32080078125 0.7623697916666666 0.038736979166666664 0.037760416666666664
0 0.2796223958333333 0.916015625 0.0380859375 0.03515625
0 0.12068684895833333 0.13704427083333334 0.041341145833333336 0.043782552083333336
0 0.3922526041666667 0.6946614583333334 0.041015625 0.041666666666666664
0 0.4586588541666667 0.8704427083333334 0.040364583333333336 0.0390625
0 0.80078125 0.5244140625 0.032552083333333336 0.034505208333333336
0 0.15995279947916666 0.7779947916666666 0.046630859375 0.044270833333333336
0 0.6881510416666666 0.21923828125 0.037760416666666664 0.0361328125
0 0.8483072916666666 0.69921875 0.040364583333333336 0.044270833333333336
0 0.6263020833333334 0.603515625 0.035807291666666664 0.033854166666666664
0 0.3675130208333333 0.6681315104166666 0.044270833333333336 0.034830729166666664
0 0.4801432291666667 0.3221028645833333 0.039713541666666664 0.0380859375
0 0.7552083333333334 0.5618489583333334 0.03515625 0.031901041666666664
0 0.09073893229166667 0.7740885416666666 0.039876302083333336 0.036458333333333336
0 0.7337239583333334 0.2080078125 0.037760416666666664 0.041666666666666664
0 0.152587890625 0.2722981770833333 0.03759765625 0.051106770833333336
0 0.6162109375 0.20735677083333334 0.035807291666666664 0.039388020833333336
0 0.22526041666666666 0.2596028645833333 0.035807291666666664 0.044921875
0 0.5960286458333334 0.18896484375 0.04296875 0.0390625
0 0.2643229166666667 0.346435546875 0.029947916666666668 0.031087239583333332
0 0.16841634114583334 0.5520833333333334 0.043375651041666664 0.035807291666666664
0 0.8333333333333334 0.673828125 0.041666666666666664 0.037760416666666664
0 0.5074869791666666 0.5283203125 0.036458333333333336 0.0390625
0 0.0562744140625 0.8313802083333334 0.040364583333333336 0.03515625
0 0.7493489583333334 0.72265625 0.03515625 0.028645833333333332
0 0.14217122395833334 0.16194661458333334 0.031575520833333336 0.033203125
0 0.7688802083333334 0.22054036458333334 0.026041666666666668 0.041341145833333336
0 0.7141927083333334 0.65625 0.032552083333333336 0.032552083333333336
0 0.236328125 0.55859375 0.02734375 0.033203125
0 0.048370361328125 0.2565104166666667 0.026957194010416668 0.040690104166666664
0 0.3505859375 0.23860677083333334 0.033854166666666664 0.032552083333333336
0 0.9524739583333334 0.16259765625 0.044270833333333336 0.037434895833333336
0 0.8580729166666666 0.7877604166666666 0.03515625 0.03125
0 0.09584554036458333 0.5966796875 0.0364990234375 0.033854166666666664
0 0.115478515625 0.16727701822916666 0.026041666666666668 0.033935546875
0 0.568359375 0.4557291666666667 0.031901041666666664 0.024739583333333332
0 0.036580403645833336 0.4768880208333333 0.027587890625 0.031901041666666664
0 0.5875651041666666 0.962890625 0.034505208333333336 0.045572916666666664
0 0.3860677083333333 0.16019694010416666 0.031901041666666664 0.027913411458333332
0 0.016291300455729168 0.24788411458333334 0.030242919921875 0.045247395833333336
0 0.9375 0.9329427083333334 0.032552083333333336 0.0234375
0 0.27587890625 0.2618815104166667 0.024739583333333332 0.030924479166666668
0 0.8548177083333334 0.19563802083333334 0.033854166666666664 0.032552083333333336
0 0.3463541666666667 0.8333333333333334 0.031901041666666664 0.024739583333333332
0 0.24951171875 0.07014973958333333 0.03515625 0.029296875
0 0.6236979166666666 0.3704427083333333 0.040364583333333336 0.029947916666666668
0 0.5159505208333334 0.14656575520833334 0.024739583333333332 0.037109375
0 0.4059244791666667 0.5758463541666666 0.040364583333333336 0.027994791666666668
0 0.17264811197916666 0.12825520833333334 0.028727213541666668 0.031575520833333336
0 0.8352864583333334 0.22509765625 0.0390625 0.034830729166666664
0 0.3098958333333333 0.18684895833333334 0.037434895833333336 0.033854166666666664
0 0.7975260416666666 0.18310546875 0.028645833333333332 0.0234375
0 0.5416666666666666 0.3548177083333333 0.029947916666666668 0.022786458333333332
0 0.18115234375 0.5852864583333334 0.028645833333333332 0.033854166666666664
0 0.7200520833333334 0.92578125 0.02734375 0.032552083333333336
0 0.17545572916666666 0.022542317708333332 0.026692708333333332 0.032918294270833336
0 0.3162434895833333 0.9505208333333334 0.033854166666666664 0.026041666666666668
0 0.8990885416666666 0.22119140625 0.02734375 0.028971354166666668
0 0.298828125 0.15962727864583334 0.0283203125 0.028401692708333332
0 0.396484375 0.9296875 0.030598958333333332 0.029947916666666668
0 0.060872395833333336 0.6123046875 0.025309244791666668 0.033854166666666664
0 0.2919921875 0.8639322916666666 0.0283203125 0.033854166666666664
0 0.4759114583333333 0.8873697916666666 0.03125 0.02734375
0 0.6493042938468992 0.9308003270348837 0.04405129602713176 0.050402737403100716
0 0.9811197916666666 0.127685546875 0.01953125 0.01953125
0 0.14860026041666666 0.3050130208333333 0.025390625 0.033528645833333336
0 0.8567708333333334 0.8567708333333334 0.02734375 0.029947916666666668
0 0.6809895833333334 0.8580729166666666 0.026041666666666668 0.028645833333333332
0 0.9921875 0.17513020833333334 0.013020833333333334 0.037434895833333336
0 0.2609049479166667 0.7076822916666666 0.027018229166666668 0.02734375
