0 0.9303385416666666 0.3492024739583333 0.041666666666666664 0.043131510416666664
0 0.155029296875 0.892578125 0.041178385416666664 0.044270833333333336
0 0.15897623697916666 0.4339192708333333 0.044677734375 0.041666666666666664
0 0.744140625 0.78515625 0.0546875 0.040364583333333336
0 0.09405517578125 0.71484375 0.046915690104166664 0.053385416666666664
0 0.4000651041666667 0.5335286458333334 0.044921875 0.0390625
0 0.15861002604166666 0.3776041666666667 0.04345703125 0.040364583333333336
0 0.057210286458333336 0.8834635416666666 0.034586588541666664 0.037760416666666664
0 0.337890625 0.2470703125 0.038411458333333336 0.037760416666666664
0 0.07767740885416667 0.490234375 0.029703776041666668 0.03515625
0 0.07474772135416667 0.4384765625 0.036865234375 0.036458333333333336
0 0.5149739583333334 0.4150390625 0.041015625 0.04296875
0 0.2581380208333333 0.5367838541666666 0.038411458333333336 0.034505208333333336
0 0.361328125 0.90625 0.034505208333333336 0.037760416666666664
0 0.3256022135416667 0.20686848958333334 0.04345703125 0.047200520833333336
0 0.035847981770833336 0.7369791666666666 0.043701171875 0.041666666666666664
0 0.3932291666666667 0.8678385416666666 0.036458333333333336 0.040364583333333336
0 0.054514567057291664 0.6687825520833334 0.038106282552083336 0.038736979166666664
0 0.07623291015625 0.7981770833333334 0.043497721354166664 0.040364583333333336
0 0.3870442708333333 0.9381510416666666 0.050130208333333336 0.0390625
0 0.5009765625 0.7545572916666666 0.03125 0.0390625
0 0.041432698567708336 0.4794921875 0.037740071614583336 0.03515625
0 0.23567708333333334 0.884765625 0.04296875 0.0390625
0 0.2833658854166667 0.9244791666666666 0.040690104166666664 0.036458333333333336
0 0.14469401041666666 0.19759114583333334 0.028483072916666668 0.032552083333333336
0 0.11897786458333333 0.3961588541666667 0.045247395833333336 0.048828125
0 0.4817708333333333 0.8450520833333334 0.040364583333333336 0.044270833333333336
0 0.5445963541666666 0.3688151041666667 0.039713541666666664 0.036458333333333336
0 0.12190755208333333 0.4537760416666667 0.036783854166666664 0.039713541666666664
0 0.521484375 0.5537109375 0.032552083333333336 0.037760416666666664
0 0.251953125 0.10587565104166667 0.03515625 0.029947916666666668
0 0.16748046875 0.509765625 0.036783854166666664 0.041666666666666664
0 0.8411458333333334 0.3863932291666667 0.032552083333333336 0.043619791666666664
0 0.3616536458333333 0.6419270833333334 0.02734375 0.032552083333333336
0 0.23583984375 0.7513020833333334 0.033854166666666664 0.03515625
0 0.4781901041666667 0.4817708333333333 0.0390625 0.045572916666666664
0 0.3971354166666667 0.7389322916666666 0.033203125 0.0390625
0 0.775390625 0.3570963541666667 0.048177083333333336 0.038411458333333336
0 0.5699869791666666 0.9544270833333334 0.025390625 0.036458333333333336
0 0.343994140625 0.4052734375 0.031412760416666664 0.032552083333333336
0 0.7578125 0.8196614583333334 0.041666666666666664 0.032552083333333336
0 0.4049479166666667 0.4664713541666667 0.036458333333333336 0.029296875
0 0.4039713541666667 0.5628255208333334 0.028645833333333332 0.029947916666666668
0 0.5914713541666666 0.5426432291666666 0.0234375 0.029947916666666668
0 0.23893229166666666 0.3326822916666667 0.025065104166666668 0.024739583333333332
0 0.7591145833333334 0.92578125 0.03515625 0.028645833333333332
0 0.316650390625 0.3447265625 0.04248046875 0.039713541666666664
0 0.24837239583333334 0.18912760416666666 0.027018229166666668 0.024739583333333332
0 0.8795572916666666 0.9016927083333334 0.028645833333333332 0.03515625
0 0.8248697916666666 0.3336588541666667 0.020833333333333332 0.030598958333333332
0 0.22314453125 0.041280110677083336 0.026041666666666668 0.033732096354166664
0 0.07379150390625 0.14070638020833334 0.027058919270833332 0.032063802083333336
0 0.8196614583333334 0.927734375 0.03125 0.03515625
0 0.3321126302083333 0.07696533203125 0.02587890625 0.030314127604166668
0 0.7259114583333334 0.95703125 0.022135416666666668 0.024739583333333332
0 0.3252766927083333 0.9811197916666666 0.03173828125 0.036458333333333336
0 0.3850911458333333 0.7838541666666666 0.021484375 0.024739583333333332
0 0.015192667643229166 0.8977864583333334 0.025848388671875 0.033854166666666664
0 0.5895182291666666 0.2581380208333333 0.026692708333333332 0.029622395833333332
0 0.6305338541666666 0.953125 0.022786458333333332 0.029947916666666668
0 0.21500651041666666 0.28173828125 0.028645833333333332 0.028645833333333332
0 0.01300048828125 0.4765625 0.022745768229166668 0.039713541666666664
0 0.8461243872549019 0.8855124080882352 0.03929227941176464 0.034505208333333336
0 0.0290679931640625 0.15885416666666666 0.027069091796875 0.0302734375
0 0.4241536458333333 0.7311197916666666 0.024739583333333332 0.032552083333333336
0 0.4075520833333333 0.7942708333333334 0.021484375 0.029947916666666668
0 0.8548177083333334 0.2926432291666667 0.024739583333333332 0.025065104166666668
0 0.058268229166666664 0.13427734375 0.025065104166666668 0.03564453125
0 0.2823893229166667 0.8001302083333334 0.0263671875 0.024739583333333332
0 0.6712239583333334 0.8294270833333334 0.036458333333333336 0.032552083333333336
0 0.3577473958333333 0.8151041666666666 0.026692708333333332 0.020833333333333332
0 0.4954427083333333 0.533203125 0.02734375 0.030598958333333332
0 0.3899739583333333 0.9602864583333334 0.029947916666666668 0.03125
0 0.91796875 0.2975260416666667 0.0234375 0.033854166666666664
0 0.30517578125 0.8567708333333334 0.025065104166666668 0.024739583333333332
0 0.3050130208333333 0.732421875 0.0263671875 0.022135416666666668
0 0.9889322916666666 0.5003255208333334 0.018229166666666668 0.025390625
0 0.12736002604166666 0.16215006510416666 0.02392578125 0.030843098958333332
0 0.3055013020833333 0.6468098958333334 0.017578125 0.028645833333333332
0 0.6692708333333334 0.9485677083333334 0.024739583333333332 0.032552083333333336
0 0.9036458333333334 0.5787760416666666 0.022135416666666668 0.022135416666666668
0 0.2682291666666667 0.4606119791666667 0.0263671875 0.03515625
0 0.4010416666666667 0.5491536458333334 0.036458333333333336 0.045572916666666664
0 0.5367838541666666 0.27001953125 0.022135416666666668 0.025390625
0 0.3492838541666667 0.09903971354166667 0.026692708333333332 0.0263671875
0 0.22233072916666666 0.3133138020833333 0.026041666666666668 0.043294270833333336
0 0.94921875 0.8880208333333334 0.026041666666666668 0.0234375
0 0.75 0.6279296875 0.022135416666666668 0.020182291666666668
0 0.82421875 0.3369954427083333 0.0390625 0.032389322916666664
0 0.009821573893229166 0.3072916666666667 0.019643147786458332 0.028645833333333332
0 0.2776692708333333 0.7096354166666666 0.020833333333333332 0.0234375
0 0.0073089599609375 0.4567057291666667 0.014617919921875 0.0390625
0 0.8566750919117646 0.5671913296568628 0.020105698529411836 0.02776501225490195
0 0.736040900735294 0.18183210784313722 0.02202052696078427 0.0229779411764706
