0 0.828125 0.5598958333333334 0.0390625 0.044921875
0 0.2392578125 0.9557291666666666 0.040364583333333336 0.041666666666666664
0 0.4827473958333333 0.8932291666666666 0.038411458333333336 0.0390625
0 0.033121744791666664 0.8352864583333334 0.046223958333333336 0.044270833333333336
0 0.3483072916666667 0.6487630208333334 0.03515625 0.030598958333333332
0 0.6276041666666666 0.5113932291666666 0.041015625 0.038411458333333336
0 0.5882161458333334 0.5358072916666666 0.040364583333333336 0.036458333333333336
0 0.13777669270833334 0.9251302083333334 0.041341145833333336 0.03515625
0 0.3157552083333333 0.9407552083333334 0.041015625 0.036458333333333336
0 0.23193359375 0.615234375 0.035481770833333336 0.036458333333333336
0 0.3207194010416667 0.6331380208333334 0.038899739583333336 0.039713541666666664
0 0.13224283854166666 0.7916666666666666 0.045084635416666664 0.048177083333333336
0 0.2823893229166667 0.6012369791666666 0.034830729166666664 0.026041666666666668
0 0.16593424479166666 0.583984375 0.038899739583333336 0.037109375
0 0.2734375 0.5286458333333334 0.037434895833333336 0.041015625
0 0.17529296875 0.8235677083333334 0.048502604166666664 0.049479166666666664
0 0.978515625 0.4817708333333333 0.032552083333333336 0.032552083333333336
0 0.041829427083333336 0.6155598958333334 0.033121744791666664 0.033854166666666664
0 0.24576822916666666 0.51171875 0.03515625 0.037109375
0 0.4762369791666667 0.9479166666666666 0.038411458333333336 0.036458333333333336
0 0.5693359375 0.6979166666666666 0.0390625 0.036458333333333336
0 0.06856282552083333 0.5927734375 0.037027994791666664 0.036458333333333336
0 0.4576822916666667 0.9296875 0.035807291666666664 0.032552083333333336
0 0.06986490885416667 0.4212239583333333 0.032796223958333336 0.028645833333333332
0 0.490234375 0.6681315104166666 0.043619791666666664 0.0361328125
0 0.10660807291666667 0.5882161458333334 0.033365885416666664 0.028645833333333332
0 0.3167317708333333 0.8352864583333334 0.038411458333333336 0.036458333333333336
0 0.7936197916666666 0.8938802083333334 0.044270833333333336 0.03515625
0 0.8580729166666666 0.5595703125 0.0234375 0.037109375
0 0.20003255208333334 0.6018880208333334 0.029622395833333332 0.032552083333333336
0 0.80078125 0.921875 0.0390625 0.03515625
0 0.23958333333333334 0.5458984375 0.033203125 0.034505208333333336
0 0.18339029947916666 0.5504557291666666 0.036865234375 0.026041666666666668
0 0.2596028645833333 0.6468098958333334 0.028645833333333332 0.035807291666666664
0 0.30712890625 0.4625651041666667 0.029947916666666668 0.024088541666666668
0 0.5843098958333334 0.5823567708333334 0.039713541666666664 0.043619791666666664
0 0.13427734375 0.5556640625 0.035807291666666664 0.035807291666666664
0 0.07444254557291667 0.6253255208333334 0.039265950520833336 0.033203125
0 0.4993489583333333 0.5944010416666666 0.04296875 0.040364583333333336
0 0.8899739583333334 0.5104166666666666 0.026041666666666668 0.031901041666666664
0 0.035700480143229164 0.9388020833333334 0.038706461588541664 0.04296875
0 0.016682942708333332 0.6080729166666666 0.033365885416666664 0.033203125
0 0.4895833333333333 0.6979166666666666 0.03125 0.029947916666666668
0 0.8541666666666666 0.5211588541666666 0.03125 0.032552083333333336
0 0.10750325520833333 0.6240234375 0.026204427083333332 0.03515625
0 0.21809895833333334 0.5413411458333334 0.037109375 0.029947916666666668
0 0.9140625 0.5709635416666666 0.0234375 0.030598958333333332
0 0.28466796875 0.4368489583333333 0.0283203125 0.03125
0 0.2530924479166667 0.8815104166666666 0.0361328125 0.048177083333333336
0 0.3623046875 0.974609375 0.038411458333333336 0.036458333333333336
0 0.22493489583333334 0.4645182291666667 0.029296875 0.020833333333333332
0 0.20052083333333334 0.9329427083333334 0.037434895833333336 0.0390625
0 0.047281901041666664 0.4498697916666667 0.030843098958333332 0.035807291666666664
0 0.0147705078125 0.4368489583333333 0.029541015625 0.029296875
0 0.041829427083333336 0.3782552083333333 0.025634765625 0.027994791666666668
0 0.10579427083333333 0.4283854166666667 0.02734375 0.03515625
0 0.9850260416666666 0.810546875 0.029947916666666668 0.026041666666666668
0 0.13126627604166666 0.6136067708333334 0.01904296875 0.040364583333333336
0 0.904296875 0.9563802083333334 0.028645833333333332 0.03125
0 0.9889322916666666 0.4329427083333333 0.022135416666666668 0.025390625
0 0.06746419270833333 0.3714192708333333 0.0263671875 0.030598958333333332
0 0.16475423177083334 0.4879557291666667 0.043863932291666664 0.051432291666666664
0 0.388671875 0.7858072916666666 0.0234375 0.046875
0 0.09147135416666667 0.3795572916666667 0.02734375 0.026692708333333332
0 0.3883463541666667 0.5013020833333334 0.034505208333333336 0.025390625
0 0.054850260416666664 0.7799479166666666 0.032145182291666664 0.026041666666666668
0 0.4807942708333333 0.4401041666666667 0.022135416666666668 0.021484375
0 0.1552734375 0.892578125 0.020182291666666668 0.032552083333333336
0 0.5143380571705426 0.6015221253229974 0.03121971899224807 0.033934916020671814
0 0.3382161458333333 0.3782552083333333 0.026692708333333332 0.0234375
0 0.3597005208333333 0.853515625 0.0234375 0.020833333333333332
0 0.4356427648578811 0.822765261627907 0.021196705426356505 0.024224806201550358
0 0.4300912467700258 0.8560743701550387 0.038355943152454795 0.03028100775193791
0 0.4613816214470284 0.817718427002584 0.018168604651162656 0.024224806201550358
