0 0.023839314778645832 0.62890625 0.041188557942708336 0.0390625
0 0.061848958333333336 0.587890625 0.035319010416666664 0.03515625
0 0.71875 0.7096354166666666 0.033854166666666664 0.029947916666666668
0 0.19514973958333334 0.18684895833333334 0.029622395833333332 0.038736979166666664
0 0.4498697916666667 0.3916015625 0.038411458333333336 0.044921875
0 0.759765625 0.6700846354166666 0.03125 0.037434895833333336
0 0.365234375 0.4501953125 0.034505208333333336 0.044921875
0 0.10392252604166667 0.5625 0.034016927083333336 0.032552083333333336
0 0.02337646484375 0.3456217447916667 0.035888671875 0.039876302083333336
0 0.796875 0.701171875 0.03515625 0.03515625
0 0.8821614583333334 0.3512369791666667 0.029947916666666668 0.0390625
0 0.13704427083333334 0.8365885416666666 0.0380859375 0.037760416666666664
0 0.1123046875 0.3465983072916667 0.039225260416666664 0.03857421875
0 0.0599365234375 0.3701171875 0.028564453125 0.033854166666666664
0 0.53125 0.9583333333333334 0.029947916666666668 0.0390625
0 0.9270833333333334 0.6564127604166666 0.037760416666666664 0.027018229166666668
0 0.5143229166666666 0.7376302083333334 0.029947916666666668 0.0390625
0 0.056477864583333336 0.767578125 0.039225260416666664 0.03515625
0 0.7330729166666666 0.95703125 0.03515625 0.0390625
0 0.1661376953125 0.5537109375 0.050537109375 0.050130208333333336
0 0.08487955729166667 0.6442057291666666 0.032552083333333336 0.034505208333333336
0 0.06901041666666667 0.3977864583333333 0.034016927083333336 0.033854166666666664
0 0.5810546875 0.9772135416666666 0.0390625 0.0390625
0 0.7415364583333334 0.5862630208333334 0.0390625 0.03515625
0 0.6644561531007751 0.6614583333333334 0.040364583333333336 0.028645833333333332
0 0.9332101905684755 0.2887603207768088 0.04350371447028426 0.04854928738695089
0 0.013387044270833334 0.84375 0.026774088541666668 0.036458333333333336
0 0.6666666666666666 0.9055989583333334 0.044270833333333336 0.052083333333333336
0 0.404296875 0.5989583333333334 0.039713541666666664 0.037760416666666664
0 0.7571614583333334 0.935546875 0.028645833333333332 0.040364583333333336
0 0.6305338541666666 0.8782552083333334 0.036458333333333336 0.04296875
0 0.10221354166666667 0.6136067708333334 0.03076171875 0.022786458333333332
0 0.4791666666666667 0.3958333333333333 0.02734375 0.028645833333333332
0 0.012949625651041666 0.5865885416666666 0.025899251302083332 0.027994791666666668
0 0.9674479166666666 0.6888020833333334 0.024739583333333332 0.026041666666666668
0 0.8743489583333334 0.904296875 0.0390625 0.049479166666666664
0 0.5970052083333334 0.875 0.046875 0.045572916666666664
0 0.4837239583333333 0.9886067708333334 0.03125 0.022786458333333332
0 0.8561197916666666 0.2888997395833333 0.032552083333333336 0.037760416666666664
0 0.7421875 0.912109375 0.04296875 0.028645833333333332
0 0.030324300130208332 0.8020833333333334 0.02886962890625 0.0390625
0 0.6334635416666666 0.9244791666666666 0.029296875 0.033854166666666664
0 0.4199937923934107 0.4128790172803618 0.024232376453488413 0.02641008559431531
0 0.794921875 0.6197916666666666 0.029947916666666668 0.035807291666666664
0 0.029362996419270832 0.3932291666666667 0.026723225911458332 0.027994791666666668
0 0.22444661458333334 0.3766276041666667 0.02734375 0.027994791666666668
0 0.17789713541666666 0.3564453125 0.029947916666666668 0.034505208333333336
0 0.8092447916666666 0.890625 0.0234375 0.028645833333333332
0 0.3374837239583333 0.22705078125 0.02490234375 0.0341796875
0 0.7610677083333334 0.6184895833333334 0.03515625 0.024088541666666668
0 0.7727864583333334 0.26904296875 0.033854166666666664 0.0244140625
0 0.7330729166666666 0.14436848958333334 0.02734375 0.018880208333333332
0 0.7102864583333334 0.20166015625 0.03515625 0.0380859375
0 0.3172200520833333 0.4176432291666667 0.021158854166666668 0.03125
0 0.986328125 0.962890625 0.026041666666666668 0.053385416666666664
0 0.121826171875 0.18017578125 0.028483072916666668 0.021158854166666668
0 0.12125651041666667 0.8776041666666666 0.0263671875 0.029947916666666668
0 0.5431403423772609 0.5901061854005167 0.018168604651162806 0.023215439276485766
0 0.2625363372093023 0.903514615633075 0.026243540051679615 0.030281007751938056
0 0.7389575258397932 0.2580244670542636 0.026243540051679542 0.027252906976744207
0 0.7858930878552971 0.1767704295865633 0.02321543927648584 0.030281007751937983
0 0.37709948320413433 0.2004905523255814 0.025234173126615023 0.0232154392764858
0 0.6178334948320413 0.05716044896640827 0.026243540051679542 0.03532784237726098
