0 0.88671875 0.4772135416666667 0.04296875 0.044921875
0 0.1610107421875 0.4733072916666667 0.041259765625 0.039713541666666664
0 0.17887369791666666 0.8170572916666666 0.047526041666666664 0.052083333333333336
0 0.4596354166666667 0.4742838541666667 0.042317708333333336 0.037760416666666664
0 0.06626383463541667 0.962890625 0.038370768229166664 0.045572916666666664
0 0.20035807291666666 0.474609375 0.042643229166666664 0.037109375
0 0.157470703125 0.4296875 0.042805989583333336 0.031901041666666664
0 0.236328125 0.4817708333333333 0.040690104166666664 0.048177083333333336
0 0.4228515625 0.5481770833333334 0.039713541666666664 0.042317708333333336
0 0.2021484375 0.5166015625 0.039388020833333336 0.041015625
0 0.23990885416666666 0.9641927083333334 0.044596354166666664 0.03515625
0 0.23893229166666666 0.334716796875 0.042643229166666664 0.038248697916666664
0 0.10872395833333333 0.5286458333333334 0.04150390625 0.046875
0 0.029876708984375 0.826171875 0.038065592447916664 0.0390625
0 0.5016276041666666 0.5618489583333334 0.041015625 0.037109375
0 0.21761067708333334 0.5579427083333334 0.031575520833333336 0.029947916666666668
0 0.23779296875 0.8424479166666666 0.040690104166666664 0.041666666666666664
0 0.19873046875 0.4169921875 0.0361328125 0.037760416666666664
0 0.058634440104166664 0.765625 0.030192057291666668 0.0390625
0 0.7649739583333334 0.89453125 0.033854166666666664 0.03515625
0 0.8294270833333334 0.4736328125 0.037760416666666664 0.033203125
0 0.013427734375 0.5423177083333334 0.02685546875 0.041015625
0 0.134033203125 0.7701822916666666 0.051595052083333336 0.05078125
0 0.7467447916666666 0.8645833333333334 0.037760416666666664 0.0390625
0 0.3151041666666667 0.3451334635416667 0.035807291666666664 0.036946614583333336
0 0.3990885416666667 0.94921875 0.039713541666666664 0.0390625
0 0.14314778645833334 0.9479166666666666 0.032389322916666664 0.037760416666666664
0 0.3984375 0.9140625 0.037109375 0.036458333333333336
0 0.4169921875 0.6282552083333334 0.036458333333333336 0.034505208333333336
0 0.039876302083333336 0.22265625 0.031331380208333336 0.0302734375
0 0.2578125 0.5859375 0.0263671875 0.030598958333333332
0 0.4290364583333333 0.4876302083333333 0.033854166666666664 0.037109375
0 0.4983723958333333 0.6393229166666666 0.032552083333333336 0.0390625
0 0.5872395833333334 0.6201171875 0.033854166666666664 0.037109375
0 0.3707682291666667 0.97265625 0.034505208333333336 0.040364583333333336
0 0.8404947916666666 0.4375 0.033854166666666664 0.03515625
0 0.8411458333333334 0.9342447916666666 0.0390625 0.032552083333333336
0 0.1656494140625 0.51953125 0.030354817708333332 0.029947916666666668
0 0.08856201171875 0.2119140625 0.0328369140625 0.044921875
0 0.294921875 0.8255208333333334 0.032877604166666664 0.03125
0 0.2669270833333333 0.6175130208333334 0.040364583333333336 0.033203125
0 0.16044108072916666 0.2828776041666667 0.037190755208333336 0.035481770833333336
0 0.7734375 0.4889322916666667 0.02734375 0.036458333333333336
0 0.1181640625 0.4710286458333333 0.027994791666666668 0.034505208333333336
0 0.4921875 0.5989583333333334 0.033854166666666664 0.041015625
0 0.421875 0.5849609375 0.024739583333333332 0.032552083333333336
0 0.884765625 0.4388020833333333 0.029947916666666668 0.026041666666666668
0 0.33203125 0.4013671875 0.0234375 0.022786458333333332
0 0.043365478515625 0.5445963541666666 0.025248209635416668 0.031901041666666664
0 0.705078125 0.3873697916666667 0.022135416666666668 0.024088541666666668
0 0.4651692708333333 0.85546875 0.030598958333333332 0.028645833333333332
0 0.880859375 0.927734375 0.032552083333333336 0.037760416666666664
0 0.5442708333333334 0.3974609375 0.036458333333333336 0.033203125
0 0.5464207848837209 0.44557241198320413 0.027994791666666668 0.02734375
0 0.984375 0.3942057291666667 0.029947916666666668 0.033854166666666664
0 0.15913899739583334 0.24869791666666666 0.031982421875 0.029947916666666668
0 0.2794596354166667 0.17793782552083334 0.044921875 0.036376953125
0 0.2705078125 0.3462727864583333 0.028645833333333332 0.027506510416666668
0 0.9850260416666666 0.439453125 0.026041666666666668 0.03515625
0 0.3961588541666667 0.8346354166666666 0.032552083333333336 0.03125
0 0.65673828125 0.4169921875 0.021158854166666668 0.026692708333333332
0 0.748046875 0.3824869791666667 0.020833333333333332 0.020833333333333332
0 0.6360677083333334 0.6604817708333334 0.026692708333333332 0.035807291666666664
0 0.53125 0.4817708333333333 0.029947916666666668 0.025390625
0 0.33419066436531003 0.13495582757994184 0.02020878754844957 0.031142123909883707
0 0.07161931474079457 0.5324435763888888 0.03663055656492246 0.05577256944444442
0 0.2986653645833333 0.0653076171875 0.0244140625 0.033040364583333336
0 0.010782877604166666 0.21419270833333334 0.021565755208333332 0.048502604166666664
0 0.6588541666666666 0.8958333333333334 0.024739583333333332 0.02734375
0 0.9661458333333334 0.7890625 0.024739583333333332 0.022135416666666668
0 0.3916015625 0.9895833333333334 0.033203125 0.01953125
0 0.28675735828488375 0.17596072805636306 0.01817617490310079 0.03795661236272611
0 0.15730794270833334 0.19563802083333334 0.023274739583333332 0.030598958333333332
0 0.3544921875 0.75390625 0.029296875 0.028645833333333332
0 0.25537109375 0.376953125 0.024739583333333332 0.028645833333333332
0 0.4606119791666667 0.19791666666666666 0.024088541666666668 0.029296875
0 0.9817708333333334 0.5110677083333334 0.024739583333333332 0.044270833333333336
0 0.056559244791666664 0.916015625 0.023193359375 0.03125
