0 0.3981119791666667 0.642578125 0.046223958333333336 0.038411458333333336
0 0.09464518229166667 0.5130208333333334 0.049967447916666664 0.046875
0 0.15673828125 0.6515299479166666 0.046549479166666664 0.0458984375
0 0.3173828125 0.24055989583333334 0.035807291666666664 0.043619791666666664
0 0.2644856770833333 0.3336588541666667 0.040364583333333336 0.0390625
0 0.6383463541666666 0.583984375 0.044270833333333336 0.038411458333333336
0 0.4720052083333333 0.7298177083333334 0.039713541666666664 0.040364583333333336
0 0.043223063151041664 0.482421875 0.042460123697916664 0.033854166666666664
0 0.23307291666666666 0.1859130859375 0.0341796875 0.038981119791666664
0 0.7994791666666666 0.20947265625 0.03125 0.02734375
0 0.7825520833333334 0.18733723958333334 0.048177083333333336 0.0341796875
0 0.11490885416666667 0.310546875 0.030436197916666668 0.036783854166666664
0 0.76171875 0.22005208333333334 0.040364583333333336 0.036783854166666664
0 0.2561848958333333 0.7682291666666666 0.03125 0.033854166666666664
0 0.6578776041666666 0.6080729166666666 0.035807291666666664 0.032552083333333336
0 0.0264892578125 0.6927083333333334 0.046875 0.040364583333333336
0 0.9479166666666666 0.765625 0.036458333333333336 0.036458333333333336
0 0.16866048177083334 0.10172526041666667 0.036376953125 0.0419921875
0 0.3932291666666667 0.6940104166666666 0.03515625 0.0390625
0 0.13924153645833334 0.20133463541666666 0.042805989583333336 0.039388020833333336
0 0.4140625 0.3828125 0.030598958333333332 0.026692708333333332
0 0.2041015625 0.21419270833333334 0.043619791666666664 0.0302734375
0 0.059611002604166664 0.6334635416666666 0.033854166666666664 0.033854166666666664
0 0.236328125 0.5231119791666666 0.034505208333333336 0.037760416666666664
0 0.17366536458333334 0.27978515625 0.035481770833333336 0.038736979166666664
0 0.035176595052083336 0.08341471354166667 0.024454752604166668 0.03564453125
0 0.23567708333333334 0.6344401041666666 0.04296875 0.037760416666666664
0 0.3402506510416667 0.751953125 0.029134114583333332 0.026041666666666668
0 0.3181966145833333 0.4967447916666667 0.036783854166666664 0.031901041666666664
0 0.509765625 0.2516276041666667 0.033854166666666664 0.045247395833333336
0 0.783203125 0.2574869791666667 0.03515625 0.033854166666666664
0 0.13468424479166666 0.12646484375 0.035970052083333336 0.037109375
0 0.1669921875 0.18086751302083334 0.034505208333333336 0.037027994791666664
0 0.4055989583333333 0.3336588541666667 0.037109375 0.039713541666666664
0 0.27490234375 0.3678385416666667 0.0361328125 0.02734375
0 0.5061848958333334 0.19759114583333334 0.033854166666666664 0.029296875
0 0.2737630208333333 0.042032877604166664 0.035481770833333336 0.031656901041666664
0 0.4602864583333333 0.783203125 0.030598958333333332 0.0390625
0 0.3902994791666667 0.5517578125 0.028645833333333332 0.030598958333333332
0 0.07100423177083333 0.041605631510416664 0.031819661458333336 0.031453450520833336
0 0.203125 0.24007161458333334 0.034830729166666664 0.026692708333333332
0 0.8216145833333334 0.2506510416666667 0.033854166666666664 0.023763020833333332
0 0.342041015625 0.814453125 0.026204427083333332 0.03515625
0 0.3740234375 0.67578125 0.036458333333333336 0.0390625
0 0.07633463541666667 0.2976888020833333 0.041178385416666664 0.0361328125
0 0.2809244791666667 0.6920572916666666 0.040364583333333336 0.045572916666666664
0 0.013102213541666666 0.18505859375 0.025716145833333332 0.032877604166666664
0 0.036519368489583336 0.0517578125 0.027140299479166668 0.024495442708333332
0 0.16654459635416666 0.12923177083333334 0.030192057291666668 0.034830729166666664
0 0.035898844401041664 0.3118489583333333 0.029927571614583332 0.040690104166666664
0 0.22005208333333334 0.054372151692708336 0.035807291666666664 0.041483561197916664
0 0.012288411458333334 0.3134765625 0.024576822916666668 0.03125
0 0.9811197916666666 0.3561197916666667 0.026041666666666668 0.020833333333333332
0 0.4186197916666667 0.23518880208333334 0.041666666666666664 0.041341145833333336
0 0.16103408379764209 0.06270565851098191 0.025355928011950857 0.022218689437984496
0 0.047556559244791664 0.18912760416666666 0.02825927734375 0.03125
0 0.3378092447916667 0.5703125 0.02880859375 0.026041666666666668
0 0.012247721354166666 0.07283528645833333 0.024495442708333332 0.03466796875
0 0.4248046875 0.265625 0.038411458333333336 0.0400390625
0 0.4977213541666667 0.3727213541666667 0.034505208333333336 0.041666666666666664
0 0.4736328125 0.369140625 0.0234375 0.027994791666666668
0 0.22184244791666666 0.2999674479166667 0.022135416666666668 0.041666666666666664
0 0.6668294270833334 0.8151041666666666 0.0283203125 0.029947916666666668
0 0.10904947916666667 0.626953125 0.031412760416666664 0.040364583333333336
0 0.19287109375 0.30078125 0.024088541666666668 0.028971354166666668
0 0.962890625 0.16092936197916666 0.033854166666666664 0.025472005208333332
0 0.4853515625 0.2547200520833333 0.021484375 0.028971354166666668
0 0.9635416666666666 0.59375 0.0234375 0.02734375
0 0.7486979166666666 0.72265625 0.028645833333333332 0.032552083333333336
0 0.26953125 0.076904296875 0.0341796875 0.029622395833333332
0 0.9563802083333334 0.548828125 0.0234375 0.024739583333333332
0 0.4039713541666667 0.3606770833333333 0.022135416666666668 0.037109375
0 0.5927734375 0.6907552083333334 0.0234375 0.02734375
0 0.4749348958333333 0.2236328125 0.024739583333333332 0.0263671875
0 0.17757161458333334 0.21891276041666666 0.029296875 0.032552083333333336
0 0.18178919119428294 0.05247083560440891 0.030276591771640844 0.030575932150355294
0 0.9899088541666666 0.19921875 0.020182291666666668 0.026041666666666668
0 0.3873697916666667 0.5774739583333334 0.024088541666666668 0.021484375
0 0.96484375 0.5237630208333334 0.020833333333333332 0.042317708333333336
0 0.90625 0.6373697916666666 0.029947916666666668 0.02734375
0 0.1656494140625 0.3107096354166667 0.030680338541666668 0.029947916666666668
0 0.8157552083333334 0.6920572916666666 0.033854166666666664 0.029947916666666668
0 0.5947265625 0.5651041666666666 0.024739583333333332 0.030598958333333332
0 0.9036458333333334 0.6373697916666666 0.022135416666666668 0.016276041666666668
0 0.11043294270833333 0.18021647135416666 0.029459635416666668 0.035400390625
