0 0.4729817708333333 0.6461588541666666 0.03515625 0.022786458333333332
0 0.7526041666666666 0.29931640625 0.045572916666666664 0.03515625
0 0.4680989583333333 0.17464192708333334 0.051432291666666664 0.0556640625
0 0.10139973958333333 0.943359375 0.03955078125 0.048177083333333336
0 0.7272135416666666 0.3499348958333333 0.037760416666666664 0.045572916666666664
0 0.6809895833333334 0.314453125 0.04296875 0.034505208333333336
0 0.30029296875 0.025349934895833332 0.047200520833333336 0.050699869791666664
0 0.7278645833333334 0.783203125 0.0390625 0.033854166666666664
0 0.6731770833333334 0.5208333333333334 0.0390625 0.031901041666666664
0 0.6632486979166666 0.08321126302083333 0.0615234375 0.056233723958333336
0 0.603515625 0.4729817708333333 0.03125 0.025390625
0 0.296039748869509 0.05842136905482881 0.033485747739018024 0.04693713915132428
0 0.2503255208333333 0.6155598958333334 0.03125 0.040364583333333336
0 0.5608723958333334 0.5091145833333334 0.047526041666666664 0.029296875
0 0.6725260416666666 0.19173177083333334 0.02734375 0.029622395833333332
0 0.22981770833333334 0.625 0.030924479166666668 0.040364583333333336
0 0.6266276041666666 0.4820963541666667 0.029947916666666668 0.03125
0 0.5413411458333334 0.66357421875 0.030598958333333332 0.0205078125
0 0.09456380208333333 0.666015625 0.037434895833333336 0.024739583333333332
0 0.47265625 0.27294921875 0.028645833333333332 0.0234375
0 0.98828125 0.5208333333333334 0.018229166666666668 0.036458333333333336
0 0.4065755208333333 0.6461588541666666 0.025390625 0.028645833333333332
0 0.009722391764322916 0.5735677083333334 0.015711466471354168 0.029947916666666668
0 0.67236328125 0.4208984375 0.021158854166666668 0.021484375
0 0.006235758463541667 0.62109375 0.012471516927083334 0.037760416666666664
0 0.376953125 0.2609049479166667 0.022786458333333332 0.0244140625
0 0.11857096354166667 0.7434895833333334 0.021321614583333332 0.026041666666666668
0 0.5504557291666666 0.10929361979166667 0.024739583333333332 0.023763020833333332
0 0.8567708333333334 0.4544270833333333 0.020833333333333332 0.020182291666666668
0 0.32338097545219635 0.05716044896640827 0.043402777777777825 0.04340277777777777
0 0.6837249677002584 0.1631439760981912 0.01917797157622747 0.019177971576227377
