0 0.1475830078125 0.896484375 0.046630859375 0.03515625
0 0.509765625 0.4345703125 0.044270833333333336 0.048828125
0 0.5738932291666666 0.9557291666666666 0.03515625 0.037760416666666664
0 0.2623697916666667 0.5657552083333334 0.041341145833333336 0.040364583333333336
0 0.4381510416666667 0.4420572916666667 0.041015625 0.037760416666666664
0 0.3984375 0.5 0.0390625 0.047526041666666664
0 0.17403157552083334 0.7272135416666666 0.041259765625 0.04296875
0 0.23079427083333334 0.4505208333333333 0.039713541666666664 0.042317708333333336
0 0.027547200520833332 0.7727864583333334 0.04052734375 0.041666666666666664
0 0.4625651041666667 0.787109375 0.048177083333333336 0.036458333333333336
0 0.19124348958333334 0.19791666666666666 0.039388020833333336 0.044921875
0 0.06522623697916667 0.7154947916666666 0.042399088541666664 0.040364583333333336
0 0.17378743489583334 0.8138020833333334 0.039794921875 0.04296875
0 0.7337239583333334 0.783203125 0.040364583333333336 0.041666666666666664
0 0.30224609375 0.3990885416666667 0.0400390625 0.044270833333333336
0 0.4928385416666667 0.5670572916666666 0.041015625 0.0390625
0 0.4072265625 0.5924479166666666 0.042317708333333336 0.039713541666666664
0 0.23876953125 0.8834635416666666 0.048828125 0.03515625
0 0.3916015625 0.9231770833333334 0.041015625 0.03515625
0 0.19189453125 0.3893229166666667 0.044921875 0.039713541666666664
0 0.07086181640625 0.5113932291666666 0.030802408854166668 0.040364583333333336
0 0.3665364583333333 0.9016927083333334 0.037760416666666664 0.036458333333333336
0 0.19498697916666666 0.4599609375 0.036458333333333336 0.037760416666666664
0 0.755859375 0.4293619791666667 0.036458333333333336 0.038411458333333336
0 0.3958333333333333 0.875 0.044921875 0.0390625
0 0.16170247395833334 0.4407552083333333 0.036946614583333336 0.04296875
0 0.038065592447916664 0.12418619791666667 0.031209309895833332 0.037272135416666664
0 0.036081949869791664 0.3619791666666667 0.028584798177083332 0.033203125
0 0.71875 0.8157552083333334 0.03515625 0.037760416666666664
0 0.22867838541666666 0.5358072916666666 0.030924479166666668 0.041666666666666664
0 0.10579427083333333 0.4996744791666667 0.038411458333333336 0.043619791666666664
0 0.78125 0.3704427083333333 0.029947916666666668 0.035807291666666664
0 0.52734375 0.3857421875 0.044921875 0.041666666666666664
0 0.1739501953125 0.5234375 0.040445963541666664 0.037109375
0 0.2548828125 0.22444661458333334 0.025716145833333332 0.033528645833333336
0 0.043741861979166664 0.8548177083333334 0.0380859375 0.041666666666666664
0 0.7298177083333334 0.8424479166666666 0.04296875 0.0234375
0 0.12239583333333333 0.5345052083333334 0.032063802083333336 0.031901041666666664
0 0.040201822916666664 0.5074869791666666 0.034912109375 0.038411458333333336
0 0.8196614583333334 0.4518229166666667 0.028645833333333332 0.032552083333333336
0 0.11458333333333333 0.3782552083333333 0.02880859375 0.025390625
0 0.3253580729166667 0.9778645833333334 0.042643229166666664 0.026041666666666668
0 0.6487630208333334 0.8743489583333334 0.041015625 0.037760416666666664
0 0.28369140625 0.9264322916666666 0.038411458333333336 0.04296875
0 0.2796223958333333 0.23974609375 0.0302734375 0.033528645833333336
0 0.4059244791666667 0.5475260416666666 0.027994791666666668 0.025390625
0 0.2783203125 0.748046875 0.03125 0.028645833333333332
0 0.011662801106770834 0.356201171875 0.023061116536458332 0.046712239583333336
0 0.9641927083333334 0.7415364583333334 0.026041666666666668 0.03125
0 0.833984375 0.9114583333333334 0.03125 0.024739583333333332
0 0.3248697916666667 0.3548177083333333 0.033854166666666664 0.026692708333333332
0 0.042409261067708336 0.908203125 0.04815673828125 0.033854166666666664
0 0.408203125 0.4417317708333333 0.02734375 0.029296875
0 0.12589518229166666 0.427734375 0.02783203125 0.040364583333333336
0 0.2613932291666667 0.4934895833333333 0.027669270833333332 0.024739583333333332
0 0.4365234375 0.19091796875 0.033203125 0.0361328125
0 0.151123046875 0.3818359375 0.028483072916666668 0.026041666666666668
0 0.26025390625 0.8151041666666666 0.031901041666666664 0.028645833333333332
0 0.22509765625 0.22526041666666666 0.023763020833333332 0.027669270833333332
0 0.012349446614583334 0.5110677083333334 0.024698893229166668 0.037760416666666664
0 0.3170572916666667 0.26611328125 0.028645833333333332 0.025390625
0 0.7708333333333334 0.3495279947916667 0.022135416666666668 0.033365885416666664
0 0.24241713097545223 0.2552083333333333 0.027018229166666668 0.032877604166666664
