0 0.5026041666666666 0.23763020833333334 0.045572916666666664 0.048828125
0 0.193359375 0.2732747395833333 0.042643229166666664 0.041666666666666664
0 0.15958658854166666 0.68359375 0.04833984375 0.045572916666666664
0 0.09033203125 0.5608723958333334 0.046875 0.050130208333333336
0 0.20166015625 0.23177083333333334 0.042317708333333336 0.046549479166666664
0 0.16048177083333334 0.23795572916666666 0.049479166666666664 0.051432291666666664
0 0.7220052083333334 0.6324869791666666 0.04296875 0.041015625
0 0.07478841145833333 0.3506673177083333 0.03466796875 0.04736328125
0 0.791015625 0.20930989583333334 0.03515625 0.036458333333333336
0 0.4912109375 0.3912760416666667 0.045572916666666664 0.042317708333333336
0 0.062093098958333336 0.66357421875 0.041829427083333336 0.0400390625
0 0.034749348958333336 0.7259114583333334 0.042154947916666664 0.040364583333333336
0 0.4677734375 0.7845052083333334 0.04296875 0.040364583333333336
0 0.3997395833333333 0.6197916666666666 0.044270833333333336 0.04296875
0 0.27734375 0.41015625 0.0283203125 0.026692708333333332
0 0.4013671875 0.9615885416666666 0.035807291666666664 0.03515625
0 0.045237223307291664 0.5182291666666666 0.04803466796875 0.044921875
0 0.23990885416666666 0.6759440104166666 0.048828125 0.0361328125
0 0.038289388020833336 0.3583984375 0.029622395833333332 0.049479166666666664
0 0.82421875 0.19287109375 0.036458333333333336 0.0517578125
0 0.16764322916666666 0.3714192708333333 0.040364583333333336 0.044270833333333336
0 0.17545572916666666 0.044596354166666664 0.034505208333333336 0.034016927083333336
0 0.23079427083333334 0.4059244791666667 0.036458333333333336 0.037760416666666664
0 0.4153645833333333 0.3235677083333333 0.048177083333333336 0.044921875
0 0.13623046875 0.26708984375 0.031412760416666664 0.044270833333333336
0 0.19873046875 0.07527669270833333 0.039713541666666664 0.039713541666666664
0 0.16227213541666666 0.3228352864583333 0.035807291666666664 0.04052734375
0 0.11393229166666667 0.14111328125 0.0302734375 0.029459635416666668
0 0.259765625 0.3639322916666667 0.036783854166666664 0.036458333333333336
0 0.2810872395833333 0.70703125 0.037434895833333336 0.046875
0 0.8033854166666666 0.7057291666666666 0.03125 0.040364583333333336
0 0.6292317708333334 0.7682291666666666 0.026041666666666668 0.037760416666666664
0 0.31982421875 0.14371744791666666 0.036783854166666664 0.029947916666666668
0 0.325439453125 0.17451985677083334 0.032063802083333336 0.027587890625
0 0.3212076822916667 0.7708333333333334 0.02880859375 0.032552083333333336
0 0.4095052083333333 0.3636067708333333 0.036458333333333336 0.039713541666666664
0 0.7356770833333334 0.6603190104166666 0.037760416666666664 0.042643229166666664
0 0.14021809895833334 0.022115071614583332 0.031412760416666664 0.036376953125
0 0.14371744791666666 0.14339192708333334 0.0322265625 0.039388020833333336
0 0.11930338541666667 0.3089192708333333 0.051106770833333336 0.041341145833333336
0 0.4371744791666667 0.24072265625 0.044921875 0.044270833333333336
0 0.15763346354166666 0.18929036458333334 0.03759765625 0.0341796875
0 0.6455078125 0.673828125 0.037109375 0.033854166666666664
0 0.042236328125 0.19645182291666666 0.026041666666666668 0.034830729166666664
0 0.3727213541666667 0.6630859375 0.032552083333333336 0.033203125
0 0.837890625 0.71484375 0.032552083333333336 0.032552083333333336
0 0.17451985677083334 0.6038411458333334 0.035074869791666664 0.035807291666666664
0 0.17069498697916666 0.14404296875 0.030354817708333332 0.039876302083333336
0 0.3961588541666667 0.6875 0.0390625 0.052083333333333336
0 0.8782552083333334 0.22526041666666666 0.040364583333333336 0.0283203125
0 0.07902018229166667 0.021113077799479168 0.02294921875 0.031667073567708336
0 0.5224609375 0.3883463541666667 0.026692708333333332 0.041015625
0 0.23470052083333334 0.5514322916666666 0.034830729166666664 0.034505208333333336
0 0.6765950520833334 0.7936197916666666 0.033528645833333336 0.024739583333333332
0 0.012517293294270834 0.3511555989583333 0.023549397786458332 0.047688802083333336
0 0.23404947916666666 0.3427734375 0.030598958333333332 0.032552083333333336
0 0.5817057291666666 0.3831380208333333 0.038411458333333336 0.029947916666666668
0 0.22037760416666666 0.16312662760416666 0.029947916666666668 0.023030598958333332
0 0.2859700520833333 0.29296875 0.0244140625 0.035481770833333336
0 0.3248697916666667 0.7395833333333334 0.044921875 0.033854166666666664
0 0.9596354166666666 0.8828125 0.041666666666666664 0.029947916666666668
0 0.10432942708333333 0.23063151041666666 0.031087239583333332 0.033203125
0 0.4563802083333333 0.828125 0.032552083333333336 0.024739583333333332
0 0.07779947916666667 0.19807942708333334 0.036458333333333336 0.040690104166666664
0 0.3896484375 0.5403645833333334 0.027994791666666668 0.033854166666666664
0 0.015472412109375 0.6805013020833334 0.02972412109375 0.033528645833333336
0 0.3681640625 0.018071492513020832 0.033203125 0.033925374348958336
0 0.6559244791666666 0.103271484375 0.021484375 0.029134114583333332
0 0.8951822916666666 0.8626302083333334 0.0390625 0.029947916666666668
0 0.5725911458333334 0.77734375 0.028645833333333332 0.0234375
0 0.045125325520833336 0.0191802978515625 0.02978515625 0.027720133463541668
0 0.9602864583333334 0.5432942708333334 0.026041666666666668 0.028645833333333332
0 0.0177001953125 0.18094889322916666 0.031778971354166664 0.032307942708333336
0 0.6282552083333334 0.638671875 0.025390625 0.034505208333333336
0 0.6018880208333334 0.10245768229166667 0.033203125 0.0283203125
0 0.08144124348958336 0.17089843750000003 0.0272216796875 0.035156250000000076
0 0.4619140625 0.9641927083333334 0.029296875 0.037760416666666664
0 0.11173502604166667 0.6575520833333334 0.037923177083333336 0.044270833333333336
0 0.986328125 0.6901041666666666 0.024739583333333332 0.033854166666666664
0 0.1575927734375 0.0787353515625 0.032796223958333336 0.040934244791666664
0 0.9720052083333334 0.6243489583333334 0.024739583333333332 0.026041666666666668
0 0.279296875 0.050333658854166664 0.025716145833333332 0.026692708333333332
0 0.23470052083333334 0.043416341145833336 0.022786458333333332 0.031901041666666664
0 0.2527669270833333 0.2669270833333333 0.0244140625 0.029947916666666668
0 0.14567057291666666 0.2535807291666667 0.045247395833333336 0.052083333333333336
0 0.12776692708333334 0.3753255208333333 0.029947916666666668 0.034505208333333336
0 0.0645751953125 0.015436808268229166 0.035074869791666664 0.029754638671875
0 0.5074869791666666 0.19856770833333334 0.028645833333333332 0.025390625
0 0.31298828125 0.849609375 0.029296875 0.024739583333333332
0 0.3028971354166667 0.5302734375 0.02734375 0.021484375
