0 0.052978515625 0.6018880208333334 0.041341145833333336 0.036458333333333336
0 0.5052083333333334 0.2669270833333333 0.038411458333333336 0.036458333333333336
0 0.09368896484375 0.498046875 0.0460205078125 0.045572916666666664
0 0.1575927734375 0.6370442708333334 0.047770182291666664 0.036458333333333336
0 0.11848958333333333 0.232421875 0.04052734375 0.039388020833333336
0 0.5442708333333334 0.24283854166666666 0.041666666666666664 0.043619791666666664
0 0.7096354166666666 0.5641276041666666 0.036458333333333336 0.036458333333333336
0 0.4036458333333333 0.6009114583333334 0.041015625 0.041666666666666664
0 0.23828125 0.625 0.043294270833333336 0.033854166666666664
0 0.4059244791666667 0.3564453125 0.043619791666666664 0.04296875
0 0.18924967447916666 0.19954427083333334 0.046956380208333336 0.039713541666666664
0 0.11271158854166667 0.127197265625 0.03125 0.031087239583333332
0 0.1649169921875 0.15592447916666666 0.040934244791666664 0.036458333333333336
0 0.15572102864583334 0.24137369791666666 0.042724609375 0.0419921875
0 0.404296875 0.8561197916666666 0.033203125 0.037760416666666664
0 0.046722412109375 0.4622395833333333 0.05059814453125 0.028645833333333332
0 0.46875 0.7265625 0.034505208333333336 0.0390625
0 0.2255859375 0.3121744791666667 0.031901041666666664 0.032877604166666664
0 0.5651041666666666 0.671875 0.0390625 0.049479166666666664
0 0.348388671875 0.24690755208333334 0.03955078125 0.04296875
0 0.3684895833333333 0.64453125 0.031901041666666664 0.036458333333333336
0 0.240234375 0.5032552083333334 0.032877604166666664 0.03125
0 0.4895833333333333 0.3818359375 0.04296875 0.035807291666666664
0 0.19498697916666666 0.2587890625 0.037109375 0.038411458333333336
0 0.6979166666666666 0.6648763020833334 0.028645833333333332 0.029622395833333332
0 0.17138671875 0.5550130208333334 0.029296875 0.035807291666666664
0 0.4059244791666667 0.5013020833333334 0.03125 0.028645833333333332
0 0.015085856119791666 0.302734375 0.030171712239583332 0.034830729166666664
0 0.2607421875 0.3544921875 0.0341796875 0.044270833333333336
0 0.279296875 0.6650390625 0.035807291666666664 0.042317708333333336
0 0.3063151041666667 0.5830078125 0.027994791666666668 0.030598958333333332
0 0.3919270833333333 0.6627604166666666 0.036458333333333336 0.036458333333333336
0 0.1611328125 0.18701171875 0.0361328125 0.030924479166666668
0 0.06852213541666667 0.021001180013020832 0.03564453125 0.032786051432291664
0 0.322509765625 0.25146484375 0.025553385416666668 0.0390625
0 0.10880533854166667 0.2919921875 0.041829427083333336 0.028971354166666668
0 0.9827473958333334 0.6442057291666666 0.034505208333333336 0.029947916666666668
0 0.03961181640625 0.0447998046875 0.0279541015625 0.035237630208333336
0 0.019719441731770832 0.6575520833333334 0.036163330078125 0.036458333333333336
0 0.131591796875 0.17919921875 0.038899739583333336 0.043294270833333336
0 0.07387288411458333 0.29443359375 0.0340576171875 0.051106770833333336
0 0.5950520833333334 0.6236979166666666 0.024739583333333332 0.029296875
0 0.04132080078125 0.3141276041666667 0.024943033854166668 0.032552083333333336
0 0.6295572916666666 0.6673177083333334 0.027994791666666668 0.028645833333333332
0 0.17024739583333334 0.3103841145833333 0.0263671875 0.033528645833333336
0 0.2786458333333333 0.38671875 0.035481770833333336 0.037760416666666664
0 0.8372395833333334 0.6402994791666666 0.02734375 0.03125
0 0.51171875 0.24072265625 0.028645833333333332 0.0361328125
0 0.9778645833333334 0.7545572916666666 0.03515625 0.028645833333333332
0 0.7526041666666666 0.5970052083333334 0.022135416666666668 0.025390625
0 0.9700520833333334 0.498046875 0.029947916666666668 0.030598958333333332
0 0.42578125 0.3040364583333333 0.028645833333333332 0.019856770833333332
0 0.06827799479166667 0.058512369791666664 0.022623697916666668 0.02880859375
0 0.3352864583333333 0.7194010416666666 0.042317708333333336 0.02734375
0 0.513671875 0.3824869791666667 0.028645833333333332 0.036458333333333336
0 0.2594401041666667 0.21256510416666666 0.034505208333333336 0.0244140625
0 0.009724934895833334 0.0336456298828125 0.019449869791666668 0.027353922526041668
0 0.0947265625 0.13199869791666666 0.03173828125 0.027994791666666668
0 0.3365885416666667 0.53515625 0.030598958333333332 0.033203125
0 0.306640625 0.4710286458333333 0.02734375 0.033203125
0 0.9225260416666666 0.7643229166666666 0.028645833333333332 0.03125
0 0.35745018115942023 0.47690217391304346 0.02490942028985506 0.0283061594202898
0 0.3682065217391304 0.5261548913043478 0.03736413043478256 0.04076086956521737
0 0.9054574275362318 0.2278079710144927 0.029438405797101552 0.028306159420289873
0 0.8573369565217389 0.14911684782608695 0.03283514492753629 0.040760869565217385
