0 0.24381510416666666 0.8092447916666666 0.041341145833333336 0.0390625
0 0.15653483072916666 0.9322916666666666 0.043050130208333336 0.045572916666666664
0 0.1083984375 0.5133463541666666 0.0361328125 0.031901041666666664
0 0.7233072916666666 0.89453125 0.04296875 0.046875
0 0.076171875 0.7942708333333334 0.058268229166666664 0.037760416666666664
0 0.23681640625 0.9342447916666666 0.0400390625 0.040364583333333336
0 0.5003255208333334 0.6350911458333334 0.0390625 0.038411458333333336
0 0.4866536458333333 0.4938151041666667 0.038411458333333336 0.046875
0 0.26416015625 0.6126302083333334 0.0361328125 0.035807291666666664
0 0.2874348958333333 0.9713541666666666 0.034505208333333336 0.03515625
0 0.070556640625 0.5240885416666666 0.037923177083333336 0.033854166666666664
0 0.7838541666666666 0.455078125 0.03125 0.03515625
0 0.6481119791666666 0.935546875 0.036458333333333336 0.040364583333333336
0 0.408203125 0.6419270833333334 0.03125 0.030598958333333332
0 0.109130859375 0.21956380208333334 0.03662109375 0.046223958333333336
0 0.529296875 0.4508463541666667 0.041666666666666664 0.043619791666666664
0 0.8502604166666666 0.4124348958333333 0.0390625 0.032552083333333336
0 0.032948811848958336 0.7565104166666666 0.04901123046875 0.037760416666666664
0 0.061024983723958336 0.912109375 0.041524251302083336 0.037760416666666664
0 0.15087890625 0.21858723958333334 0.033528645833333336 0.029622395833333332
0 0.4020182291666667 0.9303385416666666 0.041015625 0.0390625
0 0.16166178385416666 0.4251302083333333 0.038004557291666664 0.050130208333333336
0 0.3058268229166667 0.4173177083333333 0.050455729166666664 0.037109375
0 0.865234375 0.4443359375 0.036458333333333336 0.027994791666666668
0 0.12166341145833333 0.4427083333333333 0.0380859375 0.037760416666666664
0 0.3958333333333333 0.537109375 0.04296875 0.037760416666666664
0 0.134765625 0.016764322916666668 0.027506510416666668 0.030802408854166668
0 0.2721354166666667 0.6549479166666666 0.035807291666666664 0.03515625
0 0.4736328125 0.19173177083333334 0.034505208333333336 0.033203125
0 0.19498697916666666 0.5540364583333334 0.036458333333333336 0.0390625
0 0.1614990234375 0.5631510416666666 0.038655598958333336 0.0390625
0 0.8854166666666666 0.478515625 0.032552083333333336 0.031901041666666664
0 0.498046875 0.4567057291666667 0.034505208333333336 0.030598958333333332
0 0.8470052083333334 0.4749348958333333 0.024739583333333332 0.026692708333333332
0 0.11002604166666667 0.5530598958333334 0.033040364583333336 0.0390625
0 0.23404947916666666 0.6331380208333334 0.02734375 0.028645833333333332
0 0.4710286458333333 0.8450520833333334 0.027994791666666668 0.02734375
0 0.3675130208333333 0.94921875 0.033203125 0.045572916666666664
0 0.3282063802083333 0.12556966145833334 0.03369140625 0.030436197916666668
0 0.392578125 0.89453125 0.040364583333333336 0.036458333333333336
0 0.24104817708333334 0.5807291666666666 0.029296875 0.032552083333333336
0 0.0687255859375 0.5651041666666666 0.035400390625 0.045572916666666664
0 0.11018880208333333 0.9186197916666666 0.04296875 0.05078125
0 0.3844401041666667 0.830078125 0.030598958333333332 0.024739583333333332
0 0.4016927083333333 0.615234375 0.040364583333333336 0.036458333333333336
0 0.5970052083333334 0.6412760416666666 0.030598958333333332 0.030598958333333332
0 0.2822265625 0.7083333333333334 0.020182291666666668 0.029947916666666668
0 0.07273356119791667 0.4208984375 0.033243815104166664 0.026692708333333332
0 0.20133463541666666 0.9440104166666666 0.033854166666666664 0.029947916666666668
0 0.014567057291666666 0.5699869791666666 0.029134114583333332 0.038411458333333336
0 0.07261149088541667 0.18701171875 0.0250244140625 0.025390625
0 0.345703125 0.7591145833333334 0.035807291666666664 0.028645833333333332
0 0.051767985026041664 0.044077555338541664 0.029927571614583332 0.028706868489583332
0 0.16845703125 0.853515625 0.033854166666666664 0.03125
0 0.8209635416666666 0.4375 0.022135416666666668 0.031901041666666664
0 0.09342447916666667 0.3922526041666667 0.024576822916666668 0.022135416666666668
0 0.21272786458333334 0.07080078125 0.031575520833333336 0.0322265625
0 0.24332682291666666 0.4290364583333333 0.0390625 0.042317708333333336
0 0.3177083333333333 0.6608072916666666 0.021484375 0.02734375
0 0.5172526041666666 0.541015625 0.034505208333333336 0.03515625
0 0.02561884341032608 0.5767309216485507 0.02734021173007245 0.02792402626811589
0 0.4778645833333333 0.6285807291666666 0.025390625 0.034505208333333336
0 0.2503255208333333 0.3974609375 0.038411458333333336 0.024739583333333332
0 0.117919921875 0.4723307291666667 0.027994791666666668 0.031901041666666664
0 0.3201497395833333 0.3665364583333333 0.027669270833333332 0.046223958333333336
0 0.28125 0.837890625 0.027018229166666668 0.020833333333333332
0 0.026250203450520832 0.373046875 0.029774983723958332 0.037109375
0 0.9563802083333334 0.7923177083333334 0.028645833333333332 0.028645833333333332
0 0.810546875 0.9361979166666666 0.032552083333333336 0.02734375
0 0.19580078125 0.4091796875 0.0244140625 0.026041666666666668
0 0.1474609375 0.5631510416666666 0.032552083333333336 0.038411458333333336
0 0.8346354166666666 0.94140625 0.028645833333333332 0.033854166666666664
0 0.3880208333333333 0.9892578125 0.034505208333333336 0.021484375
0 0.3318684895833333 0.3382975260416667 0.023763020833333332 0.03955078125
0 0.9850260416666666 0.5152994791666666 0.0234375 0.024739583333333332
0 0.9466145833333334 0.865234375 0.022135416666666668 0.032552083333333336
0 0.059244791666666664 0.5764973958333334 0.032552083333333336 0.037109375
0 0.4192708333333333 0.8333333333333334 0.021484375 0.026041666666666668
0 0.27392578125 0.55859375 0.0224609375 0.0390625
0 0.07670084635416667 0.049519856770833336 0.023844401041666668 0.027750651041666668
0 0.25244140625 0.4274088541666667 0.025065104166666668 0.030598958333333332
0 0.017791748046875 0.3714192708333333 0.027852376302083332 0.027994791666666668
0 0.01837158203125 0.912109375 0.022135416666666668 0.022135416666666668
0 0.037618001302083336 0.5559895833333334 0.0323486328125 0.029296875
0 0.23828125 0.4280598958333333 0.0234375 0.029296875
0 0.3126627604166667 0.900390625 0.0224609375 0.01953125
0 0.744140625 0.72265625 0.018229166666666668 0.03125
