0 0.533203125 0.5179036458333334 0.040364583333333336 0.0390625
0 0.4410807291666667 0.4990234375 0.037109375 0.037109375
0 0.9401041666666666 0.4130859375 0.057291666666666664 0.054036458333333336
0 0.3260904947916667 0.3919270833333333 0.039876302083333336 0.036458333333333336
0 0.5670572916666666 0.4195963541666667 0.061197916666666664 0.037109375
0 0.369140625 0.5348307291666666 0.041666666666666664 0.042317708333333336
0 0.2972005208333333 0.4365234375 0.032552083333333336 0.035807291666666664
0 0.72265625 0.3136393229166667 0.041666666666666664 0.038736979166666664
0 0.9518229166666666 0.1357421875 0.040364583333333336 0.031575520833333336
0 0.4459635416666667 0.41796875 0.042317708333333336 0.042317708333333336
0 0.9290364583333334 0.28466796875 0.048177083333333336 0.04296875
0 0.712890625 0.10709635416666667 0.036458333333333336 0.037109375
0 0.6331380208333334 0.4166666666666667 0.033854166666666664 0.038411458333333336
0 0.7135416666666666 0.2652994791666667 0.041666666666666664 0.041341145833333336
0 0.5029296875 0.3798828125 0.047526041666666664 0.029947916666666668
0 0.10123697916666667 0.11767578125 0.03759765625 0.0263671875
0 0.7786458333333334 0.3009440104166667 0.041666666666666664 0.0458984375
0 0.13517252604166666 0.14607747395833334 0.029296875 0.02490234375
0 0.30810546875 0.13004557291666666 0.025716145833333332 0.02880859375
0 0.8587239583333334 0.3087565104166667 0.037760416666666664 0.037434895833333336
0 0.3880208333333333 0.3883463541666667 0.046223958333333336 0.034505208333333336
0 0.3430989583333333 0.4485677083333333 0.038411458333333336 0.040364583333333336
0 0.98046875 0.5618489583333334 0.029947916666666668 0.052734375
0 0.6416015625 0.09138997395833333 0.03125 0.034016927083333336
0 0.2548828125 0.053629557291666664 0.037109375 0.033772786458333336
0 0.6188151041666666 0.060872395833333336 0.034505208333333336 0.033528645833333336
0 0.3368326822916667 0.042154947916666664 0.037923177083333336 0.024658203125
0 0.75390625 0.3427734375 0.040364583333333336 0.046223958333333336
0 0.91796875 0.5374348958333334 0.032552083333333336 0.044921875
0 0.3356119791666667 0.3128255208333333 0.028645833333333332 0.0380859375
0 0.2589518229166667 0.4664713541666667 0.031901041666666664 0.027994791666666668
0 0.5921223958333334 0.06766764322916667 0.025390625 0.0283203125
0 0.015645345052083332 0.138916015625 0.026814778645833332 0.0439453125
0 0.6881510416666666 0.08839925130208333 0.033854166666666664 0.020304361979166668
0 0.4807942708333333 0.10546875 0.025390625 0.027018229166666668
0 0.5719401041666666 0.6214192708333334 0.03125 0.029296875
0 0.10367838541666667 0.18701171875 0.034342447916666664 0.027994791666666668
0 0.71875 0.19807942708333334 0.037760416666666664 0.028971354166666668
0 0.15445963541666666 0.0830078125 0.032552083333333336 0.030598958333333332
0 0.4580078125 0.3334147135416667 0.03515625 0.036295572916666664
0 0.9055989583333334 0.64794921875 0.041666666666666664 0.037434895833333336
0 0.4215494791666667 0.050862630208333336 0.02734375 0.031494140625
0 0.2545572916666667 0.14558919270833334 0.021809895833333332 0.031087239583333332
0 0.11027018229166667 0.2579752604166667 0.032389322916666664 0.026041666666666668
0 0.26171875 0.08430989583333333 0.02734375 0.03173828125
0 0.67041015625 0.17936197916666666 0.028971354166666668 0.0263671875
0 0.236328125 0.3616536458333333 0.029947916666666668 0.026041666666666668
0 0.3743489583333333 0.4954427083333333 0.02734375 0.022135416666666668
0 0.3417154947916667 0.106689453125 0.01904296875 0.02197265625
0 0.6305338541666666 0.2578125 0.043619791666666664 0.033854166666666664
0 0.18062337239583334 0.092041015625 0.028401692708333332 0.021484375
0 0.3246256510416667 0.339599609375 0.028483072916666668 0.032389322916666664
0 0.384765625 0.119873046875 0.034505208333333336 0.038411458333333336
0 0.5081380208333334 0.3219401041666667 0.027994791666666668 0.025390625
0 0.2986653645833333 0.078125 0.028645833333333332 0.026204427083333332
0 0.7506510416666666 0.14835611979166666 0.03515625 0.027994791666666668
0 0.62109375 0.08327229817708333 0.026041666666666668 0.0303955078125
0 0.9830729166666666 0.15852864583333334 0.022135416666666668 0.036783854166666664
0 0.5029296875 0.11897786458333333 0.018229166666666668 0.02490234375
0 0.9791666666666666 0.011189778645833334 0.040364583333333336 0.022379557291666668
0 0.6097005208333334 0.132080078125 0.020833333333333332 0.026041666666666668
