0 0.9609375 0.4326171875 0.045572916666666664 0.037760416666666664
0 0.09749348958333333 0.2882486979166667 0.0419921875 0.041666666666666664
0 0.5647786458333334 0.8313802083333334 0.044921875 0.041666666666666664
0 0.6486002604166666 0.8326822916666666 0.049153645833333336 0.036458333333333336
0 0.7975260416666666 0.3175455729166667 0.041666666666666664 0.044596354166666664
0 0.4908854166666667 0.935546875 0.05078125 0.048177083333333336
0 0.5563151041666666 0.11100260416666667 0.039713541666666664 0.040364583333333336
0 0.23209635416666666 0.4833984375 0.0439453125 0.039713541666666664
0 0.5973307291666666 0.5026041666666666 0.0390625 0.037109375
0 0.7369791666666666 0.947265625 0.05078125 0.052083333333333336
0 0.830078125 0.7513020833333334 0.037760416666666664 0.036458333333333336
0 0.8899739583333334 0.7923177083333334 0.05078125 0.05078125
0 0.568359375 0.9775390625 0.042317708333333336 0.044921875
0 0.8385416666666666 0.3942057291666667 0.03515625 0.035807291666666664
0 0.71484375 0.7877604166666666 0.028645833333333332 0.040364583333333336
0 0.5856119791666666 0.20686848958333334 0.040364583333333336 0.03515625
0 0.10685221354166667 0.7532552083333334 0.046061197916666664 0.0390625
0 0.8893229166666666 0.3307291666666667 0.036458333333333336 0.044921875
0 0.4720052083333333 0.5078125 0.039713541666666664 0.035807291666666664
0 0.974609375 0.4794921875 0.040364583333333336 0.047526041666666664
0 0.833984375 0.28662109375 0.03515625 0.042643229166666664
0 0.5608723958333334 0.41015625 0.041666666666666664 0.033203125
0 0.14192708333333334 0.3658854166666667 0.047200520833333336 0.043619791666666664
0 0.892578125 0.8541666666666666 0.033854166666666664 0.036458333333333336
0 0.6389973958333334 0.130615234375 0.040364583333333336 0.04443359375
0 0.796875 0.8697916666666666 0.036458333333333336 0.046875
0 0.537109375 0.2762044270833333 0.036458333333333336 0.0361328125
0 0.10164388020833333 0.6638997395833334 0.0341796875 0.040690104166666664
0 0.7350260416666666 0.134521484375 0.036458333333333336 0.038248697916666664
0 0.3248697916666667 0.4983723958333333 0.042317708333333336 0.038411458333333336
0 0.40234375 0.3424479166666667 0.038411458333333336 0.038411458333333336
0 0.861328125 0.14839680989583334 0.036458333333333336 0.043701171875
0 0.6178385416666666 0.2692057291666667 0.02734375 0.034505208333333336
0 0.011769612630208334 0.388671875 0.023539225260416668 0.044270833333333336
0 0.8118489583333334 0.12394205729166667 0.046875 0.0361328125
0 0.5078125 0.4609375 0.030598958333333332 0.036458333333333336
0 0.4498697916666667 0.19905598958333334 0.031901041666666664 0.042643229166666664
0 0.7115885416666666 0.34375 0.03515625 0.039713541666666664
0 0.8391927083333334 0.16129557291666666 0.03515625 0.0341796875
0 0.4228515625 0.9283854166666666 0.026041666666666668 0.04296875
0 0.3994140625 0.15214029947916666 0.03125 0.038167317708333336
0 0.3938802083333333 0.94921875 0.041015625 0.048177083333333336
0 0.5345052083333334 0.18473307291666666 0.031901041666666664 0.037760416666666664
0 0.7825520833333334 0.232421875 0.040364583333333336 0.031901041666666664
0 0.755859375 0.3363444010416667 0.036458333333333336 0.038248697916666664
0 0.7610677083333334 0.2698567708333333 0.032552083333333336 0.032877604166666664
0 0.5283203125 0.4417317708333333 0.022786458333333332 0.02734375
0 0.6526692708333334 0.9814453125 0.044921875 0.037109375
0 0.3977864583333333 0.8020833333333334 0.037760416666666664 0.03125
0 0.5882161458333334 0.4261067708333333 0.029296875 0.036458333333333336
0 0.43359375 0.3736979166666667 0.03515625 0.037760416666666664
0 0.5875651041666666 0.26513671875 0.029947916666666668 0.031575520833333336
0 0.7747395833333334 0.138671875 0.032552083333333336 0.032063802083333336
0 0.0523681640625 0.22281901041666666 0.030192057291666668 0.022786458333333332
0 0.3736979166666667 0.89453125 0.038411458333333336 0.041666666666666664
0 0.8333333333333334 0.9016927083333334 0.040364583333333336 0.037760416666666664
0 0.5400390625 0.3108723958333333 0.033854166666666664 0.031901041666666664
0 0.6946614583333334 0.6627604166666666 0.0390625 0.036458333333333336
0 0.3577473958333333 0.4072265625 0.043619791666666664 0.034505208333333336
0 0.6455078125 0.6595052083333334 0.026041666666666668 0.026041666666666668
0 0.5436197916666666 0.23583984375 0.032552083333333336 0.023763020833333332
0 0.6861979166666666 0.147705078125 0.036458333333333336 0.034342447916666664
0 0.5423177083333334 0.375 0.033203125 0.027994791666666668
0 0.12760416666666666 0.18733723958333334 0.032063802083333336 0.029947916666666668
0 0.2666015625 0.4772135416666667 0.029622395833333332 0.033203125
0 0.736328125 0.18062337239583334 0.033854166666666664 0.031331380208333336
0 0.6129557291666666 0.4169921875 0.026692708333333332 0.034505208333333336
0 0.6513671875 0.6953125 0.01953125 0.032552083333333336
0 0.845703125 0.23046875 0.02734375 0.03515625
0 0.359375 0.3587239583333333 0.0390625 0.021484375
0 0.9114583333333334 0.2594401041666667 0.024739583333333332 0.02734375
0 0.13460286458333334 0.21354166666666666 0.037760416666666664 0.031901041666666664
0 0.07771809895833333 0.5810546875 0.04052734375 0.03125
0 0.7799479166666666 0.18766276041666666 0.029947916666666668 0.026692708333333332
0 0.3772786458333333 0.21907552083333334 0.029947916666666668 0.037760416666666664
0 0.4029947916666667 0.2908528645833333 0.032552083333333336 0.039388020833333336
0 0.1728515625 0.18180338541666666 0.035481770833333336 0.027018229166666668
0 0.09593311254528984 0.1394149116847826 0.036295572916666664 0.03267946105072463
0 0.3024088541666667 0.5182291666666666 0.026692708333333332 0.028645833333333332
0 0.8639322916666666 0.7083333333333334 0.028645833333333332 0.02734375
0 0.7194010416666666 0.6691080729166666 0.0234375 0.036783854166666664
0 0.17964680989583334 0.3824869791666667 0.026774088541666668 0.026692708333333332
0 0.6920572916666666 0.22314453125 0.022135416666666668 0.022786458333333332
0 0.1688232421875 0.15669759114583334 0.024983723958333332 0.029052734375
0 0.088623046875 0.19986979166666666 0.027180989583333332 0.021809895833333332
0 0.3204752604166667 0.3365885416666667 0.0244140625 0.024739583333333332
0 0.6184895833333334 0.64453125 0.02734375 0.025390625
0 0.5836588541666666 0.318603515625 0.029296875 0.03076171875
0 0.9786005434782608 0.3481657608695652 0.03759057971014501 0.03804347826086959
0 0.6090494791666666 0.24088541666666666 0.036458333333333336 0.033203125
0 0.6959635416666666 0.2527669270833333 0.02734375 0.0244140625
0 0.29296875 0.6171875 0.026041666666666668 0.024088541666666668
0 0.18912760416666666 0.7552083333333334 0.042317708333333336 0.036458333333333336
0 0.8938802083333334 0.5009765625 0.032552083333333336 0.033203125
0 0.40234375 0.22233072916666666 0.024739583333333332 0.0380859375
0 0.3518880208333333 0.5152994791666666 0.022786458333333332 0.027994791666666668
0 0.783203125 0.2830403645833333 0.028645833333333332 0.04296875
0 0.5276692708333334 0.7890625 0.026692708333333332 0.022135416666666668
0 0.3763020833333333 0.7981770833333334 0.027994791666666668 0.032552083333333336
0 0.9088541666666666 0.8756510416666666 0.03125 0.0390625
0 0.14388020833333334 0.5869140625 0.033528645833333336 0.020833333333333332
0 0.5836588541666666 0.3404134114583333 0.025390625 0.031412760416666664
0 0.7532552083333334 0.8118489583333334 0.032552083333333336 0.02734375
0 0.599609375 0.1793212890625 0.033854166666666664 0.040445963541666664
0 0.12939453125 0.580078125 0.026529947916666668 0.024088541666666668
0 0.3382161458333333 0.27490234375 0.0234375 0.026041666666666668
0 0.5921223958333334 0.5849609375 0.016927083333333332 0.025390625
0 0.8391927083333334 0.7233072916666666 0.026041666666666668 0.02734375
0 0.4495442708333333 0.4886067708333333 0.026692708333333332 0.026692708333333332
0 0.3408203125 0.412109375 0.028645833333333332 0.026041666666666668
0 0.703125 0.12874348958333334 0.02734375 0.030436197916666668
0 0.4283854166666667 0.3006184895833333 0.01953125 0.038411458333333336
