0 0.3253580729166667 0.763671875 0.0380859375 0.045572916666666664
0 0.19694010416666666 0.2275390625 0.038411458333333336 0.041666666666666664
0 0.15730794270833334 0.6946614583333334 0.04443359375 0.048177083333333336
0 0.32421875 0.22265625 0.04296875 0.043294270833333336
0 0.07545979817708333 0.3938802083333333 0.0323486328125 0.035807291666666664
0 0.19384765625 0.2893880208333333 0.035807291666666664 0.037109375
0 0.427734375 0.2950846354166667 0.042317708333333336 0.038736979166666664
0 0.09220377604166667 0.5680338541666666 0.050618489583333336 0.052083333333333336
0 0.16097005208333334 0.24300130208333334 0.04296875 0.044596354166666664
0 0.25732421875 0.108154296875 0.034830729166666664 0.032877604166666664
0 0.541015625 0.22119140625 0.037109375 0.0341796875
0 0.7239583333333334 0.64453125 0.032552083333333336 0.033203125
0 0.2605794270833333 0.3772786458333333 0.0361328125 0.03515625
0 0.048990885416666664 0.5423177083333334 0.043294270833333336 0.044921875
0 0.4609375 0.8111979166666666 0.036458333333333336 0.036458333333333336
0 0.3854166666666667 0.66650390625 0.037109375 0.0380859375
0 0.22574869791666666 0.205078125 0.041341145833333336 0.046223958333333336
0 0.3665364583333333 0.6461588541666666 0.0390625 0.039713541666666664
0 0.162109375 0.325927734375 0.037109375 0.036946614583333336
0 0.22086588541666666 0.3561197916666667 0.040690104166666664 0.033203125
0 0.5003255208333334 0.4059244791666667 0.032552083333333336 0.036458333333333336
0 0.4069010416666667 0.3772786458333333 0.036458333333333336 0.034505208333333336
0 0.412109375 0.3326009114583333 0.03515625 0.03662109375
0 0.5159505208333334 0.25 0.034505208333333336 0.033528645833333336
0 0.802734375 0.23746744791666666 0.03515625 0.040690104166666664
0 0.014068603515625 0.3863932291666667 0.02813720703125 0.035807291666666664
0 0.771484375 0.27685546875 0.03125 0.0400390625
0 0.23876953125 0.6809895833333334 0.041666666666666664 0.03515625
0 0.16927083333333334 0.3688151041666667 0.035481770833333336 0.037760416666666664
0 0.2776692708333333 0.13818359375 0.031575520833333336 0.029459635416666668
0 0.18961588541666666 0.07340494791666667 0.038411458333333336 0.038736979166666664
0 0.3938802083333333 0.6139322916666666 0.034505208333333336 0.035807291666666664
0 0.8489583333333334 0.3014322916666667 0.026041666666666668 0.037109375
0 0.716796875 0.61328125 0.03515625 0.037760416666666664
0 0.07466634114583333 0.3662109375 0.039306640625 0.032552083333333336
0 0.060587565104166664 0.67236328125 0.036783854166666664 0.036783854166666664
0 0.2392578125 0.5729166666666666 0.0302734375 0.030598958333333332
0 0.19466145833333334 0.3199869791666667 0.036783854166666664 0.03125
0 0.5413411458333334 0.3883463541666667 0.029296875 0.029947916666666668
0 0.5 0.2888997395833333 0.037109375 0.039713541666666664
0 0.12394205729166667 0.3260904947916667 0.042154947916666664 0.03662109375
0 0.14607747395833334 0.13606770833333334 0.030436197916666668 0.044921875
0 0.2799479166666667 0.7194010416666666 0.038411458333333336 0.045572916666666664
0 0.22119140625 0.4182942708333333 0.030924479166666668 0.037109375
0 0.106689453125 0.3688151041666667 0.033203125 0.032552083333333336
0 0.04270028376924817 0.39848703577898553 0.03393820057744564 0.033415421195652106
0 0.13045247395833334 0.2589518229166667 0.02490234375 0.033528645833333336
0 0.2755533854166667 0.4384765625 0.039388020833333336 0.036458333333333336
0 0.0115966796875 0.2853190104166667 0.023193359375 0.0341796875
0 0.0947265625 0.3334147135416667 0.028483072916666668 0.033040364583333336
0 0.2532552083333333 0.4111328125 0.023111979166666668 0.03125
0 0.036371866861979164 0.7350260416666666 0.038177490234375 0.032552083333333336
0 0.4244791666666667 0.4143880208333333 0.028645833333333332 0.029296875
0 0.7220052083333334 0.7389322916666666 0.03515625 0.033854166666666664
0 0.5458984375 0.3271484375 0.03515625 0.032552083333333336
0 0.8170572916666666 0.302734375 0.026041666666666668 0.0283203125
0 0.291015625 0.10498046875 0.039713541666666664 0.04052734375
0 0.841796875 0.7552083333333334 0.03125 0.024739583333333332
0 0.3434244791666667 0.8131510416666666 0.0234375 0.026041666666666668
0 0.036519368489583336 0.0966796875 0.028279622395833332 0.02587890625
0 0.9622395833333334 0.564453125 0.029947916666666668 0.033203125
0 0.05834784024003622 0.27885812952898553 0.03661047894021737 0.03037250905797099
0 0.8365885416666666 0.6901041666666666 0.029947916666666668 0.03125
0 0.018870035807291668 0.08945719401041667 0.026468912760416668 0.0318603515625
0 0.30322265625 0.8072916666666666 0.0234375 0.029947916666666668
0 0.06913248697916667 0.066162109375 0.031982421875 0.027180989583333332
0 0.22054036458333334 0.4514973958333333 0.029947916666666668 0.024739583333333332
0 0.11116536458333333 0.2939453125 0.029622395833333332 0.029947916666666668
0 0.16752115885416666 0.619140625 0.040934244791666664 0.045572916666666664
0 0.10888671875 0.671875 0.033854166666666664 0.032552083333333336
0 0.9906589673913043 0.24963555819746375 0.018682065217391425 0.026671478713768144
0 0.4104817708333333 0.4069010416666667 0.030598958333333332 0.0390625
0 0.7747395833333334 0.73828125 0.028645833333333332 0.026041666666666668
0 0.16768391927083334 0.1552734375 0.027587890625 0.033528645833333336
0 0.220703125 0.8177083333333334 0.024088541666666668 0.033854166666666664
0 0.03855608511662136 0.29628410892210144 0.03543311962182971 0.031752434329710054
0 0.14290364583333334 0.3863932291666667 0.021647135416666668 0.0234375
0 0.8157552083333334 0.6842447916666666 0.022135416666666668 0.02734375
0 0.3889973958333333 0.5498046875 0.022786458333333332 0.029296875
0 0.3077799479166667 0.5543619791666666 0.023763020833333332 0.026041666666666668
0 0.0733642578125 0.012852986653645834 0.030192057291666668 0.024098714192708332
0 0.7194010416666666 0.7903645833333334 0.033854166666666664 0.02734375
0 0.7545572916666666 0.23193359375 0.026041666666666668 0.029947916666666668
0 0.962890625 0.6145833333333334 0.022135416666666668 0.025390625
0 0.994140625 0.19563802083333334 0.01171875 0.037434895833333336
0 0.16031901041666666 0.14717610677083334 0.033528645833333336 0.047119140625
0 0.13346354166666666 0.22347005208333334 0.018229166666666668 0.036783854166666664
0 0.3212890625 0.8509114583333334 0.023763020833333332 0.028645833333333332
0 0.4651692708333333 0.986328125 0.0234375 0.02734375
0 0.0731201171875 0.11531575520833333 0.024007161458333332 0.033203125
0 0.5911458333333334 0.865234375 0.027994791666666668 0.032552083333333336
