0 0.15763346354166666 0.9322916666666666 0.04248046875 0.041666666666666664
0 0.7565104166666666 0.4547526041666667 0.036458333333333336 0.042317708333333336
0 0.439453125 0.4567057291666667 0.045572916666666664 0.036458333333333336
0 0.3870442708333333 0.8756510416666666 0.043619791666666664 0.041666666666666664
0 0.047414143880208336 0.7845052083333334 0.057352701822916664 0.052083333333333336
0 0.09393310546875 0.822265625 0.045206705729166664 0.041666666666666664
0 0.2835286458333333 0.9720052083333334 0.0458984375 0.04296875
0 0.8079427083333334 0.4342447916666667 0.0390625 0.042317708333333336
0 0.19287109375 0.4677734375 0.037109375 0.035807291666666664
0 0.7369791666666666 0.8704427083333334 0.03125 0.045572916666666664
0 0.4879557291666667 0.6204427083333334 0.037109375 0.046223958333333336
0 0.2294921875 0.4768880208333333 0.041666666666666664 0.046223958333333336
0 0.2775065104166667 0.6223958333333334 0.035807291666666664 0.035807291666666664
0 0.17578125 0.3929036458333333 0.033528645833333336 0.036458333333333336
0 0.783203125 0.4130859375 0.037760416666666664 0.04296875
0 0.07194010416666667 0.576171875 0.038411458333333336 0.041015625
0 0.5139973958333334 0.5149739583333334 0.03515625 0.036458333333333336
0 0.2921549479166667 0.9069010416666666 0.042317708333333336 0.029947916666666668
0 0.4228515625 0.5003255208333334 0.032552083333333336 0.042317708333333336
0 0.13444010416666666 0.7805989583333334 0.047037760416666664 0.045572916666666664
0 0.2928059895833333 0.396484375 0.038411458333333336 0.051432291666666664
0 0.06955973307291667 0.9212239583333334 0.041056315104166664 0.0390625
0 0.8600260416666666 0.490234375 0.041666666666666664 0.029296875
0 0.5162760416666666 0.404296875 0.036458333333333336 0.040364583333333336
0 0.3649088541666667 0.9524739583333334 0.037760416666666664 0.032552083333333336
0 0.041005452473958336 0.595703125 0.03680419921875 0.029296875
0 0.11417643229166667 0.4534505208333333 0.029947916666666668 0.044270833333333336
0 0.8671875 0.3275553385416667 0.032552083333333336 0.038899739583333336
0 0.3987630208333333 0.916015625 0.041015625 0.04296875
0 0.15771484375 0.4873046875 0.038411458333333336 0.041015625
0 0.20930989583333334 0.3857421875 0.038411458333333336 0.041015625
0 0.3883463541666667 0.96875 0.040364583333333336 0.045572916666666664
0 0.5240885416666666 0.6451822916666666 0.03125 0.033203125
0 0.16971842447916666 0.22981770833333334 0.035888671875 0.032877604166666664
0 0.8177083333333334 0.4576822916666667 0.032552083333333336 0.033854166666666664
0 0.5061848958333334 0.5563151041666666 0.037760416666666664 0.033203125
0 0.140380859375 0.4075520833333333 0.0361328125 0.044270833333333336
0 0.23616536458333334 0.8092447916666666 0.034505208333333336 0.036458333333333336
0 0.10530598958333333 0.5872395833333334 0.0380859375 0.037760416666666664
0 0.15555826822916666 0.3557942708333333 0.035237630208333336 0.039713541666666664
0 0.16304524739583334 0.552734375 0.035888671875 0.03125
0 0.23697916666666666 0.9231770833333334 0.044921875 0.03515625
0 0.228515625 0.5745442708333334 0.030598958333333332 0.034505208333333336
0 0.13175455729166666 0.30859375 0.034830729166666664 0.03515625
0 0.0358123779296875 0.4567057291666667 0.030426025390625 0.034505208333333336
0 0.4091796875 0.4765625 0.03125 0.036458333333333336
0 0.8502604166666666 0.978515625 0.036458333333333336 0.028645833333333332
0 0.19986979166666666 0.580078125 0.030924479166666668 0.026692708333333332
0 0.09928385416666667 0.23258463541666666 0.03515625 0.043294270833333336
0 0.11100260416666667 0.2887369791666667 0.027669270833333332 0.037109375
0 0.3759765625 0.3126627604166667 0.034505208333333336 0.0439453125
0 0.12540690104166666 0.3580729166666667 0.036783854166666664 0.033854166666666664
0 0.2721354166666667 0.6622721354166666 0.029296875 0.025716145833333332
0 0.11759440104166667 0.4990234375 0.041015625 0.039713541666666664
0 0.120361328125 0.5416666666666666 0.0302734375 0.029947916666666668
0 0.5445963541666666 0.3216959635416667 0.037109375 0.038248697916666664
0 0.181640625 0.2708333333333333 0.041015625 0.041666666666666664
0 0.13362630208333334 0.259765625 0.033203125 0.029947916666666668
0 0.3798828125 0.5309244791666666 0.030598958333333332 0.029947916666666668
0 0.08925374348958333 0.325927734375 0.0369873046875 0.03564453125
0 0.6064453125 0.88671875 0.030598958333333332 0.02734375
0 0.013529459635416666 0.5849609375 0.027058919270833332 0.037760416666666664
0 0.9853515625 0.169921875 0.029296875 0.037760416666666664
0 0.07344563802083333 0.2373046875 0.027750651041666668 0.033854166666666664
0 0.31689453125 0.18375651041666666 0.020833333333333332 0.0390625
0 0.19563802083333334 0.3541666666666667 0.0283203125 0.037109375
0 0.29345703125 0.15804036458333334 0.027994791666666668 0.022135416666666668
0 0.07100423177083333 0.458984375 0.030680338541666668 0.031901041666666664
0 0.4091796875 0.61328125 0.029296875 0.030598958333333332
0 0.15787760416666666 0.27099609375 0.027018229166666668 0.038411458333333336
0 0.4176432291666667 0.6321614583333334 0.032552083333333336 0.027994791666666668
0 0.09718831380208333 0.3697916666666667 0.0299072265625 0.037760416666666664
0 0.3185221354166667 0.325439453125 0.0263671875 0.02490234375
0 0.7805989583333334 0.9654947916666666 0.029947916666666668 0.029947916666666668
0 0.8528645833333334 0.5296223958333334 0.029947916666666668 0.026041666666666668
0 0.010152180989583334 0.4436848958333333 0.019368489583333332 0.042317708333333336
0 0.98046875 0.20572916666666666 0.0234375 0.0341796875
0 0.031651814778645836 0.24641927083333334 0.030120849609375 0.027994791666666668
0 0.27685546875 0.8033854166666666 0.025390625 0.033854166666666664
0 0.5882161458333334 0.10416666666666667 0.032552083333333336 0.034505208333333336
0 0.23030598958333334 0.6015625 0.028645833333333332 0.033854166666666664
0 0.3548177083333333 0.7643229166666666 0.025390625 0.024739583333333332
0 0.11376953125 0.9375 0.037109375 0.0390625
0 0.1328125 0.4485677083333333 0.028483072916666668 0.026041666666666668
0 0.7259114583333334 0.2978515625 0.020833333333333332 0.020182291666666668
0 0.3046875 0.045135498046875 0.03125 0.023661295572916668
0 0.022054036458333332 0.9348958333333334 0.034505208333333336 0.036458333333333336
0 0.2591145833333333 0.6087239583333334 0.0234375 0.022786458333333332
0 0.005615234375 0.216796875 0.01123046875 0.0361328125
0 0.744140625 0.9876302083333334 0.028645833333333332 0.024739583333333332
0 0.25390625 0.2998046875 0.016927083333333332 0.038736979166666664
0 0.149169921875 0.06388346354166667 0.02294921875 0.0380859375
