0 0.1585693359375 0.6393229166666666 0.049723307291666664 0.037109375
0 0.48046875 0.2652994791666667 0.041015625 0.038736979166666664
0 0.08284505208333333 0.5276692708333334 0.04248046875 0.040364583333333336
0 0.33056640625 0.7213541666666666 0.0380859375 0.040364583333333336
0 0.4007161458333333 0.6061197916666666 0.047526041666666664 0.041666666666666664
0 0.055989583333333336 0.6302083333333334 0.041829427083333336 0.035807291666666664
0 0.5804036458333334 0.2503255208333333 0.033854166666666664 0.032552083333333336
0 0.1552734375 0.23160807291666666 0.0361328125 0.042317708333333336
0 0.55859375 0.3452962239583333 0.037760416666666664 0.045735677083333336
0 0.3938802083333333 0.6673177083333334 0.039713541666666664 0.037760416666666664
0 0.11857096354166667 0.3045247395833333 0.040852864583333336 0.043294270833333336
0 0.2662760416666667 0.3831380208333333 0.033528645833333336 0.029947916666666668
0 0.4661458333333333 0.775390625 0.037760416666666664 0.036458333333333336
0 0.4947916666666667 0.4173177083333333 0.033854166666666664 0.03515625
0 0.7252604166666666 0.5719401041666666 0.037760416666666664 0.037109375
0 0.3717447916666667 0.6472981770833334 0.036458333333333336 0.0439453125
0 0.67431640625 0.6276041666666666 0.036783854166666664 0.038411458333333336
0 0.19563802083333334 0.2747395833333333 0.0380859375 0.033854166666666664
0 0.3746744791666667 0.9075520833333334 0.035807291666666664 0.036458333333333336
0 0.21419270833333334 0.3870442708333333 0.031901041666666664 0.030598958333333332
0 0.06791178385416667 0.3333333333333333 0.039306640625 0.037760416666666664
0 0.2109375 0.19954427083333334 0.037109375 0.036458333333333336
0 0.24397786458333334 0.6223958333333334 0.036458333333333336 0.033854166666666664
0 0.07525634765625 0.11629231770833333 0.028849283854166668 0.032552083333333336
0 0.7454427083333334 0.5960286458333334 0.036458333333333336 0.033203125
0 0.037180582682291664 0.02069091796875 0.034688313802083336 0.034261067708333336
0 0.5764973958333334 0.7180989583333334 0.030598958333333332 0.033854166666666664
0 0.6712239583333334 0.7395833333333334 0.032552083333333336 0.03125
0 0.2802734375 0.6687825520833334 0.034830729166666664 0.037434895833333336
0 0.15494791666666666 0.327392578125 0.041341145833333336 0.03662109375
0 0.3048502604166667 0.19905598958333334 0.0341796875 0.032877604166666664
0 0.03454767271529798 0.142578125 0.024281819661458332 0.03515625
0 0.013270060221354166 0.3374837239583333 0.025624593098958332 0.039225260416666664
0 0.042775472005208336 0.5 0.043680826822916664 0.02734375
0 0.4554036458333333 0.9186197916666666 0.02734375 0.036458333333333336
0 0.12044270833333333 0.2571614583333333 0.0322265625 0.031901041666666664
0 0.032257080078125 0.3482259114583333 0.027445475260416668 0.03466796875
0 0.07893880208333333 0.5638020833333334 0.02880859375 0.033854166666666664
0 0.025365193684895832 0.6881510416666666 0.038543701171875 0.037760416666666664
0 0.22737630208333334 0.3466796875 0.027994791666666668 0.026041666666666668
0 0.6285807291666666 0.3870442708333333 0.028645833333333332 0.030598958333333332
0 0.06625941865511949 0.30170040475613696 0.031200477935238984 0.03276278867894056
0 0.07181803385416667 0.14811197916666666 0.030029296875 0.031087239583333332
0 0.2613932291666667 0.14461263020833334 0.022786458333333332 0.030598958333333332
0 0.765625 0.6842447916666666 0.026041666666666668 0.028645833333333332
0 0.17610677083333334 0.3440755208333333 0.028971354166666668 0.026692708333333332
0 0.8352864583333334 0.6458333333333334 0.026041666666666668 0.029296875
0 0.3056640625 0.5950520833333334 0.0244140625 0.024739583333333332
0 0.2561848958333333 0.5716145833333334 0.0322265625 0.021484375
0 0.2776692708333333 0.4173177083333333 0.027994791666666668 0.026692708333333332
0 0.470703125 0.5709635416666666 0.027994791666666668 0.024739583333333332
0 0.23063151041666666 0.765625 0.023763020833333332 0.032552083333333336
0 0.9654947916666666 0.5354817708333334 0.024739583333333332 0.027994791666666668
0 0.8092447916666666 0.638671875 0.022135416666666668 0.026041666666666668
0 0.287109375 0.5208333333333334 0.0185546875 0.026041666666666668
0 0.39453125 0.5045572916666666 0.01953125 0.029947916666666668
0 0.4036458333333333 0.384765625 0.033854166666666664 0.027994791666666668
0 0.009312947591145834 0.1279296875 0.018625895182291668 0.030924479166666668
0 0.841796875 0.44140625 0.01953125 0.016276041666666668
0 0.08158365885416667 0.24755859375 0.026123046875 0.03125
0 0.81640625 0.4368489583333333 0.024739583333333332 0.018880208333333332
0 0.09578450520833333 0.11368815104166667 0.019856770833333332 0.030436197916666668
0 0.3880208333333333 0.9283854166666666 0.02734375 0.02734375
0 0.16267903645833334 0.2804361979166667 0.027506510416666668 0.028645833333333332
0 0.13671875 0.392578125 0.02880859375 0.026041666666666668
0 0.119140625 0.6295572916666666 0.029296875 0.036458333333333336
0 0.3625974039082687 0.5234084807009044 0.015882388565891414 0.02539314841731266
0 0.6266276041666666 0.7376302083333334 0.016276041666666668 0.033854166666666664
0 0.35906461967054265 0.5035151203165374 0.018910489341085263 0.01874899063307489
0 0.114990234375 0.3460286458333333 0.025227864583333332 0.027994791666666668
0 0.916015625 0.814453125 0.02734375 0.022135416666666668
0 0.045166015625 0.3103841145833333 0.029296875 0.032877604166666664
