0 0.78515625 0.5569661458333334 0.036458333333333336 0.044270833333333336
0 0.13330078125 0.779296875 0.056315104166666664 0.06380208333333333
0 0.5445963541666666 0.3606770833333333 0.042317708333333336 0.044921875
0 0.3704427083333333 0.3531901041666667 0.04296875 0.042317708333333336
0 0.828125 0.439453125 0.041666666666666664 0.038411458333333336
0 0.4518229166666667 0.4104817708333333 0.0390625 0.0390625
0 0.8567708333333334 0.057332356770833336 0.046875 0.048177083333333336
0 0.2882486979166667 0.26123046875 0.042643229166666664 0.044921875
0 0.6673177083333334 0.2858072916666667 0.045572916666666664 0.035481770833333336
0 0.400390625 0.380859375 0.039713541666666664 0.039713541666666664
0 0.8046875 0.10262044270833333 0.037760416666666664 0.04443359375
0 0.3717447916666667 0.4332682291666667 0.043619791666666664 0.039713541666666664
0 0.2041015625 0.6103515625 0.028645833333333332 0.038411458333333336
0 0.6409505208333334 0.4931640625 0.050130208333333336 0.04296875
0 0.5732421875 0.4830729166666667 0.052734375 0.059244791666666664
0 0.9368489583333334 0.515625 0.04296875 0.039713541666666664
0 0.3414713541666667 0.2893880208333333 0.046223958333333336 0.0654296875
0 0.9739583333333334 0.3505859375 0.052083333333333336 0.059895833333333336
0 0.6985677083333334 0.390625 0.046875 0.059895833333333336
0 0.5930989583333334 0.21647135416666666 0.037109375 0.03515625
0 0.759765625 0.11018880208333333 0.037760416666666664 0.033203125
0 0.9342447916666666 0.4033203125 0.052083333333333336 0.057942708333333336
0 0.7786458333333334 0.6998697916666666 0.044270833333333336 0.0546875
0 0.4443359375 0.16764322916666666 0.040364583333333336 0.040364583333333336
0 0.4446614583333333 0.6243489583333334 0.038411458333333336 0.040364583333333336
0 0.6311848958333334 0.2566731770833333 0.0390625 0.0380859375
0 0.2333984375 0.4576822916666667 0.034830729166666664 0.029296875
0 0.4541015625 0.5055338541666666 0.025390625 0.034505208333333336
0 0.20426432291666666 0.7734375 0.032552083333333336 0.045572916666666664
0 0.5813802083333334 0.4111328125 0.039713541666666664 0.030598958333333332
0 0.9817708333333334 0.103271484375 0.03125 0.028157552083333332
0 0.9733072916666666 0.020222981770833332 0.041666666666666664 0.040445963541666664
0 0.331298828125 0.3194986979166667 0.03466796875 0.0302734375
0 0.94140625 0.010121663411458334 0.053385416666666664 0.020243326822916668
0 0.7473958333333334 0.051350911458333336 0.0390625 0.025390625
0 0.12044270833333333 0.4521484375 0.025390625 0.026041666666666668
0 0.15531412760416666 0.29638671875 0.029215494791666668 0.023763020833333332
0 0.8802083333333334 0.10685221354166667 0.044270833333333336 0.03466796875
0 0.3121744791666667 0.17118326822916666 0.034505208333333336 0.020914713541666668
0 0.7239583333333334 0.3182779947916667 0.029947916666666668 0.033365885416666664
0 0.3170572916666667 0.4833984375 0.031901041666666664 0.029947916666666668
0 0.8828125 0.5787760416666666 0.040364583333333336 0.037760416666666664
0 0.041392008463541664 0.4182942708333333 0.035380045572916664 0.031901041666666664
0 0.2646484375 0.6334635416666666 0.029947916666666668 0.02734375
0 0.3736979166666667 0.18359375 0.039713541666666664 0.018880208333333332
0 0.17598470052083334 0.3753255208333333 0.032470703125 0.033203125
0 0.4013671875 0.458984375 0.033203125 0.034505208333333336
0 0.2779947916666667 0.4527994791666667 0.022786458333333332 0.02734375
0 0.705078125 0.333984375 0.033854166666666664 0.038411458333333336
0 0.9876302083333334 0.2744140625 0.024739583333333332 0.022135416666666668
0 0.17513020833333334 0.3518880208333333 0.022786458333333332 0.025390625
0 0.08968098958333333 0.4134114583333333 0.021809895833333332 0.0234375
0 0.5986328125 0.2890625 0.025390625 0.034830729166666664
0 0.6985677083333334 0.3287760416666667 0.026041666666666668 0.020833333333333332
0 0.4156901041666667 0.4928385416666667 0.021484375 0.026692708333333332
