0 0.6222696624677003 0.37409030805878557 0.043170623385012874 0.05351915778423769
0 0.8365885416666666 0.69140625 0.037760416666666664 0.040364583333333336
0 0.9407552083333334 0.6240234375 0.041666666666666664 0.020833333333333332
0 0.06388346354166667 0.6520182291666666 0.036214192708333336 0.031901041666666664
0 0.4886067708333333 0.10986328125 0.044921875 0.026041666666666668
0 0.128662109375 0.4488932291666667 0.0341796875 0.041015625
0 0.5973307291666666 0.3668619791666667 0.028645833333333332 0.044270833333333336
0 0.509765625 0.06976318359375 0.028645833333333332 0.027791341145833332
0 0.3935546875 0.26904296875 0.030598958333333332 0.040364583333333336
0 0.9889322916666666 0.6953125 0.020833333333333332 0.029947916666666668
0 0.6808268229166666 0.70703125 0.032877604166666664 0.026041666666666668
0 0.263671875 0.3307291666666667 0.023763020833333332 0.037760416666666664
0 0.359375 0.21028645833333334 0.022135416666666668 0.028645833333333332
0 0.5045572916666666 0.11295572916666667 0.032552083333333336 0.036458333333333336
