0 0.2947591145833333 0.5211588541666666 0.038411458333333336 0.04296875
0 0.7864583333333334 0.9309895833333334 0.049479166666666664 0.05078125
0 0.4817708333333333 0.16068522135416666 0.0625 0.07185872395833333
0 0.4296875 0.7890625 0.036458333333333336 0.03515625
0 0.3981119791666667 0.91796875 0.048177083333333336 0.04296875
0 0.2548828125 0.52734375 0.037760416666666664 0.037109375
0 0.6725260416666666 0.7701822916666666 0.040364583333333336 0.036458333333333336
0 0.3681640625 0.8977864583333334 0.045572916666666664 0.044270833333333336
0 0.68408203125 0.5771484375 0.048502604166666664 0.030598958333333332
0 0.091796875 0.671875 0.040364583333333336 0.02734375
0 0.6827799479166666 0.4817708333333333 0.0458984375 0.029296875
0 0.24560546875 0.2672526041666667 0.031575520833333336 0.031901041666666664
0 0.23583984375 0.71484375 0.051106770833333336 0.044270833333333336
0 0.4964192708333333 0.20491536458333334 0.032552083333333336 0.036783854166666664
0 0.4381510416666667 0.1763916015625 0.041015625 0.033610026041666664
0 0.2923177083333333 0.2610677083333333 0.025390625 0.019856770833333332
0 0.427734375 0.7578125 0.027994791666666668 0.026041666666666668
0 0.2605794270833333 0.7174479166666666 0.033528645833333336 0.044270833333333336
0 0.0061492919921875 0.9127604166666666 0.012298583984375 0.032552083333333336
0 0.62109375 0.4108072916666667 0.025390625 0.020833333333333332
0 0.047322591145833336 0.9401041666666666 0.027587890625 0.03125
0 0.4977213541666667 0.24446614583333334 0.024739583333333332 0.027018229166666668
0 0.6911892361111112 0.3713700641957364 0.0526990471576226 0.032716105458656365
