0 0.6998697916666666 0.2513020833333333 0.048177083333333336 0.050130208333333336
0 0.4583333333333333 0.07405598958333333 0.057291666666666664 0.061360677083333336
0 0.06800333658854167 0.68408203125 0.053934733072916664 0.06282552083333333
0 0.06526692708333333 0.5319010416666666 0.03955078125 0.03125
0 0.057373046875 0.7662760416666666 0.060872395833333336 0.0703125
0 0.765625 0.15189615885416666 0.055989583333333336 0.06599934895833333
0 0.7578125 0.2696940104166667 0.037760416666666664 0.032552083333333336
0 0.5296223958333334 0.64453125 0.033203125 0.044270833333333336
0 0.8333333333333334 0.2848307291666667 0.046875 0.052083333333333336
0 0.8463541666666666 0.22281901041666666 0.046875 0.056315104166666664
0 0.3671875 0.4293619791666667 0.048177083333333336 0.048828125
0 0.25732421875 0.040669759114583336 0.0283203125 0.0352783203125
0 0.3929036458333333 0.013692220052083334 0.0390625 0.027384440104166668
0 0.5068359375 0.045328776041666664 0.0390625 0.043619791666666664
0 0.067626953125 0.3636067708333333 0.03466796875 0.029947916666666668
0 0.7447916666666666 0.7734375 0.029947916666666668 0.040364583333333336
0 0.7877604166666666 0.0513916015625 0.033854166666666664 0.022867838541666668
0 0.2776692708333333 0.022852579752604168 0.03515625 0.032501220703125
0 0.09781901041666667 0.5260416666666666 0.02392578125 0.026041666666666668
0 0.6188151041666666 0.14847819010416666 0.053385416666666664 0.06599934895833333
0 0.884765625 0.22477213541666666 0.033854166666666664 0.053059895833333336
0 0.1396484375 0.064453125 0.034505208333333336 0.03173828125
0 0.23160807291666666 0.5618489583333334 0.029622395833333332 0.038411458333333336
0 0.6246744791666666 0.3675130208333333 0.036458333333333336 0.027994791666666668
0 0.9856770833333334 0.2854817708333333 0.024739583333333332 0.027994791666666668
0 0.06644694010416667 0.40625 0.02978515625 0.041666666666666664
0 0.08115641276041667 0.4388020833333333 0.039835611979166664 0.033854166666666664
0 0.45703125 0.2991536458333333 0.025390625 0.0341796875
0 0.7259114583333334 0.053049723307291664 0.028645833333333332 0.025899251302083332
0 0.012308756510416666 0.5576171875 0.024617513020833332 0.030598958333333332
0 0.054758707682291664 0.009997049967447916 0.045918782552083336 0.0182952880859375
0 0.73046875 0.11214192708333333 0.032552083333333336 0.025390625
0 0.51953125 0.07143147786458333 0.034505208333333336 0.037312825520833336
0 0.8333333333333334 0.546875 0.029947916666666668 0.024739583333333332
0 0.6318359375 0.787109375 0.022786458333333332 0.040364583333333336
0 0.2526041666666667 0.0088653564453125 0.030924479166666668 0.017730712890625
0 0.09724934895833333 0.3714192708333333 0.024088541666666668 0.030598958333333332
0 0.07778532608695649 0.31102807971014484 0.0384963768115942 0.0384963768115942
