0 0.034505208333333336 0.720703125 0.047444661458333336 0.036458333333333336
0 0.15767415364583334 0.8899739583333334 0.048909505208333336 0.040364583333333336
0 0.3870442708333333 0.5159505208333334 0.039713541666666664 0.033203125
0 0.20247395833333334 0.455078125 0.034830729166666664 0.038411458333333336
0 0.2333984375 0.4573567708333333 0.034830729166666664 0.035807291666666664
0 0.24104817708333334 0.8880208333333334 0.0458984375 0.0390625
0 0.4820963541666667 0.853515625 0.037760416666666664 0.037760416666666664
0 0.2858072916666667 0.9283854166666666 0.0390625 0.03515625
0 0.16243489583333334 0.4114583333333333 0.0361328125 0.038411458333333336
0 0.8255208333333334 0.4134114583333333 0.037760416666666664 0.040364583333333336
0 0.7239583333333334 0.8626302083333334 0.036458333333333336 0.028645833333333332
0 0.08207194010416667 0.7584635416666666 0.046142578125 0.041666666666666664
0 0.4886067708333333 0.5618489583333334 0.035807291666666664 0.041666666666666664
0 0.203125 0.5013020833333334 0.042317708333333336 0.040364583333333336
0 0.15535481770833334 0.4518229166666667 0.037923177083333336 0.036458333333333336
0 0.515625 0.3876953125 0.028645833333333332 0.039713541666666664
0 0.4990234375 0.41796875 0.041666666666666664 0.0390625
0 0.15966796875 0.5133463541666666 0.028971354166666668 0.029296875
0 0.7109375 0.8326822916666666 0.040364583333333336 0.044270833333333336
0 0.857421875 0.4459635416666667 0.033854166666666664 0.027994791666666668
0 0.12068684895833333 0.4052734375 0.036783854166666664 0.051432291666666664
0 0.23681640625 0.5472005208333334 0.030598958333333332 0.03125
0 0.7799479166666666 0.4322916666666667 0.033854166666666664 0.031901041666666664
0 0.10880533854166667 0.4690755208333333 0.035970052083333336 0.033854166666666664
0 0.07371012369791667 0.48046875 0.0316162109375 0.041666666666666664
0 0.4114583333333333 0.4690755208333333 0.029296875 0.038411458333333336
0 0.037943522135416664 0.4869791666666667 0.025675455729166668 0.044270833333333336
0 0.322998046875 0.876953125 0.03564453125 0.029947916666666668
0 0.6126302083333334 0.2713216145833333 0.0234375 0.031575520833333336
0 0.4563802083333333 0.8893229166666666 0.032552083333333336 0.029947916666666668
0 0.06386311848958333 0.8548177083333334 0.042195638020833336 0.033854166666666664
0 0.3662109375 0.9212239583333334 0.037760416666666664 0.04296875
0 0.24625651041666666 0.75 0.033528645833333336 0.03125
0 0.4049479166666667 0.591796875 0.031901041666666664 0.026692708333333332
0 0.19563802083333334 0.40234375 0.034830729166666664 0.030598958333333332
0 0.5315755208333334 0.5950520833333334 0.038411458333333336 0.032552083333333336
0 0.16512044270833334 0.3505859375 0.033040364583333336 0.029947916666666668
0 0.822265625 0.8997395833333334 0.036458333333333336 0.03125
0 0.034922281901041664 0.2810872395833333 0.03155517578125 0.041341145833333336
0 0.7447916666666666 0.9381510416666666 0.040364583333333336 0.040364583333333336
0 0.2649739583333333 0.5553385416666666 0.036783854166666664 0.037109375
0 0.478515625 0.9173177083333334 0.044270833333333336 0.03515625
0 0.5904947916666666 0.3125 0.032552083333333336 0.033528645833333336
0 0.4615885416666667 0.7734375 0.032552083333333336 0.026041666666666668
0 0.54296875 0.3694661458333333 0.029296875 0.033854166666666664
0 0.6282552083333334 0.9889322916666666 0.031901041666666664 0.022135416666666668
0 0.3177897135416667 0.6875 0.031087239583333332 0.024739583333333332
0 0.2080078125 0.576171875 0.028645833333333332 0.041666666666666664
0 0.685546875 0.2727864583333333 0.026041666666666668 0.0263671875
0 0.3756510416666667 0.29052734375 0.02734375 0.031901041666666664
0 0.2639973958333333 0.3360188802083333 0.027018229166666668 0.040201822916666664
0 0.9602864583333334 0.708984375 0.022135416666666668 0.02734375
0 0.3028971354166667 0.7233072916666666 0.030924479166666668 0.033854166666666664
0 0.5426432291666666 0.3961588541666667 0.027994791666666668 0.026041666666666668
0 0.2752278645833333 0.5732421875 0.030598958333333332 0.033854166666666664
0 0.5485026041666666 0.8567708333333334 0.026041666666666668 0.03125
0 0.2667643229166667 0.3883463541666667 0.020833333333333332 0.03125
0 0.012598673502604166 0.4807942708333333 0.024607340494791668 0.034505208333333336
0 0.010599772135416666 0.2672526041666667 0.019612630208333332 0.033854166666666664
0 0.044718424479166664 0.23811848958333334 0.025390625 0.025065104166666668
0 0.15999348958333334 0.3841145833333333 0.028645833333333332 0.032552083333333336
0 0.97265625 0.357421875 0.026041666666666668 0.026692708333333332
0 0.40234375 0.9811197916666666 0.029296875 0.026041666666666668
0 0.4368489583333333 0.7265625 0.02734375 0.0234375
0 0.3736979166666667 0.8411458333333334 0.027994791666666668 0.02734375
0 0.2197265625 0.658203125 0.025065104166666668 0.022135416666666668
0 0.2786458333333333 0.7565104166666666 0.017578125 0.029947916666666668
0 0.333984375 0.334716796875 0.024739583333333332 0.034993489583333336
0 0.3240559895833333 0.7884114583333334 0.0244140625 0.026041666666666668
0 0.11092122395833333 0.8561197916666666 0.028645833333333332 0.03125
0 0.12361653645833333 0.5250651041666666 0.021321614583333332 0.024739583333333332
0 0.4033203125 0.5511067708333334 0.022786458333333332 0.027994791666666668
0 0.3483072916666667 0.4173177083333333 0.020833333333333332 0.028645833333333332
0 0.294921875 0.8704427083333334 0.016927083333333332 0.028645833333333332
0 0.9264322916666666 0.8645833333333334 0.029947916666666668 0.0234375
0 0.12784830729166666 0.4453125 0.032063802083333336 0.029947916666666668
0 0.9837239583333334 0.5266927083333334 0.01953125 0.0234375
0 0.4419794497282608 0.812018795289855 0.021158854166666668 0.02383378623188411
0 0.5989583333333334 0.2784830729166667 0.025390625 0.027018229166666668
0 0.3961588541666667 0.31396484375 0.025390625 0.016927083333333332
0 0.2579752604166667 0.3363444010416667 0.0302734375 0.02392578125
0 0.5436197916666666 0.5944010416666666 0.031901041666666664 0.038411458333333336
0 0.7760416666666666 0.923828125 0.029947916666666668 0.0234375
