0 0.17903645833333334 0.0667724609375 0.0419921875 0.042073567708333336
0 0.09523518880208333 0.3919270833333333 0.0621337890625 0.037760416666666664
0 0.3883463541666667 0.5670572916666666 0.042317708333333336 0.035807291666666664
0 0.24186197916666666 0.5224609375 0.0390625 0.032552083333333336
0 0.15885416666666666 0.5276692708333334 0.0478515625 0.037760416666666664
0 0.5110677083333334 0.2001953125 0.035807291666666664 0.037760416666666664
0 0.19059244791666666 0.018824259440104168 0.045247395833333336 0.036570231119791664
0 0.4029947916666667 0.135498046875 0.041666666666666664 0.038899739583333336
0 0.3701171875 0.5397135416666666 0.044921875 0.038411458333333336
0 0.7630208333333334 0.4632161458333333 0.040364583333333336 0.041015625
0 0.047078450520833336 0.3524576822916667 0.043782552083333336 0.04443359375
0 0.4143880208333333 0.19368489583333334 0.040364583333333336 0.039713541666666664
0 0.062093098958333336 0.4964192708333333 0.039713541666666664 0.033854166666666664
0 0.466796875 0.6656901041666666 0.035807291666666664 0.042317708333333336
0 0.22574869791666666 0.032084147135416664 0.0390625 0.035441080729166664
0 0.4215494791666667 0.22770182291666666 0.033203125 0.029296875
0 0.4186866622254522 0.10090514979005168 0.05390271721576231 0.05014282541989665
0 0.06797281901041667 0.0643310546875 0.037556966145833336 0.043863932291666664
0 0.24837239583333334 0.19124348958333334 0.035807291666666664 0.0302734375
0 0.3902994791666667 0.4954427083333333 0.042317708333333336 0.037109375
0 0.287109375 0.21614583333333334 0.030924479166666668 0.033854166666666664
0 0.7838541666666666 0.07377115885416667 0.041666666666666664 0.035725911458333336
0 0.28369140625 0.568359375 0.0361328125 0.030598958333333332
0 0.8385416666666666 0.541015625 0.033854166666666664 0.02734375
0 0.1474609375 0.031361897786458336 0.0361328125 0.03656005859375
0 0.7610677083333334 0.5693359375 0.037760416666666664 0.02734375
0 0.24837239583333334 0.3889973958333333 0.034505208333333336 0.029947916666666668
0 0.5231119791666666 0.0626220703125 0.034505208333333336 0.029947916666666668
0 0.22477213541666666 0.14860026041666666 0.029947916666666668 0.034505208333333336
0 0.17138671875 0.4446614583333333 0.031575520833333336 0.03515625
0 0.9635416666666666 0.3834635416666667 0.029947916666666668 0.029296875
0 0.24951171875 0.10441080729166667 0.039388020833333336 0.039388020833333336
0 0.118408203125 0.113525390625 0.03125 0.041178385416666664
0 0.1689453125 0.18343098958333334 0.032877604166666664 0.030598958333333332
0 0.5358072916666666 0.21126302083333334 0.030598958333333332 0.046223958333333336
0 0.339599609375 0.3421223958333333 0.036295572916666664 0.026692708333333332
0 0.6321614583333334 0.6155598958333334 0.021484375 0.03125
0 0.23014322916666666 0.6455078125 0.032877604166666664 0.037760416666666664
0 0.7513020833333334 0.4375 0.041666666666666664 0.046223958333333336
0 0.3277994791666667 0.6409505208333334 0.033203125 0.026692708333333332
0 0.3203938802083333 0.6051432291666666 0.031087239583333332 0.033854166666666664
0 0.31005859375 0.4957682291666667 0.03125 0.025390625
0 0.8834635416666666 0.5263671875 0.03515625 0.032552083333333336
0 0.67529296875 0.5 0.030924479166666668 0.044921875
0 0.8580729166666666 0.0635986328125 0.024739583333333332 0.02978515625
0 0.5950520833333334 0.0517578125 0.022786458333333332 0.025716145833333332
0 0.13395182291666666 0.07039388020833333 0.025716145833333332 0.026692708333333332
0 0.6061197916666666 0.24755859375 0.024088541666666668 0.027669270833333332
0 0.8391927083333334 0.024190266927083332 0.029947916666666668 0.030232747395833332
0 0.2236328125 0.17118326822916666 0.027669270833333332 0.020263671875
0 0.841796875 0.044525146484375 0.03125 0.030904134114583332
0 0.7643229166666666 0.31689453125 0.024739583333333332 0.021484375
0 0.9635416666666666 0.4964192708333333 0.02734375 0.024088541666666668
0 0.7727864583333334 0.050048828125 0.03515625 0.035563151041666664
0 0.11979166666666667 0.024134318033854168 0.027669270833333332 0.036122639973958336
0 0.2849934895833333 0.3165690104166667 0.024739583333333332 0.022786458333333332
0 0.4947916666666667 0.6731770833333334 0.021484375 0.033854166666666664
0 0.8346354166666666 0.092041015625 0.028645833333333332 0.026041666666666668
0 0.5729166666666666 0.5647786458333334 0.029296875 0.026692708333333332
0 0.8359375 0.6612955729166666 0.0234375 0.021158854166666668
0 0.006205240885416667 0.071533203125 0.012410481770833334 0.03515625
0 0.3492838541666667 0.4345703125 0.022135416666666668 0.020833333333333332
