0 0.6360677083333334 0.2666015625 0.0390625 0.0400390625
0 0.3971354166666667 0.4850260416666667 0.041666666666666664 0.036458333333333336
0 0.6376953125 0.6243489583333334 0.048828125 0.045572916666666664
0 0.75 0.12939453125 0.0390625 0.036458333333333336
0 0.525390625 0.5872395833333334 0.049479166666666664 0.048828125
0 0.5345052083333334 0.4202473958333333 0.05078125 0.033854166666666664
0 0.017578125 0.032674153645833336 0.03515625 0.034830729166666664
0 0.4518229166666667 0.5009765625 0.046223958333333336 0.048828125
0 0.384765625 0.1357421875 0.041015625 0.038411458333333336
0 0.5862630208333334 0.5068359375 0.041666666666666664 0.057942708333333336
0 0.837890625 0.031982421875 0.037760416666666664 0.043619791666666664
0 0.8216145833333334 0.3317057291666667 0.057291666666666664 0.06315104166666667
0 0.6363932291666666 0.431640625 0.050130208333333336 0.044270833333333336
0 0.3565266927083333 0.3899739583333333 0.05517578125 0.0390625
0 0.724609375 0.10213216145833333 0.028645833333333332 0.034505208333333336
0 0.3268229166666667 0.4736328125 0.042317708333333336 0.044921875
0 0.1788330078125 0.08542887369791667 0.038492838541666664 0.044637044270833336
0 0.6598307291666666 0.18587239583333334 0.035807291666666664 0.031901041666666664
0 0.708984375 0.3129069010416667 0.045572916666666664 0.046061197916666664
0 0.8899739583333334 0.28271484375 0.048177083333333336 0.06315104166666667
0 0.7578125 0.4443359375 0.044270833333333336 0.052734375
0 0.4475911458333333 0.6240234375 0.032552083333333336 0.039713541666666664
0 0.4534505208333333 0.07440185546875 0.030598958333333332 0.041300455729166664
0 0.4918619791666667 0.09122721354166667 0.048177083333333336 0.02392578125
0 0.9127604166666666 0.5299479166666666 0.028645833333333332 0.033203125
0 0.3407389322916667 0.054036458333333336 0.043782552083333336 0.03515625
0 0.10921223958333333 0.3486328125 0.02978515625 0.0390625
0 0.11531575520833333 0.0792236328125 0.030924479166666668 0.042724609375
0 0.3893229166666667 0.5188802083333334 0.029947916666666668 0.036458333333333336
0 0.4156901041666667 0.051798502604166664 0.033854166666666664 0.030354817708333332
0 0.880859375 0.015034993489583334 0.041666666666666664 0.027669270833333332
0 0.9108072916666666 0.017232259114583332 0.03125 0.034464518229166664
0 0.7102864583333334 0.14803059895833334 0.028645833333333332 0.030436197916666668
0 0.8561197916666666 0.06640625 0.040364583333333336 0.044270833333333336
0 0.3426920572916667 0.5074869791666666 0.03466796875 0.026692708333333332
0 0.31640625 0.07832845052083333 0.036458333333333336 0.031005859375
0 0.6516927083333334 0.13191731770833334 0.03125 0.035807291666666664
0 0.6321614583333334 0.11018880208333333 0.031901041666666664 0.033040364583333336
0 0.2565033401268116 0.5208333333333334 0.0283203125 0.03515625
0 0.6691080729166666 0.5139973958333334 0.040690104166666664 0.03515625
0 0.5895182291666666 0.14680989583333334 0.03125 0.0380859375
0 0.8567708333333334 0.2314453125 0.02734375 0.033528645833333336
0 0.576171875 0.7044270833333334 0.050130208333333336 0.04296875
0 0.5960286458333334 0.1805419921875 0.022135416666666668 0.035074869791666664
0 0.10847981770833333 0.19026692708333334 0.04443359375 0.041341145833333336
0 0.68359375 0.28955078125 0.028645833333333332 0.0322265625
0 0.013890584309895834 0.1734619140625 0.025360107421875 0.031331380208333336
0 0.37617470561594196 0.5337904778079711 0.04633718297101449 0.04587013134057968
0 0.8600826539855072 0.3880208333333333 0.04772418478260857 0.04528985507246378
0 0.5608723958333334 0.6560872395833334 0.024088541666666668 0.027669270833333332
0 0.13916015625 0.18701171875 0.025065104166666668 0.038411458333333336
0 0.5830078125 0.1632080078125 0.028645833333333332 0.034586588541666664
0 0.5791015625 0.17154947916666666 0.021484375 0.0263671875
0 0.6875 0.2635091145833333 0.024739583333333332 0.028645833333333332
0 0.007588704427083333 0.458984375 0.014994303385416666 0.046875
0 0.5338541666666666 0.09098307291666667 0.014973958333333334 0.02978515625
