0 0.41796875 0.6168619791666666 0.046875 0.04296875
0 0.23470052083333334 0.24772135416666666 0.043294270833333336 0.044921875
0 0.6578776041666666 0.6311848958333334 0.054036458333333336 0.057942708333333336
0 0.7565104166666666 0.66064453125 0.046875 0.052408854166666664
0 0.7545572916666666 0.5387369791666666 0.033854166666666664 0.044270833333333336
0 0.5764973958333334 0.5895182291666666 0.037760416666666664 0.0546875
0 0.5052083333333334 0.09641520182291667 0.0390625 0.040242513020833336
0 0.2884114583333333 0.5680338541666666 0.041015625 0.043619791666666664
0 0.5120442708333334 0.022501627604166668 0.035807291666666664 0.039632161458333336
0 0.4866536458333333 0.6214192708333334 0.035807291666666664 0.046223958333333336
0 0.4697265625 0.054239908854166664 0.044270833333333336 0.043782552083333336
0 0.4541015625 0.4501953125 0.0390625 0.033203125
0 0.6041666666666666 0.4075520833333333 0.028645833333333332 0.024739583333333332
0 0.21712239583333334 0.1556396484375 0.035481770833333336 0.033121744791666664
0 0.11417643229166667 0.24446614583333334 0.034993489583333336 0.040690104166666664
0 0.6565755208333334 0.3971354166666667 0.039713541666666664 0.041666666666666664
0 0.4430338541666667 0.020253499348958332 0.046875 0.040506998697916664
0 0.490234375 0.014867146809895834 0.039713541666666664 0.029429117838541668
0 0.3306477864583333 0.4869791666666667 0.027506510416666668 0.038411458333333336
0 0.8326822916666666 0.4925130208333333 0.03125 0.040364583333333336
0 0.5211588541666666 0.4612630208333333 0.046223958333333336 0.025390625
0 0.3186848958333333 0.16475423177083334 0.031901041666666664 0.038981119791666664
0 0.689453125 0.7493489583333334 0.05859375 0.06510416666666667
0 0.6598307291666666 0.4951171875 0.035807291666666664 0.046223958333333336
0 0.4524739583333333 0.669921875 0.026692708333333332 0.03125
0 0.447265625 0.4918619791666667 0.041015625 0.048177083333333336
0 0.0701904296875 0.017267862955729168 0.031331380208333336 0.031382242838541664
0 0.3977864583333333 0.153076171875 0.027994791666666668 0.028157552083333332
0 0.4036458333333333 0.5651041666666666 0.025390625 0.03515625
0 0.3649088541666667 0.21630859375 0.033854166666666664 0.0283203125
0 0.3785807291666667 0.07472737630208333 0.033203125 0.027303059895833332
0 0.8958333333333334 0.4300130208333333 0.0390625 0.048177083333333336
0 0.4137369791666667 0.009368896484375 0.055989583333333336 0.01873779296875
0 0.865234375 0.058430989583333336 0.04296875 0.028157552083333332
0 0.011273701985677084 0.042032877604166664 0.020787556966145832 0.044921875
0 0.80078125 0.4586588541666667 0.02734375 0.034505208333333336
0 0.65966796875 0.08829752604166667 0.0322265625 0.029459635416666668
0 0.5651041666666666 0.012613932291666666 0.027994791666666668 0.025227864583333332
0 0.4485677083333333 0.054361979166666664 0.026692708333333332 0.037679036458333336
0 0.0927734375 0.14851888020833334 0.025227864583333332 0.025553385416666668
0 0.5940755208333334 0.06404622395833333 0.029296875 0.024332682291666668
0 0.3564453125 0.5498046875 0.029296875 0.032552083333333336
0 0.4762369791666667 0.09488932291666667 0.02734375 0.02978515625
0 0.5885416666666666 0.5182291666666666 0.024739583333333332 0.04296875
0 0.73046875 0.4287109375 0.029947916666666668 0.036458333333333336
0 0.5546875 0.07828776041666667 0.033854166666666664 0.02490234375
0 0.3733723958333333 0.3331705729166667 0.029947916666666668 0.0302734375
0 0.4830729166666667 0.3736979166666667 0.026692708333333332 0.02734375
0 0.6223958333333334 0.099609375 0.028645833333333332 0.023274739583333332
0 0.1807861328125 0.07501220703125 0.029378255208333332 0.0218505859375
0 0.3717447916666667 0.13167317708333334 0.022135416666666668 0.02587890625
0 0.6507161458333334 0.135009765625 0.028645833333333332 0.0234375
0 0.9817708333333334 0.4368489583333333 0.026041666666666668 0.037109375
0 0.14345561594202896 0.017776268115942028 0.03170289855072465 0.02943840579710144
0 0.7746829710144927 0.10778985507246375 0.04189311594202897 0.04415760869565216
