0 0.3854166666666667 0.6640625 0.03515625 0.036458333333333336
0 0.032430013020833336 0.501953125 0.04638671875 0.036458333333333336
0 0.15738932291666666 0.640625 0.046223958333333336 0.034505208333333336
0 0.3688151041666667 0.6292317708333334 0.034505208333333336 0.030598958333333332
0 0.193359375 0.2887369791666667 0.033528645833333336 0.041666666666666664
0 0.4755859375 0.3818359375 0.035807291666666664 0.041015625
0 0.705078125 0.6165364583333334 0.041666666666666664 0.045572916666666664
0 0.4892578125 0.2835286458333333 0.046223958333333336 0.043294270833333336
0 0.0765380859375 0.5276692708333334 0.046793619791666664 0.034505208333333336
0 0.20475260416666666 0.2610677083333333 0.036783854166666664 0.032877604166666664
0 0.07271321614583333 0.314697265625 0.039143880208333336 0.041178385416666664
0 0.2644856770833333 0.369140625 0.041015625 0.034505208333333336
0 0.5152994791666666 0.24772135416666666 0.035807291666666664 0.034505208333333336
0 0.4641927083333333 0.7766927083333334 0.0390625 0.037760416666666664
0 0.7786458333333334 0.24495442708333334 0.040364583333333336 0.037434895833333336
0 0.39453125 0.5953776041666666 0.03515625 0.037760416666666664
0 0.5771484375 0.7076822916666666 0.03125 0.036458333333333336
0 0.5348307291666666 0.4055989583333333 0.036458333333333336 0.041015625
0 0.10831705729166667 0.3121744791666667 0.038736979166666664 0.035807291666666664
0 0.3271484375 0.7513020833333334 0.033854166666666664 0.036458333333333336
0 0.2815755208333333 0.666015625 0.033854166666666664 0.03125
0 0.16276041666666666 0.27685546875 0.0390625 0.032552083333333336
0 0.059895833333333336 0.626953125 0.037353515625 0.047526041666666664
0 0.23518880208333334 0.6272786458333334 0.038736979166666664 0.039713541666666664
0 0.84375 0.2109375 0.032552083333333336 0.029296875
0 0.4147135416666667 0.2605794270833333 0.035807291666666664 0.034505208333333336
0 0.17008463541666666 0.18257649739583334 0.0361328125 0.036865234375
0 0.7154947916666666 0.6474609375 0.0390625 0.033854166666666664
0 0.22591145833333334 0.3334147135416667 0.042317708333333336 0.049967447916666664
0 0.07545979817708333 0.17899576822916666 0.030232747395833332 0.030680338541666668
0 0.11808268229166667 0.2685546875 0.036295572916666664 0.033203125
0 0.6731770833333334 0.7447916666666666 0.03515625 0.029947916666666668
0 0.015096028645833334 0.15144856770833334 0.030192057291666668 0.04345703125
0 0.14436848958333334 0.20458984375 0.029947916666666668 0.040364583333333336
0 0.9772135416666666 0.154052734375 0.02734375 0.026204427083333332
0 0.474609375 0.8587239583333334 0.03125 0.036458333333333336
0 0.5992838541666666 0.4108072916666667 0.026692708333333332 0.025390625
0 0.3935546875 0.8873697916666666 0.03125 0.032552083333333336
0 0.08634440104166667 0.13875325520833334 0.036458333333333336 0.036458333333333336
0 0.3951822916666667 0.3528645833333333 0.044270833333333336 0.038411458333333336
0 0.16650390625 0.23909505208333334 0.033854166666666664 0.025390625
0 0.12801106770833334 0.16780598958333334 0.03564453125 0.043619791666666664
0 0.035349527994791664 0.17451985677083334 0.027608235677083332 0.031494140625
0 0.3456217447916667 0.5598958333333334 0.030110677083333332 0.037760416666666664
0 0.8619791666666666 0.2760416666666667 0.029947916666666668 0.029622395833333332
0 0.12955729166666666 0.10693359375 0.034830729166666664 0.03515625
0 0.9563802083333334 0.5231119791666666 0.026041666666666668 0.022786458333333332
0 0.23323567708333334 0.5179036458333334 0.033203125 0.026041666666666668
0 0.3128255208333333 0.5973307291666666 0.031901041666666664 0.020182291666666668
0 0.040181477864583336 0.3319498697916667 0.0279541015625 0.037272135416666664
0 0.31494140625 0.13468424479166666 0.0361328125 0.04150390625
0 0.16471354166666666 0.15372721354166666 0.025065104166666668 0.026204427083333332
0 0.139404296875 0.3675130208333333 0.028157552083333332 0.027994791666666668
0 0.3359375 0.7180989583333334 0.027994791666666668 0.032552083333333336
0 0.012654622395833334 0.3289388020833333 0.025309244791666668 0.0283203125
0 0.9830729166666666 0.28564453125 0.03125 0.040690104166666664
0 0.119384765625 0.19905598958333334 0.030598958333333332 0.037434895833333336
0 0.2004996037137681 0.7579540307971014 0.033528645833333336 0.022135416666666668
0 0.7526041666666666 0.2581380208333333 0.02734375 0.025716145833333332
0 0.21988932291666666 0.126220703125 0.029296875 0.031412760416666664
0 0.5862630208333334 0.3333333333333333 0.033854166666666664 0.01953125
0 0.9833984375 0.7298177083333334 0.033203125 0.026041666666666668
0 0.787109375 0.18375651041666666 0.026041666666666668 0.027994791666666668
0 0.6282552083333334 0.7298177083333334 0.022135416666666668 0.028645833333333332
0 0.9602864583333334 0.21956380208333334 0.024739583333333332 0.029622395833333332
0 0.3196614583333333 0.7018229166666666 0.030598958333333332 0.02734375
0 0.3262532552083333 0.08085123697916667 0.028483072916666668 0.031005859375
0 0.2801106770833333 0.4049479166666667 0.030598958333333332 0.03515625
0 0.013427734375 0.020380655924479168 0.02685546875 0.036224365234375
0 0.110595703125 0.6181640625 0.025716145833333332 0.029947916666666668
0 0.3541666666666667 0.5152994791666666 0.022135416666666668 0.0234375
0 0.22233072916666666 0.3759765625 0.0283203125 0.025390625
0 0.5052083333333334 0.4033203125 0.024739583333333332 0.026041666666666668
0 0.9010416666666666 0.13541666666666666 0.028645833333333332 0.02734375
0 0.9889322916666666 0.4108072916666667 0.022135416666666668 0.026041666666666668
0 0.2890625 0.13614908854166666 0.0302734375 0.0302734375
0 0.7467447916666666 0.6861979166666666 0.028645833333333332 0.0234375
0 0.16103551007699274 0.11910878057065218 0.032774994338768106 0.03510671422101447
0 0.4593098958333333 0.923828125 0.022786458333333332 0.029947916666666668
0 0.2639973958333333 0.19091796875 0.033203125 0.024088541666666668
0 0.1342702672101449 0.278518455615942 0.029693161231884035 0.031051856884057944
0 0.9544270833333334 0.5963541666666666 0.03125 0.021484375
0 0.07053629557291667 0.13899739583333334 0.0281982421875 0.033203125
0 0.2740885416666667 0.212890625 0.029947916666666668 0.025390625
0 0.7146739130434782 0.1774230072463768 0.030570652173913082 0.03396739130434782
