0 0.4801432291666667 0.6790364583333334 0.059895833333333336 0.040364583333333336
0 0.5690104166666666 0.4583333333333333 0.037760416666666664 0.033854166666666664
0 0.6318359375 0.7278645833333334 0.029296875 0.040364583333333336
0 0.8782552083333334 0.5582682291666666 0.0546875 0.057942708333333336
0 0.072998046875 0.740234375 0.0380859375 0.040364583333333336
0 0.9697265625 0.15291341145833334 0.060546875 0.06852213541666667
0 0.828125 0.10597737630208333 0.033854166666666664 0.046834309895833336
0 0.5390625 0.4091796875 0.03515625 0.030598958333333332
0 0.3600260416666667 0.5442708333333334 0.034505208333333336 0.035807291666666664
0 0.751953125 0.017405192057291668 0.04296875 0.034810384114583336
0 0.6472981770833334 0.5377604166666666 0.041341145833333336 0.031901041666666664
0 0.9244791666666666 0.3360188802083333 0.037760416666666664 0.038899739583333336
0 0.4443359375 0.3619791666666667 0.04296875 0.0546875
0 0.6266276041666666 0.4368489583333333 0.030598958333333332 0.029947916666666668
0 0.23681640625 0.615234375 0.034830729166666664 0.039713541666666664
0 0.11531575520833333 0.677734375 0.033854166666666664 0.036458333333333336
0 0.7350260416666666 0.4046223958333333 0.033854166666666664 0.033203125
0 0.4895833333333333 0.3942057291666667 0.047526041666666664 0.06640625
0 0.14070638020833334 0.576171875 0.03125 0.032552083333333336
0 0.90234375 0.12337239583333333 0.029947916666666668 0.029947916666666668
0 0.4534505208333333 0.53515625 0.0390625 0.037760416666666664
0 0.4703776041666667 0.3243815104166667 0.029296875 0.029622395833333332
0 0.9466145833333334 0.21468098958333334 0.040364583333333336 0.047526041666666664
0 0.4996744791666667 0.6064453125 0.043619791666666664 0.048177083333333336
0 0.7760416666666666 0.3040364583333333 0.026041666666666668 0.028645833333333332
0 0.5412071078431372 0.4412913602941176 0.03063725490196075 0.03446691176470592
0 0.18046061197916666 0.5107421875 0.030680338541666668 0.024739583333333332
0 0.951171875 0.07122802734375 0.036458333333333336 0.045369466145833336
0 0.73046875 0.3541666666666667 0.033854166666666664 0.0390625
0 0.9401041666666666 0.019861857096354168 0.037760416666666664 0.036122639973958336
0 0.9309895833333334 0.2957356770833333 0.03515625 0.0361328125
0 0.8380821078431372 0.6910424325980392 0.038143382352941124 0.05005361519607835
0 0.3740234375 0.5673828125 0.033203125 0.029947916666666668
0 0.7057291666666666 0.7610677083333334 0.033854166666666664 0.046875
0 0.4287109375 0.498046875 0.030598958333333332 0.024739583333333332
0 0.3623046875 0.658203125 0.029296875 0.028645833333333332
0 0.7154947916666666 0.012939453125 0.036458333333333336 0.02490234375
0 0.9440104166666666 0.24169921875 0.036458333333333336 0.035807291666666664
0 0.4505208333333333 0.4016927083333333 0.03125 0.024739583333333332
0 0.3580729166666667 0.6188151041666666 0.027994791666666668 0.02734375
0 0.16975911458333334 0.6048177083333334 0.026692708333333332 0.02734375
0 0.98046875 0.014546712239583334 0.036458333333333336 0.029093424479166668
0 0.3841145833333333 0.4361979166666667 0.022135416666666668 0.030598958333333332
0 0.7727864583333334 0.3531901041666667 0.024739583333333332 0.035807291666666664
0 0.6803385416666666 0.22916666666666666 0.0234375 0.0234375
0 0.07204182942708333 0.4736328125 0.024210611979166668 0.028645833333333332
0 0.2972005208333333 0.6324869791666666 0.029622395833333332 0.039713541666666664
0 0.05045213886335783 0.5330212162990197 0.019945331648284343 0.02835860906862749
0 0.009195963541666666 0.7376302083333334 0.01824951171875 0.0625
0 0.10009765625 0.83984375 0.029459635416666668 0.046875
0 0.6380208333333334 0.3538411458333333 0.0234375 0.03515625
0 0.7526041666666666 0.8125 0.026041666666666668 0.03125
0 0.5621744791666666 0.23697916666666666 0.037760416666666664 0.023111979166666668
0 0.9404488357843137 0.7160692401960783 0.032552083333333336 0.032552083333333336
