0 0.23990885416666666 0.9329427083333334 0.040690104166666664 0.0390625
0 0.15303548177083334 0.947265625 0.043538411458333336 0.045572916666666664
0 0.096923828125 0.8072916666666666 0.06380208333333333 0.040364583333333336
0 0.826171875 0.4759114583333333 0.036458333333333336 0.044921875
0 0.23372395833333334 0.5423177083333334 0.040690104166666664 0.041015625
0 0.19319661458333334 0.4560546875 0.033854166666666664 0.040364583333333336
0 0.7265625 0.8736979166666666 0.040364583333333336 0.041666666666666664
0 0.12312825520833333 0.5224609375 0.03662109375 0.037760416666666664
0 0.7916666666666666 0.5149739583333334 0.033854166666666664 0.04296875
0 0.5113932291666666 0.5048828125 0.037760416666666664 0.032552083333333336
0 0.19401041666666666 0.4150390625 0.037760416666666664 0.046875
0 0.8561197916666666 0.5390625 0.036458333333333336 0.033854166666666664
0 0.4847005208333333 0.5416666666666666 0.037109375 0.035807291666666664
0 0.4134114583333333 0.5553385416666666 0.044270833333333336 0.04296875
0 0.2626953125 0.6456705729166666 0.035481770833333336 0.047200520833333336
0 0.07517496744791667 0.8834635416666666 0.040730794270833336 0.04296875
0 0.06870524088541667 0.3097330729166667 0.030232747395833332 0.032877604166666664
0 0.39453125 0.9270833333333334 0.03515625 0.041666666666666664
0 0.24788411458333334 0.4938151041666667 0.0380859375 0.036458333333333336
0 0.3194986979166667 0.4908854166666667 0.035481770833333336 0.039713541666666664
0 0.21875 0.6214192708333334 0.033854166666666664 0.034505208333333336
0 0.07598876953125 0.5911458333333334 0.037150065104166664 0.04296875
0 0.7415364583333334 0.900390625 0.037760416666666664 0.03515625
0 0.40234375 0.8717447916666666 0.038411458333333336 0.040364583333333336
0 0.5283203125 0.5921223958333334 0.041015625 0.046223958333333336
0 0.361328125 0.9674479166666666 0.032552083333333336 0.037760416666666664
0 0.2766927083333333 0.7005208333333334 0.027994791666666668 0.046875
0 0.4938151041666667 0.66650390625 0.028645833333333332 0.039388020833333336
0 0.8743489583333334 0.9303385416666666 0.032552083333333336 0.0390625
0 0.15787760416666666 0.4329427083333333 0.041341145833333336 0.041666666666666664
0 0.728515625 0.958984375 0.03125 0.0390625
0 0.3723958333333333 0.8958333333333334 0.03515625 0.044270833333333336
0 0.4215494791666667 0.2804361979166667 0.034505208333333336 0.046549479166666664
0 0.2649739583333333 0.4293619791666667 0.037760416666666664 0.051432291666666664
0 0.0297393798828125 0.3314615885416667 0.027191162109375 0.033040364583333336
0 0.14656575520833334 0.5807291666666666 0.02587890625 0.031901041666666664
0 0.025660196940104168 0.6087239583333334 0.029571533203125 0.029296875
0 0.23893229166666666 0.8287760416666666 0.028971354166666668 0.02734375
0 0.4098307291666667 0.6769205729166666 0.030598958333333332 0.0224609375
0 0.3935546875 0.6451822916666666 0.026041666666666668 0.028645833333333332
0 0.7623697916666666 0.53125 0.0234375 0.042317708333333336
0 0.2584635416666667 0.4430338541666667 0.036783854166666664 0.040364583333333336
0 0.2742513020833333 0.5751953125 0.021484375 0.036458333333333336
0 0.16385904947916666 0.4700520833333333 0.033284505208333336 0.04296875
0 0.5065104166666666 0.4733072916666667 0.03125 0.026692708333333332
0 0.17294997577519386 0.8756510416666666 0.025065104166666668 0.0390625
0 0.1064453125 0.3313802083333333 0.029296875 0.046223958333333336
0 0.5924479166666666 0.6861979166666666 0.01953125 0.033854166666666664
0 0.3121744791666667 0.8841145833333334 0.037109375 0.033854166666666664
0 0.3512369791666667 0.5296223958333334 0.027994791666666668 0.029296875
0 0.11124674479166667 0.5660807291666666 0.026692708333333332 0.021484375
0 0.3935546875 0.78125 0.028645833333333332 0.03515625
0 0.9602864583333334 0.80078125 0.0234375 0.033854166666666664
0 0.3968098958333333 0.986328125 0.029947916666666668 0.022135416666666668
0 0.1607666015625 0.5003255208333334 0.029052734375 0.027994791666666668
0 0.08028157552083333 0.5400390625 0.031819661458333336 0.029296875
0 0.3480631510416667 0.4391276041666667 0.034342447916666664 0.027994791666666668
0 0.6765950520833334 0.4554036458333333 0.025716145833333332 0.022786458333333332
0 0.3483072916666667 0.771484375 0.02734375 0.01953125
0 0.14111328125 0.4641927083333333 0.022135416666666668 0.048828125
0 0.04443359375 0.6139322916666666 0.032796223958333336 0.0390625
0 0.007489522298177083 0.3186848958333333 0.014439900716145834 0.030598958333333332
0 0.31494140625 0.3246256510416667 0.033203125 0.021321614583333332
0 0.010648821059431527 0.6056113230781653 0.021297642118863053 0.020467437822997425
0 0.3192545572916667 0.439453125 0.029459635416666668 0.024739583333333332
0 0.900390625 0.517578125 0.0234375 0.01953125
0 0.6201171875 0.3727213541666667 0.022786458333333332 0.022135416666666668
