0 0.8483072916666666 0.7447916666666666 0.059895833333333336 0.06901041666666667
0 0.751953125 0.4459635416666667 0.048177083333333336 0.054036458333333336
0 0.1669921875 0.6770833333333334 0.052083333333333336 0.049479166666666664
0 0.9524739583333334 0.017862955729166668 0.045572916666666664 0.035725911458333336
0 0.3486328125 0.646484375 0.038411458333333336 0.04296875
0 0.07779947916666667 0.4703776041666667 0.053873697916666664 0.061197916666666664
0 0.4830729166666667 0.958984375 0.039713541666666664 0.05078125
0 0.6751302083333334 0.4798177083333333 0.036458333333333336 0.047526041666666664
0 0.2911783854166667 0.012868245442708334 0.041341145833333336 0.02313232421875
0 0.3255208333333333 0.19401041666666666 0.034505208333333336 0.041666666666666664
0 0.453125 0.7272135416666666 0.045572916666666664 0.048177083333333336
0 0.10050455729166667 0.5859375 0.05615234375 0.059244791666666664
0 0.5045572916666666 0.7578125 0.05078125 0.05859375
0 0.7161458333333334 0.026153564453125 0.040364583333333336 0.043070475260416664
0 0.7962239583333334 0.4182942708333333 0.03515625 0.047526041666666664
0 0.6393229166666666 0.462890625 0.049479166666666664 0.052734375
0 0.07025146484375 0.212890625 0.041788736979166664 0.047200520833333336
0 0.2579752604166667 0.5543619791666666 0.05078125 0.0625
0 0.14013671875 0.17069498697916666 0.027994791666666668 0.032633463541666664
0 0.626953125 0.6573893229166666 0.04296875 0.039388020833333336
0 0.564453125 0.7884114583333334 0.05078125 0.041666666666666664
0 0.65625 0.7727864583333334 0.046875 0.048177083333333336
0 0.31689453125 0.025634765625 0.0458984375 0.034342447916666664
0 0.3258463541666667 0.9752604166666666 0.034505208333333336 0.04296875
0 0.5247395833333334 0.029958089192708332 0.038411458333333336 0.035624186197916664
0 0.744140625 0.80859375 0.061197916666666664 0.053385416666666664
0 0.4495442708333333 0.9049479166666666 0.048828125 0.057291666666666664
0 0.3994140625 0.5768229166666666 0.040364583333333336 0.036458333333333336
0 0.7115885416666666 0.830078125 0.037760416666666664 0.0390625
0 0.8626302083333334 0.560546875 0.028645833333333332 0.040364583333333336
0 0.3590494791666667 0.5276692708333334 0.038411458333333336 0.042317708333333336
0 0.2903645833333333 0.6233723958333334 0.044270833333333336 0.050130208333333336
0 0.8352864583333334 0.5065104166666666 0.041666666666666664 0.049479166666666664
0 0.9720052083333334 0.5641276041666666 0.03515625 0.037760416666666664
0 0.2823893229166667 0.9264322916666666 0.04296875 0.03125
0 0.248046875 0.22347005208333334 0.023111979166666668 0.0322265625
0 0.18082682291666666 0.333251953125 0.037109375 0.04638671875
0 0.23225911458333334 0.1885986328125 0.044596354166666664 0.049560546875
0 0.8424479166666666 0.5462239583333334 0.033854166666666664 0.038411458333333336
0 0.3551432291666667 0.171875 0.035807291666666664 0.041341145833333336
0 0.15283203125 0.4970703125 0.039388020833333336 0.049479166666666664
0 0.17598470052083334 0.07399495442708333 0.036702473958333336 0.034952799479166664
0 0.10693359375 0.1656494140625 0.031087239583333332 0.038167317708333336
0 0.712890625 0.4713541666666667 0.041666666666666664 0.06575520833333333
0 0.021204630533854168 0.24886067708333334 0.029286702473958332 0.032552083333333336
0 0.318359375 0.5055338541666666 0.02734375 0.027994791666666668
0 0.3095703125 0.10302734375 0.036783854166666664 0.03662109375
0 0.20947265625 0.2587890625 0.0263671875 0.029296875
0 0.9108072916666666 0.010457356770833334 0.049479166666666664 0.020914713541666668
0 0.015818277994791668 0.4378255208333333 0.027201334635416668 0.034505208333333336
0 0.5 0.4772135416666667 0.041666666666666664 0.028645833333333332
0 0.9837239583333334 0.7317708333333334 0.029947916666666668 0.0390625
0 0.6946614583333334 0.7076822916666666 0.032552083333333336 0.03125
0 0.7766927083333334 0.4899088541666667 0.03515625 0.040364583333333336
0 0.2950846354166667 0.1884765625 0.0322265625 0.037434895833333336
0 0.94921875 0.3126627604166667 0.041666666666666664 0.028645833333333332
0 0.043212890625 0.2928059895833333 0.0263671875 0.034505208333333336
0 0.4046223958333333 0.5426432291666666 0.024739583333333332 0.026692708333333332
0 0.2757161458333333 0.09285481770833333 0.029622395833333332 0.033365885416666664
0 0.24560546875 0.09366861979166667 0.030598958333333332 0.03125
0 0.8990885416666666 0.3746744791666667 0.026041666666666668 0.022786458333333332
0 0.623046875 0.8352864583333334 0.033854166666666664 0.028645833333333332
0 0.15266927083333334 0.2734375 0.027994791666666668 0.0283203125
0 0.3780004528985507 0.19713117074275358 0.02683423913043474 0.05116338315217387
0 0.4095052083333333 0.153076171875 0.022135416666666668 0.02392578125
0 0.8743489583333334 0.021723429361979168 0.02734375 0.036794026692708336
0 0.96484375 0.3759765625 0.0390625 0.043619791666666664
0 0.5231119791666666 0.7845052083333334 0.0234375 0.036458333333333336
0 0.8196614583333334 0.3616536458333333 0.033854166666666664 0.038411458333333336
0 0.8430989583333334 0.4267578125 0.026041666666666668 0.026041666666666668
0 0.70703125 0.453125 0.036458333333333336 0.038411458333333336
0 0.9895833333333334 0.4326171875 0.016927083333333332 0.045572916666666664
0 0.011133829752604166 0.5423177083333334 0.021189371744791668 0.026692708333333332
0 0.2845052083333333 0.20833333333333334 0.030924479166666668 0.030598958333333332
