0 0.7102864583333334 0.84375 0.045572916666666664 0.040364583333333336
0 0.24381510416666666 0.404296875 0.034505208333333336 0.040364583333333336
0 0.3994140625 0.8372395833333334 0.042317708333333336 0.040364583333333336
0 0.09372965494791667 0.76953125 0.0408935546875 0.048177083333333336
0 0.2862955729166667 0.5182291666666666 0.027994791666666668 0.042317708333333336
0 0.9108072916666666 0.14583333333333334 0.029947916666666668 0.0380859375
0 0.07716878255208333 0.3487141927083333 0.035603841145833336 0.044108072916666664
0 0.15861002604166666 0.5162760416666666 0.03759765625 0.043619791666666664
0 0.23795572916666666 0.8951822916666666 0.044921875 0.033854166666666664
0 0.16215006510416666 0.8951822916666666 0.047444661458333336 0.044270833333333336
0 0.05615234375 0.85546875 0.044514973958333336 0.032552083333333336
0 0.06754557291666667 0.9342447916666666 0.034993489583333336 0.033854166666666664
0 0.724609375 0.8704427083333334 0.033854166666666664 0.033854166666666664
0 0.787109375 0.4488932291666667 0.029947916666666668 0.042317708333333336
0 0.4850260416666667 0.5006510416666666 0.033203125 0.033854166666666664
0 0.5045572916666666 0.5833333333333334 0.037760416666666664 0.029947916666666668
0 0.051432291666666664 0.7376302083333334 0.048421223958333336 0.04296875
0 0.765625 0.4231770833333333 0.033854166666666664 0.036458333333333336
0 0.41796875 0.5735677083333334 0.041015625 0.038411458333333336
0 0.5221354166666666 0.5110677083333334 0.03515625 0.038411458333333336
0 0.2373046875 0.4518229166666667 0.037434895833333336 0.042317708333333336
0 0.2900390625 0.9401041666666666 0.042317708333333336 0.0390625
0 0.20475260416666666 0.5065104166666666 0.035807291666666664 0.039713541666666664
0 0.2294921875 0.5348307291666666 0.031575520833333336 0.035807291666666664
0 0.07200113932291667 0.5432942708333334 0.0340576171875 0.036458333333333336
0 0.4231770833333333 0.4814453125 0.037109375 0.041666666666666664
0 0.8229166666666666 0.4466145833333333 0.03515625 0.029947916666666668
0 0.2333984375 0.4915364583333333 0.0380859375 0.042317708333333336
0 0.4918619791666667 0.4680989583333333 0.033203125 0.032552083333333336
0 0.5432942708333334 0.4459635416666667 0.037109375 0.034505208333333336
0 0.7578125 0.45703125 0.02734375 0.029296875
0 0.5143229166666666 0.061808268229166664 0.0234375 0.036458333333333336
0 0.8404947916666666 0.8795572916666666 0.024739583333333332 0.02734375
0 0.16874186197916666 0.4153645833333333 0.031982421875 0.041666666666666664
0 0.23958333333333334 0.7623697916666666 0.0322265625 0.032552083333333336
0 0.2594401041666667 0.5533854166666666 0.033854166666666664 0.033203125
0 0.20670572916666666 0.4137369791666667 0.028971354166666668 0.035807291666666664
0 0.43359375 0.5169270833333334 0.02734375 0.027994791666666668
0 0.11222330729166667 0.5455729166666666 0.03759765625 0.029947916666666668
0 0.040364583333333336 0.5400390625 0.035888671875 0.041666666666666664
0 0.373046875 0.8756510416666666 0.03515625 0.0390625
0 0.3955078125 0.8951822916666666 0.044921875 0.037760416666666664
0 0.7786458333333334 0.916015625 0.029947916666666668 0.02734375
0 0.11873372395833333 0.3462727864583333 0.021158854166666668 0.037923177083333336
0 0.7389322916666666 0.9348958333333334 0.029947916666666668 0.036458333333333336
0 0.4690755208333333 0.0631103515625 0.024088541666666668 0.029052734375
0 0.3296712239583333 0.96875 0.024251302083333332 0.029947916666666668
0 0.4674479166666667 0.7858072916666666 0.026041666666666668 0.02734375
0 0.5823567708333334 0.92578125 0.030598958333333332 0.02734375
0 0.2060546875 0.4453125 0.041015625 0.0390625
0 0.8295419730392156 0.07059493719362746 0.037990196078431314 0.029076669730392135
0 0.9817708333333334 0.4850260416666667 0.024739583333333332 0.0234375
0 0.9420572916666666 0.8255208333333334 0.029947916666666668 0.022135416666666668
0 0.2197265625 0.58203125 0.023763020833333332 0.027994791666666668
0 0.9583333333333334 0.7200520833333334 0.01953125 0.032552083333333336
0 0.6513671875 0.0616455078125 0.026041666666666668 0.031656901041666664
0 0.11686197916666667 0.5240885416666666 0.03759765625 0.036458333333333336
0 0.3136393229166667 0.693359375 0.034830729166666664 0.049479166666666664
0 0.19270833333333334 0.5455729166666666 0.028645833333333332 0.0234375
0 0.8138020833333334 0.8834635416666666 0.022135416666666668 0.03125
0 0.16927083333333334 0.818359375 0.030598958333333332 0.03515625
0 0.2657877604166667 0.6155598958333334 0.019856770833333332 0.028645833333333332
0 0.4270833333333333 0.5953776041666666 0.027994791666666668 0.029947916666666668
0 0.2618815104166667 0.7721354166666666 0.025065104166666668 0.024739583333333332
0 0.6412760416666666 0.892578125 0.026692708333333332 0.029947916666666668
0 0.3655598958333333 0.744140625 0.026041666666666668 0.020833333333333332
0 0.408203125 0.3324381510416667 0.03125 0.036946614583333336
0 0.38131893382352927 0.053059895833333336 0.022977941176470635 0.018190870098039224
0 0.42488128063725483 0.7730353860294118 0.020105698529411836 0.02202052696078427
0 0.8662492340686274 0.038698682598039214 0.025850183823529438 0.027765012254901963
