0 0.689453125 0.029703776041666668 0.040364583333333336 0.032389322916666664
0 0.2742513020833333 0.71875 0.040364583333333336 0.037760416666666664
0 0.7786458333333334 0.9290364583333334 0.048177083333333336 0.04296875
0 0.7291666666666666 0.4586588541666667 0.05078125 0.04296875
0 0.4720052083333333 0.5091145833333334 0.044921875 0.036458333333333336
0 0.6946614583333334 0.5592447916666666 0.036458333333333336 0.037109375
0 0.7005208333333334 0.25 0.049479166666666664 0.048177083333333336
0 0.59375 0.802734375 0.033854166666666664 0.03125
0 0.7858072916666666 0.3155110677083333 0.048177083333333336 0.03955078125
0 0.8391927083333334 0.4137369791666667 0.03125 0.035807291666666664
0 0.41015625 0.9205729166666666 0.057291666666666664 0.046875
0 0.5390625 0.5738932291666666 0.0390625 0.03515625
0 0.2880859375 0.7513020833333334 0.028971354166666668 0.032552083333333336
0 0.5061848958333334 0.5208333333333334 0.03515625 0.029947916666666668
0 0.8411458333333334 0.3385416666666667 0.029947916666666668 0.037760416666666664
0 0.7447916666666666 0.089111328125 0.046875 0.026041666666666668
0 0.69140625 0.3304036458333333 0.03515625 0.04296875
0 0.6396484375 0.09895833333333333 0.026041666666666668 0.022135416666666668
0 0.5872395833333334 0.3045247395833333 0.032552083333333336 0.029622395833333332
0 0.6383463541666666 0.22932942708333334 0.03125 0.021809895833333332
0 0.3444010416666667 0.3580729166666667 0.031901041666666664 0.024739583333333332
0 0.9055989583333334 0.146240234375 0.036458333333333336 0.023111979166666668
0 0.76171875 0.33203125 0.03125 0.033203125
0 0.65771484375 0.7682291666666666 0.030924479166666668 0.02734375
0 0.27197265625 0.4287109375 0.027018229166666668 0.029296875
0 0.322509765625 0.6868489583333334 0.05029296875 0.028645833333333332
0 0.8046875 0.8020833333333334 0.02734375 0.028645833333333332
0 0.03167393410852711 0.21916384043927647 0.04542151162790701 0.046430878552971566
0 0.015584625322997425 0.2677446705426357 -0.03116925064599485 -0.03809350775193798
0 0.027636466408268705 0.305969395994832 -0.0373465762273902 -0.0423934108527132
