0 0.0750732421875 0.6276041666666666 0.044514973958333336 0.041015625
0 0.15836588541666666 0.8821614583333334 0.043619791666666664 0.04296875
0 0.41015625 0.306640625 0.037760416666666664 0.0419921875
0 0.4192708333333333 0.4322916666666667 0.044270833333333336 0.033203125
0 0.19889322916666666 0.2833658854166667 0.037434895833333336 0.038411458333333336
0 0.07757568359375 0.8522135416666666 0.040486653645833336 0.037760416666666664
0 0.240234375 0.7083333333333334 0.041341145833333336 0.036458333333333336
0 0.8235677083333334 0.2683919270833333 0.041666666666666664 0.045247395833333336
0 0.8873697916666666 0.2902018229166667 0.03515625 0.038411458333333336
0 0.11702473958333333 0.208984375 0.037923177083333336 0.037109375
0 0.16845703125 0.6051432291666666 0.043619791666666664 0.038411458333333336
0 0.1588134765625 0.357421875 0.041097005208333336 0.039713541666666664
0 0.3863932291666667 0.6796875 0.037760416666666664 0.03125
0 0.19694010416666666 0.3916015625 0.0361328125 0.031901041666666664
0 0.0518798828125 0.693359375 0.043050130208333336 0.03125
0 0.153564453125 0.9498697916666666 0.043131510416666664 0.0390625
0 0.3136393229166667 0.828125 0.03515625 0.036458333333333336
0 0.15169270833333334 0.19873046875 0.0380859375 0.040364583333333336
0 0.10856119791666667 0.375 0.040690104166666664 0.044921875
0 0.12923177083333334 0.58984375 0.03857421875 0.037109375
0 0.2779947916666667 0.9544270833333334 0.030924479166666668 0.03125
0 0.153076171875 0.6953125 0.039876302083333336 0.0390625
0 0.5130208333333334 0.3482259114583333 0.040364583333333336 0.043782552083333336
0 0.036112467447916664 0.3828125 0.0347900390625 0.035807291666666664
0 0.7584635416666666 0.7955729166666666 0.0390625 0.0390625
0 0.396484375 0.7135416666666666 0.044921875 0.03515625
0 0.037017822265625 0.5960286458333334 0.038431803385416664 0.03515625
0 0.21598307291666666 0.24951171875 0.027018229166666668 0.0400390625
0 0.4840494791666667 0.802734375 0.037760416666666664 0.033854166666666664
0 0.2867838541666667 0.7454427083333334 0.033203125 0.037760416666666664
0 0.20475260416666666 0.3208821614583333 0.034830729166666664 0.033365885416666664
0 0.4104817708333333 0.6393229166666666 0.036458333333333336 0.035807291666666664
0 0.3642578125 0.734375 0.037109375 0.0390625
0 0.15848795572916666 0.24755859375 0.039143880208333336 0.027669270833333332
0 0.3916015625 0.9036458333333334 0.036458333333333336 0.029947916666666668
0 0.2552083333333333 0.4407552083333333 0.036458333333333336 0.03515625
0 0.08430989583333333 0.14388020833333334 0.03564453125 0.038248697916666664
0 0.4876302083333333 0.4368489583333333 0.031901041666666664 0.034505208333333336
0 0.556640625 0.4482421875 0.041666666666666664 0.044270833333333336
0 0.5719401041666666 0.904296875 0.033854166666666664 0.033854166666666664
0 0.13484700520833334 0.2937825520833333 0.034016927083333336 0.0361328125
0 0.22086588541666666 0.4078776041666667 0.031575520833333336 0.040364583333333336
0 0.07112630208333333 0.3863932291666667 0.03515625 0.033203125
0 0.23837966327519378 0.9131187419250645 0.037434895833333336 0.04296875
0 0.671875 0.94140625 0.033854166666666664 0.037760416666666664
0 0.7272135416666666 0.931640625 0.03125 0.024739583333333332
0 0.0311279296875 0.1865234375 0.023844401041666668 0.027669270833333332
0 0.4876302083333333 0.18408203125 0.038411458333333336 0.034830729166666664
0 0.6292317708333334 0.4612630208333333 0.026692708333333332 0.024088541666666668
0 0.341796875 0.18912760416666666 0.03515625 0.033528645833333336
0 0.51953125 0.2698567708333333 0.04296875 0.046223958333333336
0 0.2596028645833333 0.38671875 0.0263671875 0.03515625
0 0.8274739583333334 0.732421875 0.037760416666666664 0.033854166666666664
0 0.4684244791666667 0.8548177083333334 0.033203125 0.037760416666666664
0 0.8404947916666666 0.7506510416666666 0.032552083333333336 0.03515625
0 0.16634114583333334 0.2840169270833333 0.03515625 0.037109375
0 0.036280314127604164 0.15291341145833334 0.034128824869791664 0.029134114583333332
0 0.23860677083333334 0.5960286458333334 0.029622395833333332 0.033854166666666664
0 0.7591145833333334 0.6494140625 0.028645833333333332 0.029947916666666668
0 0.341796875 0.030263264973958332 0.033854166666666664 0.032246907552083336
0 0.4010416666666667 0.07969156901041667 0.021484375 0.030069986979166668
0 0.98828125 0.19986979166666666 0.01953125 0.040690104166666664
0 0.07232666015625 0.5667317708333334 0.035685221354166664 0.024739583333333332
0 0.4544270833333333 0.8450520833333334 0.033203125 0.036458333333333336
0 0.4635416666666667 0.6588541666666666 0.02734375 0.022135416666666668
0 0.4482421875 0.10823567708333333 0.043619791666666664 0.032552083333333336
0 0.12076822916666667 0.3373209635416667 0.033040364583333336 0.031087239583333332
0 0.31689453125 0.147705078125 0.0302734375 0.03564453125
0 0.3707682291666667 0.045786539713541664 0.025390625 0.022196451822916668
0 0.3606770833333333 0.5703125 0.032552083333333336 0.029296875
0 0.7565104166666666 0.9453125 0.029947916666666668 0.033854166666666664
0 0.8639322916666666 0.23600260416666666 0.026041666666666668 0.024739583333333332
0 0.4632161458333333 0.20182291666666666 0.026692708333333332 0.034830729166666664
0 0.0791015625 0.3649088541666667 0.029459635416666668 0.040364583333333336
0 0.2373046875 0.810546875 0.022786458333333332 0.02734375
0 0.322021484375 0.4381510416666667 0.02392578125 0.032552083333333336
0 0.09480794270833333 0.3146158854166667 0.041829427083333336 0.033203125
0 0.5445963541666666 0.3512369791666667 0.025390625 0.026041666666666668
0 0.049763997395833336 0.12198893229166667 0.032389322916666664 0.034342447916666664
0 0.8346354166666666 0.8541666666666666 0.03125 0.02734375
0 0.5703125 0.4583333333333333 0.032552083333333336 0.034505208333333336
0 0.9283854166666666 0.27197265625 0.03125 0.024088541666666668
0 0.9830729166666666 0.5930989583333334 0.0234375 0.0234375
0 0.0120849609375 0.3723958333333333 0.022379557291666668 0.043619791666666664
0 0.7994791666666666 0.9602864583333334 0.029947916666666668 0.022135416666666668
0 0.3245442708333333 0.1671142578125 0.035807291666666664 0.035237630208333336
0 0.046346028645833336 0.15665690104166666 0.0341796875 0.045735677083333336
0 0.24365234375 0.1746826171875 0.021809895833333332 0.025309244791666668
0 0.3058268229166667 0.90625 0.025065104166666668 0.028645833333333332
0 0.4645182291666667 0.115478515625 0.035807291666666664 0.03173828125
0 0.19938151041666666 0.189453125 0.024088541666666668 0.029296875
0 0.5882161458333334 0.2763671875 0.024739583333333332 0.021158854166666668
0 0.2853190104166667 0.3714192708333333 0.019205729166666668 0.031901041666666664
0 0.25732421875 0.19108072916666666 0.029622395833333332 0.029296875
0 0.8346354166666666 0.7102864583333334 0.026041666666666668 0.02734375
0 0.69140625 0.150390625 0.028645833333333332 0.031901041666666664
0 0.3116861979166667 0.9837239583333334 0.0263671875 0.026041666666666668
0 0.18880208333333334 0.12443033854166667 0.027018229166666668 0.031087239583333332
0 0.638671875 0.14192708333333334 0.025390625 0.034016927083333336
0 0.4319661458333333 0.22835286458333334 0.026041666666666668 0.050130208333333336
0 0.712890625 0.458984375 0.026041666666666668 0.020833333333333332
0 0.3805338541666667 0.023478190104166668 0.026692708333333332 0.030680338541666668
0 0.4791666666666667 0.150634765625 0.024739583333333332 0.023600260416666668
0 0.4205729166666667 0.032587687174479164 0.025390625 0.027516682942708332
0 0.9869791666666666 0.8229166666666666 0.0234375 0.026041666666666668
0 0.332275390625 0.6412760416666666 0.017740885416666668 0.025390625
0 0.861328125 0.89453125 0.032552083333333336 0.026041666666666668
0 0.9557291666666666 0.6337890625 0.026041666666666668 0.020182291666666668
0 0.3040364583333333 0.5198567708333334 0.023763020833333332 0.022786458333333332
0 0.3792317708333333 0.6383463541666666 0.017578125 0.0234375
