0 0.24397786458333334 0.8079427083333334 0.047526041666666664 0.040364583333333336
0 0.12809244791666666 0.7356770833333334 0.055989583333333336 0.041666666666666664
0 0.8014322916666666 0.4557291666666667 0.036458333333333336 0.039713541666666664
0 0.240234375 0.3971354166666667 0.038736979166666664 0.04296875
0 0.8854166666666666 0.4768880208333333 0.032552083333333336 0.034505208333333336
0 0.4850260416666667 0.8567708333333334 0.045572916666666664 0.045572916666666664
0 0.4830729166666667 0.912109375 0.042317708333333336 0.041666666666666664
0 0.4501953125 0.5944010416666666 0.039713541666666664 0.03515625
0 0.13427734375 0.5387369791666666 0.036946614583333336 0.039713541666666664
0 0.2810872395833333 0.9505208333333334 0.04296875 0.036458333333333336
0 0.03497314453125 0.7408854166666666 0.045450846354166664 0.03515625
0 0.158203125 0.923828125 0.0498046875 0.0390625
0 0.23828125 0.908203125 0.047200520833333336 0.033854166666666664
0 0.8098958333333334 0.8326822916666666 0.044270833333333336 0.044270833333333336
0 0.4742838541666667 0.5107421875 0.036458333333333336 0.034505208333333336
0 0.5872395833333334 0.4072265625 0.037760416666666664 0.030598958333333332
0 0.1884765625 0.5003255208333334 0.0341796875 0.031901041666666664
0 0.12841796875 0.2888997395833333 0.033528645833333336 0.041341145833333336
0 0.23030598958333334 0.32177734375 0.041015625 0.030924479166666668
0 0.058237711588541664 0.9036458333333334 0.04205322265625 0.0390625
0 0.08256022135416667 0.79296875 0.044677734375 0.04296875
0 0.8268229166666666 0.86328125 0.040364583333333336 0.028645833333333332
0 0.07645670572916667 0.6998697916666666 0.046305338541666664 0.03515625
0 0.23844401041666666 0.5338541666666666 0.037760416666666664 0.036458333333333336
0 0.2766927083333333 0.5533854166666666 0.035807291666666664 0.037109375
0 0.5618489583333334 0.4410807291666667 0.039713541666666664 0.049479166666666664
0 0.16202799479166666 0.3987630208333333 0.041829427083333336 0.036458333333333336
0 0.19970703125 0.3818359375 0.046223958333333336 0.045572916666666664
0 0.3180338541666667 0.5149739583333334 0.027669270833333332 0.031901041666666664
0 0.5791015625 0.5807291666666666 0.039713541666666664 0.037760416666666664
0 0.15559895833333334 0.4925130208333333 0.032877604166666664 0.031901041666666664
0 0.037556966145833336 0.6998697916666666 0.02880859375 0.0390625
0 0.8665364583333334 0.4264322916666667 0.033854166666666664 0.046875
0 0.22412109375 0.5833333333333334 0.026692708333333332 0.035807291666666664
0 0.11848958333333333 0.4671223958333333 0.03759765625 0.033854166666666664
0 0.17236328125 0.8365885416666666 0.038736979166666664 0.040364583333333336
0 0.3050130208333333 0.8893229166666666 0.038736979166666664 0.033854166666666664
0 0.16943359375 0.4235026041666667 0.0400390625 0.029947916666666668
0 0.8391927083333334 0.9576822916666666 0.026041666666666668 0.033854166666666664
0 0.20735677083333334 0.4309895833333333 0.035807291666666664 0.039713541666666664
0 0.4876302083333333 0.4661458333333333 0.032552083333333336 0.03515625
0 0.12158203125 0.251953125 0.029459635416666668 0.0322265625
0 0.2644856770833333 0.7571614583333334 0.037760416666666664 0.02734375
0 0.3603515625 0.9388020833333334 0.029296875 0.03515625
0 0.1585693359375 0.4485677083333333 0.035400390625 0.024739583333333332
0 0.3932291666666667 0.4368489583333333 0.036458333333333336 0.038411458333333336
0 0.11612955729166667 0.9075520833333334 0.04296875 0.03515625
0 0.65234375 0.97265625 0.029947916666666668 0.033854166666666664
0 0.4563802083333333 0.892578125 0.037109375 0.036458333333333336
0 0.24723307291666666 0.4964192708333333 0.042643229166666664 0.044921875
0 0.384765625 0.962890625 0.029296875 0.037760416666666664
0 0.3968098958333333 0.21500651041666666 0.035807291666666664 0.030598958333333332
0 0.4895833333333333 0.5540364583333334 0.028645833333333332 0.029947916666666668
0 0.07234700520833333 0.490234375 0.037109375 0.035807291666666664
0 0.036946614583333336 0.4993489583333333 0.026123046875 0.033203125
0 0.2752278645833333 0.09617106119791667 0.032877604166666664 0.034708658854166664
0 0.025370279947916668 0.2511393229166667 0.033732096354166664 0.0390625
0 0.020604451497395832 0.9596354166666666 0.041066487630208336 0.040364583333333336
0 0.28596752866602065 0.13457416071140182 0.028971354166666668 0.03767903645833335
0 0.70703125 0.5400390625 0.0390625 0.03125
0 0.32568359375 0.2724609375 0.028971354166666668 0.027018229166666668
0 0.11189778645833333 0.3258463541666667 0.03662109375 0.040364583333333336
0 0.5797526041666666 0.5130208333333334 0.036458333333333336 0.031901041666666664
0 0.2740885416666667 0.7571614583333334 0.032552083333333336 0.040364583333333336
0 0.2565104166666667 0.3531901041666667 0.028971354166666668 0.033203125
0 0.3131510416666667 0.8196614583333334 0.027669270833333332 0.029947916666666668
0 0.88671875 0.9016927083333334 0.026041666666666668 0.022135416666666668
0 0.3811848958333333 0.6783854166666666 0.033854166666666664 0.032552083333333336
0 0.16764322916666666 0.8873697916666666 0.03515625 0.029947916666666668
0 0.5992838541666666 0.609375 0.026692708333333332 0.0390625
0 0.10164388020833333 0.4983723958333333 0.025065104166666668 0.036458333333333336
0 0.3942057291666667 0.740234375 0.029296875 0.028645833333333332
0 0.3850911458333333 0.162109375 0.025390625 0.028971354166666668
0 0.131103515625 0.3899739583333333 0.02294921875 0.037760416666666664
0 0.3518880208333333 0.7102864583333334 0.024739583333333332 0.026041666666666668
0 0.986328125 0.7376302083333334 0.020833333333333332 0.026041666666666668
0 0.3818359375 0.9876302083333334 0.02734375 0.022135416666666668
0 0.034830729166666664 0.2623697916666667 0.026123046875 0.037109375
0 0.3753255208333333 0.2501627604166667 0.028645833333333332 0.024088541666666668
0 0.014561971028645834 0.4873046875 0.027028401692708332 0.0234375
0 0.3250325520833333 0.13321940104166666 0.0205078125 0.034993489583333336
0 0.0248565673828125 0.10302734375 0.034027099609375 0.020345052083333332
0 0.10636393229166667 0.4866536458333333 0.043131510416666664 0.042317708333333336
0 0.3616536458333333 0.7727864583333334 0.024739583333333332 0.028645833333333332
0 0.2752278645833333 0.5859375 0.027018229166666668 0.025390625
0 0.4632161458333333 0.6158854166666666 0.025390625 0.033203125
0 0.07126130490956069 0.8651586724806202 0.023215439276485766 0.026243540051679542
