0 0.4807942708333333 0.849609375 0.046223958333333336 0.040364583333333336
0 0.13916015625 0.8893229166666666 0.045247395833333336 0.04296875
0 0.17769368489583334 0.7858072916666666 0.054768880208333336 0.04296875
0 0.546875 0.4189453125 0.040364583333333336 0.044270833333333336
0 0.03106689453125 0.8033854166666666 0.047159830729166664 0.045572916666666664
0 0.24039713541666666 0.8912760416666666 0.046549479166666664 0.0546875
0 0.13590494791666666 0.734375 0.047526041666666664 0.057291666666666664
0 0.3255208333333333 0.876953125 0.044921875 0.036458333333333336
0 0.22981770833333334 0.4596354166666667 0.034505208333333336 0.037760416666666664
0 0.4417317708333333 0.4840494791666667 0.043619791666666664 0.041015625
0 0.5074869791666666 0.5826822916666666 0.030598958333333332 0.042317708333333336
0 0.4755859375 0.912109375 0.044921875 0.045572916666666664
0 0.5364583333333334 0.58984375 0.038411458333333336 0.04296875
0 0.1982421875 0.4222005208333333 0.045572916666666664 0.045572916666666664
0 0.8561197916666666 0.4322916666666667 0.037760416666666664 0.045572916666666664
0 0.7884114583333334 0.4033203125 0.02734375 0.036458333333333336
0 0.369140625 0.9231770833333334 0.040364583333333336 0.036458333333333336
0 0.5074869791666666 0.4635416666666667 0.041666666666666664 0.044270833333333336
0 0.8079427083333334 0.8567708333333334 0.040364583333333336 0.041666666666666664
0 0.1612548828125 0.4231770833333333 0.037190755208333336 0.037760416666666664
0 0.30029296875 0.5582682291666666 0.0380859375 0.03515625
0 0.3226725260416667 0.7513020833333334 0.03759765625 0.0390625
0 0.4222005208333333 0.552734375 0.043619791666666664 0.043619791666666664
0 0.23518880208333334 0.4108072916666667 0.040690104166666664 0.044921875
0 0.0472412109375 0.525390625 0.040201822916666664 0.0390625
0 0.6243489583333334 0.5973307291666666 0.039713541666666664 0.034505208333333336
0 0.1741943359375 0.5550130208333334 0.037353515625 0.0390625
0 0.5149739583333334 0.4189453125 0.031901041666666664 0.03515625
0 0.4576822916666667 0.8932291666666666 0.03125 0.032552083333333336
0 0.3182779947916667 0.2659505208333333 0.037272135416666664 0.038411458333333336
0 0.1544189453125 0.4645182291666667 0.037516276041666664 0.031901041666666664
0 0.2760416666666667 0.5315755208333334 0.03515625 0.041015625
0 0.114990234375 0.4977213541666667 0.034830729166666664 0.044921875
0 0.20231119791666666 0.4632161458333333 0.032552083333333336 0.035807291666666664
0 0.23111979166666666 0.5403645833333334 0.036783854166666664 0.033203125
0 0.08284505208333333 0.5146484375 0.031087239583333332 0.044270833333333336
0 0.3968098958333333 0.9752604166666666 0.038411458333333336 0.040364583333333336
0 0.15958658854166666 0.5315755208333334 0.034016927083333336 0.033203125
0 0.7584635416666666 0.9069010416666666 0.044270833333333336 0.044270833333333336
0 0.4391276041666667 0.6009114583333334 0.036458333333333336 0.031901041666666664
0 0.9036458333333334 0.4375 0.0234375 0.031901041666666664
0 0.23811848958333334 0.3753255208333333 0.030924479166666668 0.027994791666666668
0 0.013758341471354166 0.5205078125 0.026194254557291668 0.039713541666666664
0 0.58203125 0.3763020833333333 0.032552083333333336 0.051432291666666664
0 0.9876302083333334 0.4036458333333333 0.020833333333333332 0.031901041666666664
0 0.9869791666666666 0.7473958333333334 0.0234375 0.033854166666666664
0 0.18782552083333334 0.22819010416666666 0.035481770833333336 0.037109375
0 0.29833984375 0.6194661458333334 0.0283203125 0.029296875
0 0.83984375 0.939453125 0.03515625 0.037760416666666664
0 0.13248697916666666 0.41796875 0.023274739583333332 0.029296875
0 0.4908854166666667 0.78125 0.028645833333333332 0.022135416666666668
0 0.3063151041666667 0.3048502604166667 0.037760416666666664 0.033528645833333336
0 0.325439453125 0.5787760416666666 0.028157552083333332 0.029296875
0 0.759765625 0.37890625 0.028645833333333332 0.03125
0 0.03720116430474807 0.35074995962532296 0.032552083333333336 0.039713541666666664
0 0.3424479166666667 0.30810546875 0.029947916666666668 0.043619791666666664
0 0.38671875 0.8509114583333334 0.029947916666666668 0.0234375
0 0.8336815649224807 0.986938791989664 0.02794937015503877 0.02351824935400515
