0 0.7376302083333334 0.5166015625 0.04296875 0.042317708333333336
0 0.919921875 0.5797526041666666 0.041666666666666664 0.046875
0 0.9466145833333334 0.5143229166666666 0.03515625 0.0390625
0 0.16385904947916666 0.19547526041666666 0.040771484375 0.046875
0 0.4169921875 0.16890462239583334 0.038411458333333336 0.039143880208333336
0 0.10434977213541667 0.15462239583333334 0.0494384765625 0.049479166666666664
0 0.4873046875 0.5657552083333334 0.039713541666666664 0.0390625
0 0.5361328125 0.24055989583333334 0.041015625 0.040364583333333336
0 0.7389322916666666 0.5865885416666666 0.046875 0.053385416666666664
0 0.21988932291666666 0.26318359375 0.04296875 0.036458333333333336
0 0.8489583333333334 0.6331380208333334 0.041666666666666664 0.046223958333333336
0 0.638671875 0.6097005208333334 0.0390625 0.038411458333333336
0 0.5699869791666666 0.6012369791666666 0.035807291666666664 0.037760416666666664
0 0.40234375 0.5009765625 0.041015625 0.043619791666666664
0 0.8951822916666666 0.09619140625 0.0390625 0.039225260416666664
0 0.2677408854166667 0.5533854166666666 0.035481770833333336 0.0390625
0 0.095703125 0.042205810546875 0.037760416666666664 0.037007649739583336
0 0.62890625 0.23893229166666666 0.036458333333333336 0.0390625
0 0.73828125 0.6446940104166666 0.044270833333333336 0.0478515625
0 0.794921875 0.52734375 0.037760416666666664 0.036458333333333336
0 0.4651692708333333 0.15165201822916666 0.042317708333333336 0.045328776041666664
0 0.09743245442708333 0.6614583333333334 0.031209309895833332 0.026041666666666668
0 0.974609375 0.2275390625 0.02734375 0.0380859375
0 0.8951822916666666 0.4547526041666667 0.052083333333333336 0.05859375
0 0.5104166666666666 0.6471354166666666 0.031901041666666664 0.041666666666666664
0 0.6432291666666666 0.5133463541666666 0.055989583333333336 0.049479166666666664
0 0.7552083333333334 0.14860026041666666 0.0390625 0.030436197916666668
0 0.3336588541666667 0.5550130208333334 0.041015625 0.032552083333333336
0 0.1376953125 0.548828125 0.044596354166666664 0.03125
0 0.2649739583333333 0.06781005859375 0.042317708333333336 0.0386962890625
0 0.5777994791666666 0.4778645833333333 0.038411458333333336 0.037760416666666664
0 0.826171875 0.427734375 0.03125 0.037109375
0 0.2801106770833333 0.035074869791666664 0.02734375 0.028483072916666668
0 0.3743489583333333 0.4602864583333333 0.036458333333333336 0.046875
0 0.68359375 0.09348551432291667 0.037760416666666664 0.0306396484375
0 0.4990234375 0.06984456380208333 0.029296875 0.0401611328125
0 0.2628580729166667 0.2667643229166667 0.02734375 0.0283203125
0 0.01507568359375 0.2604166666666667 0.0301513671875 0.0419921875
0 0.6603190104166666 0.5738932291666666 0.029622395833333332 0.034505208333333336
0 0.39269041707041347 0.38168705587855295 0.052378573158914664 0.04646115956072353
0 0.5286458333333334 0.4404296875 0.02734375 0.030598958333333332
0 0.5556640625 0.6599934895833334 0.02734375 0.028971354166666668
0 0.093017578125 0.5901692708333334 0.034016927083333336 0.029296875
0 0.8385416666666666 0.17085774739583334 0.024739583333333332 0.029378255208333332
0 0.3912760416666667 0.0261993408203125 0.033854166666666664 0.029307047526041668
0 0.7584635416666666 0.4134114583333333 0.02734375 0.029947916666666668
0 0.6477864583333334 0.3942057291666667 0.037760416666666664 0.03515625
0 0.24365234375 0.043345133463541664 0.032877604166666664 0.044657389322916664
0 0.19889322916666666 0.5478515625 0.0322265625 0.027994791666666668
0 0.09611002604166667 0.4817708333333333 0.039713541666666664 0.027994791666666668
0 0.8697916666666666 0.5377604166666666 0.048177083333333336 0.038411458333333336
0 0.3401692708333333 0.3909505208333333 0.02734375 0.0390625
0 0.7018229166666666 0.3994140625 0.024739583333333332 0.033203125
0 0.19482421875 0.5107421875 0.036783854166666664 0.03125
0 0.4710286458333333 0.6311848958333334 0.033203125 0.034505208333333336
0 0.68408203125 0.3223470052083333 0.036783854166666664 0.02392578125
0 0.23600260416666666 0.4563802083333333 0.0283203125 0.026041666666666668
0 0.7272135416666666 0.4052734375 0.036458333333333336 0.045572916666666664
0 0.4430338541666667 0.10628255208333333 0.054036458333333336 0.039876302083333336
0 0.5745442708333334 0.103515625 0.041015625 0.0341796875
0 0.09187825520833333 0.7109375 0.024576822916666668 0.024739583333333332
0 0.5836588541666666 0.31298828125 0.034505208333333336 0.023111979166666668
0 0.814453125 0.153564453125 0.02734375 0.024251302083333332
0 0.3665364583333333 0.5107421875 0.027994791666666668 0.026692708333333332
0 0.7389322916666666 0.28271484375 0.020833333333333332 0.028971354166666668
0 0.806640625 0.13020833333333334 0.020833333333333332 0.032389322916666664
0 0.990234375 0.6282552083333334 0.015625 0.037760416666666664
0 0.19124348958333334 0.3844401041666667 0.025716145833333332 0.02734375
0 0.08634440104166667 0.4075520833333333 0.031575520833333336 0.035807291666666664
0 0.4134114583333333 0.400390625 0.026692708333333332 0.026692708333333332
0 0.19368489583333334 0.0458984375 0.0224609375 0.028645833333333332
0 0.22998046875 0.3831380208333333 0.025716145833333332 0.022786458333333332
0 0.4303385416666667 0.1064453125 0.02734375 0.034342447916666664
0 0.4488932291666667 0.4231770833333333 0.025390625 0.027994791666666668
0 0.3616536458333333 0.4176432291666667 0.032552083333333336 0.032552083333333336
0 0.4505208333333333 0.5299479166666666 0.030598958333333332 0.026692708333333332
0 0.4710286458333333 0.5244140625 0.025390625 0.024088541666666668
