0 0.65625 0.3717447916666667 0.040364583333333336 0.043619791666666664
0 0.6476236979166666 0.4420572916666667 0.06282552083333333 0.046875
0 0.59375 0.04034423828125 0.03125 0.035929361979166664
0 0.9485677083333334 0.014043172200520834 0.044270833333333336 0.027659098307291668
0 0.5852864583333334 0.3482259114583333 0.041666666666666664 0.035970052083333336
0 0.07234700520833333 0.4300130208333333 0.0390625 0.0390625
0 0.6402994791666666 0.2722981770833333 0.040364583333333336 0.041015625
0 0.7447916666666666 0.3990885416666667 0.041666666666666664 0.036458333333333336
0 0.9329427083333334 0.4410807291666667 0.046875 0.057942708333333336
0 0.136474609375 0.024729410807291668 0.05126953125 0.047871907552083336
0 0.017598470052083332 0.388671875 0.035196940104166664 0.03515625
0 0.6354166666666666 0.07633463541666667 0.033203125 0.033365885416666664
0 0.28759765625 0.07635498046875 0.0556640625 0.0552978515625
0 0.9290364583333334 0.319580078125 0.045572916666666664 0.06787109375
0 0.7545572916666666 0.08146158854166667 0.037760416666666664 0.046061197916666664
0 0.5498046875 0.5182291666666666 0.037109375 0.0390625
0 0.11238606770833333 0.5927734375 0.04345703125 0.049479166666666664
0 0.3492838541666667 0.07881673177083333 0.033854166666666664 0.036539713541666664
0 0.6979166666666666 0.024861653645833332 0.036458333333333336 0.045572916666666664
0 0.9814453125 0.43359375 0.037109375 0.046223958333333336
0 0.6315104166666666 0.4814453125 0.044270833333333336 0.037109375
0 0.9622395833333334 0.16585286458333334 0.037760416666666664 0.038411458333333336
0 0.39453125 0.478515625 0.03125 0.03125
0 0.3831380208333333 0.4417317708333333 0.03515625 0.036458333333333336
0 0.3834635416666667 0.13818359375 0.042317708333333336 0.05078125
0 0.4866536458333333 0.4606119791666667 0.038411458333333336 0.044270833333333336
0 0.8203125 0.13037109375 0.033854166666666664 0.04443359375
0 0.4488932291666667 0.3990885416666667 0.035807291666666664 0.036458333333333336
0 0.2333984375 0.3756510416666667 0.03125 0.027994791666666668
0 0.6737856657608695 0.06342525758605072 0.028560914855072433 0.030984629755434773
0 0.2805989583333333 0.4440104166666667 0.0283203125 0.033854166666666664
0 0.5078125 0.3125 0.032552083333333336 0.039713541666666664
0 0.06302897135416667 0.5374348958333334 0.036214192708333336 0.021484375
0 0.9641927083333334 0.09971110026041667 0.036458333333333336 0.0357666015625
0 0.8229166666666666 0.3828125 0.03515625 0.048828125
0 0.0718994140625 0.00969696044921875 0.038492838541666664 0.019017537434895832
0 0.24576822916666666 0.4658203125 0.032552083333333336 0.026692708333333332
0 0.9303385416666666 0.5026041666666666 0.041666666666666664 0.050130208333333336
0 0.5794270833333334 0.4280598958333333 0.037109375 0.029947916666666668
0 0.3180338541666667 0.28515625 0.024739583333333332 0.032552083333333336
0 0.3186848958333333 0.4375 0.0263671875 0.031901041666666664
0 0.8151041666666666 0.06941731770833333 0.029947916666666668 0.047200520833333336
0 0.5250651041666666 0.3955078125 0.035807291666666664 0.035807291666666664
0 0.3785807291666667 0.3968098958333333 0.025390625 0.027994791666666668
0 0.4150390625 0.4339192708333333 0.0234375 0.020182291666666668
0 0.91015625 0.24153645833333334 0.03125 0.033203125
0 0.8046875 0.09431966145833333 0.03515625 0.042643229166666664
0 0.012430826822916666 0.0146942138671875 0.024861653645833332 0.028879801432291668
0 0.4684244791666667 0.3623046875 0.022135416666666668 0.041666666666666664
0 0.257522361865942 0.2744848278985507 0.022064651268115965 0.02655117753623193
0 0.2649739583333333 0.4231770833333333 0.024739583333333332 0.022135416666666668
0 0.5826822916666666 0.21565755208333334 0.024739583333333332 0.029947916666666668
0 0.435546875 0.3408203125 0.025390625 0.021484375
0 0.7825520833333334 0.062418619791666664 0.028645833333333332 0.025146484375
0 0.4202473958333333 0.4876302083333333 0.027994791666666668 0.026692708333333332
