0 0.2722981770833333 0.09065755208333333 0.040690104166666664 0.043131510416666664
0 0.319580078125 0.095703125 0.03271484375 0.037760416666666664
0 0.17496744791666666 0.075927734375 0.052734375 0.054036458333333336
0 0.22233072916666666 0.09025065104166667 0.046223958333333336 0.06575520833333333
0 0.2353515625 0.5992838541666666 0.0615234375 0.078125
0 0.052886962890625 0.8821614583333334 0.058451334635416664 0.06380208333333333
0 0.9544270833333334 0.470703125 0.044270833333333336 0.043619791666666664
0 0.6292317708333334 0.14632161458333334 0.036458333333333336 0.0263671875
0 0.3444010416666667 0.13102213541666666 0.034505208333333336 0.051106770833333336
0 0.4010416666666667 0.19905598958333334 0.032552083333333336 0.037434895833333336
0 0.8782552083333334 0.031687418619791664 0.036458333333333336 0.041280110677083336
0 0.65771484375 0.5016276041666666 0.046549479166666664 0.054036458333333336
0 0.2421875 0.7096354166666666 0.047200520833333336 0.044270833333333336
0 0.08626302083333333 0.21077473958333334 0.031901041666666664 0.0458984375
0 0.3431803385416667 0.7265625 0.028483072916666668 0.037760416666666664
0 0.19205729166666666 0.2906901041666667 0.031901041666666664 0.037434895833333336
0 0.3831380208333333 0.8658854166666666 0.041015625 0.03515625
0 0.5032552083333334 0.24967447916666666 0.037760416666666664 0.0302734375
0 0.3265787760416667 0.6009114583333334 0.054524739583333336 0.041666666666666664
0 0.07035319010416667 0.13736979166666666 0.045979817708333336 0.047200520833333336
0 0.8997395833333334 0.0587158203125 0.03125 0.036214192708333336
0 0.12434895833333333 0.7278645833333334 0.035807291666666664 0.036458333333333336
0 0.5029296875 0.6204427083333334 0.049479166666666664 0.054036458333333336
0 0.5419921875 0.8229166666666666 0.033203125 0.037760416666666664
0 0.8326822916666666 0.4147135416666667 0.036458333333333336 0.037109375
0 0.302734375 0.94921875 0.044921875 0.04296875
0 0.35546875 0.6461588541666666 0.034505208333333336 0.0390625
0 0.5875651041666666 0.4596354166666667 0.03125 0.029947916666666668
0 0.06498209635416667 0.7884114583333334 0.046468098958333336 0.041666666666666664
0 0.7526041666666666 0.6246744791666666 0.037760416666666664 0.038411458333333336
0 0.2119140625 0.7578125 0.033854166666666664 0.033854166666666664
0 0.5299479166666666 0.135986328125 0.03125 0.0244140625
0 0.98828125 0.041707356770833336 0.018229166666666668 0.037109375
0 0.5911458333333334 0.5869140625 0.033203125 0.027994791666666668
0 0.2574869791666667 0.12605794270833334 0.03125 0.024739583333333332
0 0.4700520833333333 0.14298502604166666 0.022135416666666668 0.032063802083333336
0 0.6416440217391304 0.17847387341485507 0.03849637681159409 0.049981600996376795
0 0.5172526041666666 0.15771484375 0.035807291666666664 0.028645833333333332
0 0.22135416666666666 0.8958333333333334 0.050455729166666664 0.028645833333333332
0 0.52734375 0.4850260416666667 0.033203125 0.03515625
0 0.6220703125 0.11848958333333333 0.0234375 0.023274739583333332
0 0.3194986979166667 0.4541015625 0.0478515625 0.03515625
0 0.7154947916666666 0.3971354166666667 0.036458333333333336 0.03515625
0 0.009490966796875 0.13606770833333334 0.01898193359375 0.0341796875
0 0.22526041666666666 0.6940104166666666 0.030924479166666668 0.024739583333333332
0 0.3147786458333333 0.14510091145833334 0.026692708333333332 0.03271484375
0 0.6798502604166666 0.0144500732421875 0.034830729166666664 0.022776285807291668
0 0.3727213541666667 0.77734375 0.030598958333333332 0.032552083333333336
