0 0.9322916666666666 0.09993489583333333 0.044270833333333336 0.039713541666666664
0 0.8483072916666666 0.888671875 0.045572916666666664 0.04296875
0 0.316650390625 0.890625 0.039876302083333336 0.044270833333333336
0 0.8404947916666666 0.15726725260416666 0.037760416666666664 0.032796223958333336
0 0.6505533854166666 0.94921875 0.058268229166666664 0.059895833333333336
0 0.4212239583333333 0.5192057291666666 0.032552083333333336 0.032552083333333336
0 0.8411458333333334 0.9524739583333334 0.0390625 0.033854166666666664
0 0.8138020833333334 0.583984375 0.041666666666666664 0.033854166666666664
0 0.865234375 0.090576171875 0.048177083333333336 0.05712890625
0 0.07012939453125 0.7161458333333334 0.0404052734375 0.048177083333333336
0 0.09261067708333333 0.5768229166666666 0.0361328125 0.039713541666666664
0 0.09171549479166667 0.3056640625 0.041666666666666664 0.045247395833333336
0 0.09041341145833333 0.4983723958333333 0.035970052083333336 0.0390625
0 0.79296875 0.837890625 0.040364583333333336 0.041666666666666664
0 0.7799479166666666 0.18619791666666666 0.044270833333333336 0.0419921875
0 0.8079427083333334 0.2605794270833333 0.028645833333333332 0.029947916666666668
0 0.3020833333333333 0.4615885416666667 0.03515625 0.042317708333333336
0 0.2771809895833333 0.3723958333333333 0.033854166666666664 0.04296875
0 0.3623046875 0.3772786458333333 0.033854166666666664 0.0390625
0 0.9778645833333334 0.3655598958333333 0.040364583333333336 0.039713541666666664
0 0.841796875 0.5393880208333334 0.03515625 0.032552083333333336
0 0.135009765625 0.8971354166666666 0.030924479166666668 0.036458333333333336
0 0.5348307291666666 0.5592447916666666 0.020833333333333332 0.033854166666666664
0 0.6516927083333334 0.5328776041666666 0.029296875 0.0390625
0 0.10921223958333333 0.453125 0.033854166666666664 0.036458333333333336
0 0.5006510416666666 0.8639322916666666 0.047526041666666664 0.04296875
0 0.8984375 0.08699544270833333 0.03125 0.045247395833333336
0 0.783203125 0.5384114583333334 0.03515625 0.035807291666666664
0 0.580078125 0.4466145833333333 0.026041666666666668 0.026692708333333332
0 0.9622395833333334 0.4612630208333333 0.040364583333333336 0.028645833333333332
0 0.048055013020833336 0.22574869791666666 0.038248697916666664 0.058268229166666664
0 0.4817708333333333 0.5533854166666666 0.02734375 0.028645833333333332
0 0.21272786458333334 0.9401041666666666 0.034505208333333336 0.029947916666666668
0 0.5022786458333334 0.9811197916666666 0.042317708333333336 0.037760416666666664
0 0.7428385416666666 0.18782552083333334 0.029947916666666668 0.0400390625
0 0.3863932291666667 0.9088541666666666 0.032552083333333336 0.03515625
0 0.33984375 0.4482421875 0.033203125 0.035807291666666664
0 0.7434895833333334 0.5133463541666666 0.024739583333333332 0.028645833333333332
0 0.2236328125 0.3756510416666667 0.0283203125 0.032552083333333336
0 0.96484375 0.22688802083333334 0.032552083333333336 0.029947916666666668
0 0.4365234375 0.447265625 0.035807291666666664 0.038411458333333336
0 0.3759765625 0.7890625 0.048177083333333336 0.02734375
0 0.2799479166666667 0.3348795572916667 0.030924479166666668 0.03662109375
0 0.833984375 0.19807942708333334 0.03515625 0.033528645833333336
0 0.08603922526041667 0.6334635416666666 0.038533528645833336 0.039713541666666664
0 0.7180989583333334 0.17728678385416666 0.029947916666666668 0.036702473958333336
0 0.4612630208333333 0.3938802083333333 0.031901041666666664 0.029296875
0 0.3606770833333333 0.4973958333333333 0.034505208333333336 0.033854166666666664
0 0.5094401041666666 0.5546875 0.030598958333333332 0.038411458333333336
0 0.5764973958333334 0.873046875 0.05078125 0.036458333333333336
0 0.1904296875 0.736328125 0.032552083333333336 0.026041666666666668
0 0.3831380208333333 0.5390625 0.026041666666666668 0.030598958333333332
0 0.4342447916666667 0.83203125 0.037109375 0.041666666666666664
0 0.4635416666666667 0.2275390625 0.031901041666666664 0.0302734375
0 0.3603515625 0.978515625 0.033203125 0.03515625
0 0.6259765625 0.4817708333333333 0.037760416666666664 0.02734375
0 0.5690104166666666 0.19856770833333334 0.039713541666666664 0.0380859375
0 0.5729166666666666 0.5299479166666666 0.026041666666666668 0.03125
0 0.5725911458333334 0.4772135416666667 0.025390625 0.029296875
0 0.3883463541666667 0.5166015625 0.029296875 0.030598958333333332
0 0.9114583333333334 0.44921875 0.045572916666666664 0.022786458333333332
0 0.9869791666666666 0.2550455729166667 0.020833333333333332 0.039388020833333336
0 0.7825520833333334 0.14420572916666666 0.029947916666666668 0.031575520833333336
0 0.3076171875 0.3479817708333333 0.0263671875 0.033854166666666664
0 0.22981770833333334 0.697265625 0.0263671875 0.03125
0 0.07417805989583333 0.4580078125 0.028564453125 0.033854166666666664
0 0.6842447916666666 0.4899088541666667 0.028645833333333332 0.025390625
0 0.9466145833333334 0.4895833333333333 0.028645833333333332 0.022135416666666668
0 0.5498046875 0.21744791666666666 0.033854166666666664 0.033203125
0 0.7434895833333334 0.9635416666666666 0.036458333333333336 0.0546875
0 0.5830078125 0.24300130208333334 0.031901041666666664 0.0341796875
0 0.5208333333333334 0.22607421875 0.037109375 0.044270833333333336
0 0.154052734375 0.484375 0.028483072916666668 0.032552083333333336
0 0.3623046875 0.4742838541666667 0.0390625 0.027994791666666668
0 0.9453125 0.966796875 0.032552083333333336 0.029947916666666668
0 0.4778645833333333 0.4348958333333333 0.021484375 0.02734375
0 0.8873697916666666 0.5201822916666666 0.026041666666666668 0.02734375
0 0.18603515625 0.8268229166666666 0.029296875 0.024739583333333332
0 0.20149739583333334 0.8951822916666666 0.028645833333333332 0.03125
0 0.8001302083333334 0.5048828125 0.032552083333333336 0.022135416666666668
0 0.61328125 0.20589192708333334 0.044921875 0.042317708333333336
0 0.017125447591145832 0.4840494791666667 0.031422932942708336 0.033854166666666664
0 0.4521484375 0.5419921875 0.027994791666666668 0.029947916666666668
0 0.5934244791666666 0.6214192708333334 0.027994791666666668 0.025390625
0 0.049072265625 0.4322916666666667 0.02001953125 0.025390625
0 0.4759114583333333 0.5921223958333334 0.021484375 0.027994791666666668
0 0.7565104166666666 0.7884114583333334 0.02734375 0.024739583333333332
0 0.75390625 0.5719401041666666 0.01953125 0.031901041666666664
0 0.3854166666666667 0.8229166666666666 0.029947916666666668 0.0234375
0 0.6373697916666666 0.20084635416666666 0.034505208333333336 0.029296875
0 0.65283203125 0.7897135416666666 0.028971354166666668 0.02734375
0 0.5250651041666666 0.6038411458333334 0.033203125 0.037760416666666664
0 0.22563388242894056 0.3456835685158269 0.029392764857881115 0.029583282864987053
0 0.3785807291666667 0.625 0.0234375 0.020182291666666668
0 0.12150065104166667 0.978515625 0.0419921875 0.037760416666666664
0 0.806640625 0.546875 0.02734375 0.029296875
0 0.8984375 0.76953125 0.029947916666666668 0.037760416666666664
0 0.044514973958333336 0.4000651041666667 0.024820963541666668 0.01953125
0 0.85546875 0.5940755208333334 0.024739583333333332 0.029947916666666668
0 0.8391927083333334 0.7864583333333334 0.02734375 0.02734375
0 0.3136393229166667 0.9912109375 0.0302734375 0.017578125
0 0.3984375 0.634765625 0.029296875 0.032552083333333336
0 0.5930989583333334 0.828125 0.049479166666666664 0.0390625
0 0.17724609375 0.69140625 0.033203125 0.026041666666666668
0 0.7779947916666666 0.50390625 0.018229166666666668 0.022786458333333332
