0 0.23274739583333334 0.4332682291666667 0.039388020833333336 0.039713541666666664
0 0.494140625 0.6090494791666666 0.047526041666666664 0.03515625
0 0.15738932291666666 0.9615885416666666 0.054036458333333336 0.04296875
0 0.07389322916666667 0.54296875 0.037760416666666664 0.036458333333333336
0 0.4752604166666667 0.9303385416666666 0.042317708333333336 0.0390625
0 0.8125 0.4609375 0.032552083333333336 0.030598958333333332
0 0.1904296875 0.498046875 0.036458333333333336 0.038411458333333336
0 0.4111328125 0.5423177083333334 0.037760416666666664 0.041015625
0 0.23828125 0.8522135416666666 0.034830729166666664 0.0390625
0 0.047281901041666664 0.7721354166666666 0.049397786458333336 0.048177083333333336
0 0.400390625 0.9368489583333334 0.035807291666666664 0.0390625
0 0.3958333333333333 0.888671875 0.039713541666666664 0.037760416666666664
0 0.07647705078125 0.5009765625 0.0491943359375 0.032552083333333336
0 0.2565104166666667 0.5859375 0.042317708333333336 0.037760416666666664
0 0.19466145833333334 0.4270833333333333 0.033528645833333336 0.037760416666666664
0 0.24055989583333334 0.9772135416666666 0.045572916666666664 0.041666666666666664
0 0.22672526041666666 0.5579427083333334 0.038411458333333336 0.035807291666666664
0 0.09431966145833333 0.8125 0.056477864583333336 0.057291666666666664
0 0.11873372395833333 0.5078125 0.038736979166666664 0.041015625
0 0.8424479166666666 0.455078125 0.036458333333333336 0.036458333333333336
0 0.5159505208333334 0.4677734375 0.030598958333333332 0.038411458333333336
0 0.15388997395833334 0.5003255208333334 0.033365885416666664 0.038411458333333336
0 0.83984375 0.9361979166666666 0.033854166666666664 0.040364583333333336
0 0.15372721354166666 0.24137369791666666 0.03564453125 0.03515625
0 0.21744791666666666 0.2648111979166667 0.032552083333333336 0.038736979166666664
0 0.7486979166666666 0.8567708333333334 0.041666666666666664 0.040364583333333336
0 0.4703776041666667 0.8860677083333334 0.039713541666666664 0.037760416666666664
0 0.27880859375 0.552734375 0.038411458333333336 0.033854166666666664
0 0.8658854166666666 0.5032552083333334 0.032552083333333336 0.03125
0 0.2791341145833333 0.6145833333333334 0.032552083333333336 0.038411458333333336
0 0.5719401041666666 0.3870442708333333 0.037760416666666664 0.03515625
0 0.826171875 0.9075520833333334 0.041666666666666664 0.03515625
0 0.4020182291666667 0.6220703125 0.03125 0.029947916666666668
0 0.380859375 0.8033854166666666 0.033203125 0.037760416666666664
0 0.884765625 0.8782552083333334 0.036458333333333336 0.036458333333333336
0 0.11075846354166667 0.5455729166666666 0.039225260416666664 0.035807291666666664
0 0.13216145833333334 0.4205729166666667 0.0390625 0.038411458333333336
0 0.19856770833333334 0.23567708333333334 0.029947916666666668 0.041666666666666664
0 0.16121419270833334 0.4147135416666667 0.02685546875 0.039713541666666664
0 0.3260091145833333 0.2766927083333333 0.028971354166666668 0.0283203125
0 0.061269124348958336 0.9381510416666666 0.045430501302083336 0.0390625
0 0.1622314453125 0.44921875 0.032958984375 0.032552083333333336
0 0.3714192708333333 0.9694010416666666 0.035807291666666664 0.037760416666666664
0 0.034566243489583336 0.3733723958333333 0.026896158854166668 0.037760416666666664
0 0.15543619791666666 0.599609375 0.0380859375 0.03515625
0 0.3102213541666667 0.96484375 0.0283203125 0.02734375
0 0.11279296875 0.94140625 0.048502604166666664 0.037760416666666664
0 0.58203125 0.6204427083333334 0.030598958333333332 0.041666666666666664
0 0.4010416666666667 0.5830078125 0.025390625 0.042317708333333336
0 0.2392578125 0.30810546875 0.029622395833333332 0.029622395833333332
0 0.4270833333333333 0.5029296875 0.033854166666666664 0.046875
0 0.4778645833333333 0.4664713541666667 0.030598958333333332 0.024739583333333332
0 0.0810546875 0.3531087239583333 0.0322265625 0.043131510416666664
0 0.5279947916666666 0.5289713541666666 0.029947916666666668 0.029947916666666668
0 0.2918294270833333 0.2779947916666667 0.0302734375 0.031901041666666664
0 0.15974934895833334 0.8717447916666666 0.04541015625 0.049479166666666664
0 0.2734375 0.8092447916666666 0.030924479166666668 0.033854166666666664
0 0.014734903971354166 0.5299479166666666 0.027089436848958332 0.041666666666666664
0 0.3942057291666667 0.9876302083333334 0.033203125 0.0234375
0 0.4117838541666667 0.8190104166666666 0.024739583333333332 0.028645833333333332
0 0.037892659505208336 0.5419921875 0.033589680989583336 0.041015625
0 0.08583577473958333 0.3942057291666667 0.0262451171875 0.029947916666666668
0 0.2762044270833333 0.6516927083333334 0.03515625 0.01953125
0 0.4322916666666667 0.2744140625 0.026041666666666668 0.030924479166666668
0 0.2906901041666667 0.369140625 0.035481770833333336 0.02734375
0 0.984375 0.7486979166666666 0.0234375 0.029947916666666668
0 0.21533203125 0.2941080729166667 0.029296875 0.033854166666666664
0 0.7620301177536231 0.9713824728260869 0.04002490942028988 0.04478034420289845
0 0.9583333333333334 0.4309895833333333 0.022135416666666668 0.0234375
0 0.09488932291666667 0.3971354166666667 0.03759765625 0.047526041666666664
0 0.2994791666666667 0.7350260416666666 0.024088541666666668 0.01953125
0 0.283203125 0.6529947916666666 0.0234375 0.03125
0 0.4970703125 0.8196614583333334 0.028645833333333332 0.024739583333333332
0 0.05712890625 0.3987630208333333 0.022216796875 0.02734375
0 0.15348307291666666 0.8548177083333334 0.043294270833333336 0.036458333333333336
0 0.69140625 0.9147135416666666 0.029947916666666668 0.036458333333333336
0 0.673828125 0.8990885416666666 0.036458333333333336 0.026041666666666668
0 0.07071940104166667 0.8971354166666666 0.034993489583333336 0.029947916666666668
0 0.3489583333333333 0.3828125 0.022135416666666668 0.021484375
0 0.13875325520833334 0.4606119791666667 0.025553385416666668 0.028645833333333332
