0 0.4817708333333333 0.6298828125 0.044270833333333336 0.040364583333333336
0 0.3997395833333333 0.5182291666666666 0.037760416666666664 0.037760416666666664
0 0.13525390625 0.7890625 0.045572916666666664 0.06510416666666667
0 0.1556396484375 0.9563802083333334 0.044189453125 0.044270833333333336
0 0.828125 0.8502604166666666 0.04296875 0.0390625
0 0.24104817708333334 0.9381510416666666 0.050455729166666664 0.0390625
0 0.6298828125 0.4817708333333333 0.037760416666666664 0.039713541666666664
0 0.748046875 0.8665364583333334 0.041666666666666664 0.037760416666666664
0 0.3968098958333333 0.8938802083333334 0.042317708333333336 0.041666666666666664
0 0.029378255208333332 0.8802083333333334 0.044352213541666664 0.041666666666666664
0 0.10929361979166667 0.544921875 0.03515625 0.0390625
0 0.2833658854166667 0.9720052083333334 0.0380859375 0.03125
0 0.028279622395833332 0.8033854166666666 0.052001953125 0.05078125
0 0.2672526041666667 0.6223958333333334 0.033854166666666664 0.037109375
0 0.673828125 0.9134114583333334 0.036458333333333336 0.040364583333333336
0 0.19889322916666666 0.48046875 0.037760416666666664 0.0390625
0 0.7005208333333334 0.4622395833333333 0.040364583333333336 0.042317708333333336
0 0.0657958984375 0.7513020833333334 0.03466796875 0.037760416666666664
0 0.15193684895833334 0.2776692708333333 0.037923177083333336 0.044596354166666664
0 0.11678059895833333 0.2942708333333333 0.032063802083333336 0.0390625
0 0.3746744791666667 0.927734375 0.03515625 0.0390625
0 0.068359375 0.9609375 0.035807291666666664 0.044270833333333336
0 0.08829752604166667 0.4163411458333333 0.032552083333333336 0.041666666666666664
0 0.24332682291666666 0.8196614583333334 0.030924479166666668 0.033854166666666664
0 0.1671142578125 0.5185546875 0.035563151041666664 0.039713541666666664
0 0.07692464192708333 0.3746744791666667 0.035929361979166664 0.037760416666666664
0 0.4873046875 0.4388020833333333 0.0390625 0.042317708333333336
0 0.70703125 0.4231770833333333 0.033854166666666664 0.037760416666666664
0 0.18880208333333334 0.4378255208333333 0.044270833333333336 0.041015625
0 0.4453125 0.4817708333333333 0.044270833333333336 0.049479166666666664
0 0.11018880208333333 0.3495279947916667 0.03759765625 0.050944010416666664
0 0.87109375 0.4993489583333333 0.03515625 0.029947916666666668
0 0.07777913411458333 0.5592447916666666 0.028523763020833332 0.039713541666666664
0 0.23128255208333334 0.48828125 0.037434895833333336 0.037109375
0 0.3919270833333333 0.5843098958333334 0.040364583333333336 0.037109375
0 0.8430989583333334 0.8828125 0.04296875 0.033854166666666664
0 0.019678751627604168 0.3997395833333333 0.033070882161458336 0.037760416666666664
0 0.20458984375 0.51953125 0.040690104166666664 0.040364583333333336
0 0.5885416666666666 0.6622721354166666 0.031901041666666664 0.041341145833333336
0 0.3932291666666667 0.9557291666666666 0.04296875 0.036458333333333336
0 0.055653889973958336 0.4248046875 0.035176595052083336 0.033203125
0 0.763671875 0.8951822916666666 0.032552083333333336 0.032552083333333336
0 0.2703450520833333 0.5641276041666666 0.033528645833333336 0.037760416666666664
0 0.16178385416666666 0.4684244791666667 0.031901041666666664 0.0390625
0 0.14599609375 0.31982421875 0.0322265625 0.024739583333333332
0 0.8391927083333334 0.9654947916666666 0.026041666666666668 0.028645833333333332
0 0.4075520833333333 0.6184895833333334 0.031901041666666664 0.03125
0 0.0421142578125 0.24951171875 0.038655598958333336 0.026692708333333332
0 0.4641927083333333 0.8365885416666666 0.033203125 0.029947916666666668
0 0.21549479166666666 0.5485026041666666 0.0380859375 0.029947916666666668
0 0.023432413736979168 0.5611979166666666 0.034189860026041664 0.033203125
0 0.052571614583333336 0.5677083333333334 0.024007161458333332 0.031901041666666664
0 0.6256510416666666 0.5631510416666666 0.037109375 0.030598958333333332
0 0.1376953125 0.4680989583333333 0.02734375 0.029296875
0 0.9811197916666666 0.4622395833333333 0.024739583333333332 0.03125
0 0.3058268229166667 0.3818359375 0.037760416666666664 0.050130208333333336
0 0.138427734375 0.5670572916666666 0.032552083333333336 0.034505208333333336
0 0.3404134114583333 0.3444010416666667 0.021647135416666668 0.02734375
0 0.15779622395833334 0.5696614583333334 0.036295572916666664 0.041666666666666664
0 0.3443196614583333 0.751953125 0.043782552083333336 0.0234375
0 0.4290364583333333 0.3557942708333333 0.02734375 0.026041666666666668
0 0.97265625 0.4095052083333333 0.03125 0.024739583333333332
0 0.2762044270833333 0.833984375 0.026041666666666668 0.024739583333333332
0 0.13850911458333334 0.376953125 0.032063802083333336 0.029947916666666668
0 0.17447916666666666 0.3590494791666667 0.0234375 0.020182291666666668
0 0.4108072916666667 0.8170572916666666 0.024088541666666668 0.02734375
0 0.17154947916666666 0.84375 0.022786458333333332 0.026041666666666668
0 0.8658854166666666 0.9563802083333334 0.026041666666666668 0.02734375
0 0.36877264492753614 0.8012907608695651 0.020380434782608647 0.02264492753623178
