0 0.14689127604166666 0.9694010416666666 0.05126953125 0.041666666666666664
0 0.8248697916666666 0.8971354166666666 0.046875 0.03515625
0 0.892578125 0.4720052083333333 0.026041666666666668 0.04296875
0 0.3681640625 0.9622395833333334 0.041666666666666664 0.037760416666666664
0 0.18977864583333334 0.5341796875 0.035481770833333336 0.039713541666666664
0 0.5543619791666666 0.6650390625 0.039713541666666664 0.048828125
0 0.4860026041666667 0.8938802083333334 0.037760416666666664 0.041666666666666664
0 0.4752604166666667 0.962890625 0.0390625 0.04296875
0 0.24381510416666666 0.3932291666666667 0.038736979166666664 0.039713541666666664
0 0.2506510416666667 0.5377604166666666 0.036783854166666664 0.033203125
0 0.30615234375 0.9296875 0.038736979166666664 0.0390625
0 0.2750651041666667 0.4466145833333333 0.034830729166666664 0.041015625
0 0.8528645833333334 0.4892578125 0.024739583333333332 0.041015625
0 0.07082112630208333 0.76171875 0.0533447265625 0.041666666666666664
0 0.3860677083333333 0.40234375 0.037109375 0.041666666666666664
0 0.19840494791666666 0.4108072916666667 0.038736979166666664 0.041015625
0 0.4755859375 0.5953776041666666 0.045572916666666664 0.041015625
0 0.12443033854166667 0.7942708333333334 0.049641927083333336 0.057291666666666664
0 0.9329427083333334 0.44921875 0.032552083333333336 0.038411458333333336
0 0.15189615885416666 0.5302734375 0.033121744791666664 0.035807291666666664
0 0.455078125 0.9322916666666666 0.032552083333333336 0.036458333333333336
0 0.52734375 0.48046875 0.0390625 0.04296875
0 0.056437174479166664 0.927734375 0.040608723958333336 0.037760416666666664
0 0.341064453125 0.5891927083333334 0.035970052083333336 0.040364583333333336
0 0.1805419921875 0.4671223958333333 0.034749348958333336 0.044270833333333336
0 0.9518229166666666 0.4869791666666667 0.033854166666666664 0.03125
0 0.10498046875 0.9108072916666666 0.036458333333333336 0.04296875
0 0.017506917317708332 0.9283854166666666 0.031514485677083336 0.033854166666666664
0 0.20735677083333334 0.4801432291666667 0.032877604166666664 0.037109375
0 0.7545572916666666 0.93359375 0.0390625 0.04296875
0 0.2854817708333333 0.5546875 0.033854166666666664 0.037760416666666664
0 0.13444010416666666 0.4039713541666667 0.033528645833333336 0.038411458333333336
0 0.5732421875 0.4462890625 0.033203125 0.033854166666666664
0 0.5553385416666666 0.3671875 0.033203125 0.0234375
0 0.10514322916666667 0.556640625 0.033528645833333336 0.048177083333333336
0 0.3426920572916667 0.6376953125 0.029459635416666668 0.028645833333333332
0 0.4869791666666667 0.634765625 0.035807291666666664 0.035807291666666664
0 0.07169596354166667 0.5735677083333334 0.027669270833333332 0.040364583333333336
0 0.24072265625 0.4388020833333333 0.023763020833333332 0.041015625
0 0.4814453125 0.3339029947916667 0.032552083333333336 0.030110677083333332
0 0.4986979166666667 0.5198567708333334 0.044270833333333336 0.047526041666666664
0 0.22737630208333334 0.583984375 0.0361328125 0.044921875
0 0.08284505208333333 0.3356119791666667 0.033854166666666664 0.035807291666666664
0 0.2752278645833333 0.8001302083333334 0.029947916666666668 0.029947916666666668
0 0.4453125 0.3160807291666667 0.041015625 0.03125
0 0.8444010416666666 0.9817708333333334 0.028645833333333332 0.026041666666666668
0 0.021570841471354168 0.5634765625 0.030426025390625 0.033203125
0 0.0460205078125 0.5699869791666666 0.025309244791666668 0.041666666666666664
0 0.5791015625 0.666015625 0.026692708333333332 0.033854166666666664
0 0.7734375 0.9563802083333334 0.032552083333333336 0.029947916666666668
0 0.2991536458333333 0.4013671875 0.021484375 0.022135416666666668
0 0.3426920572916667 0.7584635416666666 0.024251302083333332 0.0234375
0 0.4283854166666667 0.8268229166666666 0.031901041666666664 0.029947916666666668
0 0.208984375 0.3319498697916667 0.031901041666666664 0.027506510416666668
0 0.4029947916666667 0.9860026041666666 0.025390625 0.027994791666666668
0 0.8984375 0.9615885416666666 0.020833333333333332 0.02734375
0 0.15641276041666666 0.45703125 0.0283203125 0.033854166666666664
0 0.1622314453125 0.5953776041666666 0.037516276041666664 0.034505208333333336
0 0.538284080615942 0.8343240489130435 0.04141191123188396 0.03583559782608692
0 0.4612630208333333 0.3720703125 0.024088541666666668 0.026692708333333332
0 0.3971354166666667 0.7428385416666666 0.03125 0.041666666666666664
0 0.21744791666666666 0.55859375 0.0244140625 0.029296875
0 0.3212890625 0.6875 0.026041666666666668 0.033854166666666664
0 0.759765625 0.3776041666666667 0.026041666666666668 0.024088541666666668
0 0.9921875 0.765625 0.015625 0.032552083333333336
0 0.4518229166666667 0.7591145833333334 0.020182291666666668 0.01953125
0 0.5693359375 0.5589192708333334 0.029947916666666668 0.024088541666666668
0 0.11458333333333333 0.5250651041666666 0.020182291666666668 0.021484375
0 0.814453125 0.7428385416666666 0.033854166666666664 0.036458333333333336
0 0.11897786458333333 0.3606770833333333 0.03369140625 0.038411458333333336
0 0.35631793478260865 0.8714900362318839 0.02264492753623193 0.024909420289855138
0 0.3268795289855072 0.8239356884057969 0.020380434782608647 0.018115942028985515
0 0.39764492753623176 0.85450634057971 0.019248188405797118 0.020380434782608575
