0 0.951171875 0.5602213541666666 0.041666666666666664 0.0390625
0 0.9518229166666666 0.4072265625 0.04296875 0.032552083333333336
0 0.708984375 0.08479817708333333 0.0390625 0.025716145833333332
0 0.6402994791666666 0.12532552083333334 0.0390625 0.04150390625
0 0.7057291666666666 0.20328776041666666 0.036458333333333336 0.02734375
0 0.25634765625 0.3098958333333333 0.037434895833333336 0.033528645833333336
0 0.4339192708333333 0.12467447916666667 0.042317708333333336 0.04052734375
0 0.6217447916666666 0.18912760416666666 0.028645833333333332 0.040690104166666664
0 0.6775716145833334 0.21956380208333334 0.031575520833333336 0.033203125
0 0.3896484375 0.30810546875 0.029296875 0.031575520833333336
0 0.23225911458333334 0.3935546875 0.025716145833333332 0.031901041666666664
0 0.67431640625 0.14103190104166666 0.0263671875 0.0244140625
0 0.26513671875 0.3550618489583333 0.032877604166666664 0.04443359375
0 0.4010416666666667 0.09393310546875 0.029947916666666668 0.0284423828125
0 0.3583984375 0.12882486979166666 0.033203125 0.038248697916666664
0 0.91796875 0.14860026041666666 0.022135416666666668 0.03125
0 0.3165690104166667 0.009638468424479166 0.0517578125 0.019276936848958332
0 0.9140625 0.2976888020833333 0.024739583333333332 0.020833333333333332
0 0.2667643229166667 0.046396891276041664 0.026041666666666668 0.02081298828125
0 0.890625 0.51171875 0.037760416666666664 0.037109375
0 0.9088541666666666 0.5403645833333334 0.041666666666666664 0.048828125
0 0.4029947916666667 0.13053385416666666 0.024088541666666668 0.027018229166666668
0 0.026570638020833332 0.29345703125 0.023640950520833332 0.026692708333333332
0 0.6396484375 0.24039713541666666 0.027994791666666668 0.021809895833333332
0 0.9498697916666666 0.2996419270833333 0.03515625 0.025716145833333332
0 0.21826171875 0.3792317708333333 0.023763020833333332 0.030598958333333332
0 0.880859375 0.283203125 0.028645833333333332 0.021809895833333332
0 0.4401041666666667 0.15071614583333334 0.026692708333333332 0.025716145833333332
0 0.5823567708333334 0.3486328125 0.021484375 0.02734375
0 0.802734375 0.20865885416666666 0.0234375 0.029296875
