0 0.7630208333333334 0.0396270751953125 0.037760416666666664 0.037607828776041664
0 0.474609375 0.7454427083333334 0.032552083333333336 0.044270833333333336
0 0.15787760416666666 0.051951090494791664 0.043619791666666664 0.061787923177083336
0 0.23893229166666666 0.4124348958333333 0.037434895833333336 0.03515625
0 0.4925130208333333 0.5341796875 0.037760416666666664 0.036458333333333336
0 0.11783854166666667 0.052480061848958336 0.042643229166666664 0.042012532552083336
0 0.9635416666666666 0.6256510416666666 0.0390625 0.034505208333333336
0 0.8118489583333334 0.022664388020833332 0.036458333333333336 0.0355224609375
0 0.095947265625 0.3372395833333333 0.048828125 0.048177083333333336
0 0.275390625 0.0111083984375 0.047526041666666664 0.022216796875
0 0.7154947916666666 0.5377604166666666 0.032552083333333336 0.03515625
0 0.392578125 0.3935546875 0.041666666666666664 0.03515625
0 0.6432291666666666 0.3997395833333333 0.033854166666666664 0.033203125
0 0.19449869791666666 0.01934814453125 0.037760416666666664 0.0386962890625
0 0.3645833333333333 0.4290364583333333 0.042317708333333336 0.041015625
0 0.2825520833333333 0.4606119791666667 0.040690104166666664 0.037109375
0 0.5494791666666666 0.0223846435546875 0.037109375 0.041086832682291664
0 0.3942057291666667 0.4482421875 0.033854166666666664 0.038411458333333336
0 0.4186197916666667 0.07240804036458333 0.045572916666666664 0.036824544270833336
0 0.5563151041666666 0.17740885416666666 0.03515625 0.039388020833333336
0 0.046071370442708336 0.2950846354166667 0.053202311197916664 0.0390625
0 0.7434895833333334 0.4036458333333333 0.036458333333333336 0.032552083333333336
0 0.4026692708333333 0.3285319010416667 0.034505208333333336 0.034993489583333336
0 0.4990234375 0.17578125 0.038411458333333336 0.041341145833333336
0 0.11083984375 0.13395182291666666 0.036783854166666664 0.034016927083333336
0 0.310546875 0.037267049153645836 0.0380859375 0.041269938151041664
0 0.17171223958333334 0.1171875 0.040364583333333336 0.029296875
0 0.9615885416666666 0.5179036458333334 0.03515625 0.03515625
0 0.3388671875 0.5081380208333334 0.037109375 0.03515625
0 0.07401529947916667 0.09942626953125 0.041748046875 0.044637044270833336
0 0.062093098958333336 0.4456380208333333 0.040608723958333336 0.03515625
0 0.22102864583333334 0.5182291666666666 0.024739583333333332 0.032552083333333336
0 0.3411458333333333 0.6018880208333334 0.028645833333333332 0.031901041666666664
0 0.3417154947916667 0.5472005208333334 0.025553385416666668 0.028645833333333332
0 0.7317708333333334 0.3723958333333333 0.037760416666666664 0.04296875
0 0.24918619791666666 0.16410319010416666 0.029296875 0.036051432291666664
0 0.6302083333333334 0.19645182291666666 0.025390625 0.030924479166666668
0 0.6110026041666666 0.5403645833333334 0.028645833333333332 0.030598958333333332
0 0.03643814599483203 0.11267562984496123 0.034318475452196386 0.03532784237726098
0 0.022822062174479168 0.4993489583333333 0.036631266276041664 0.033854166666666664
0 0.136474609375 0.15275065104166666 0.029459635416666668 0.033365885416666664
0 0.4039713541666667 0.708984375 0.027994791666666668 0.032552083333333336
0 0.2490234375 0.09171549479166667 0.038411458333333336 0.025227864583333332
0 0.5071614583333334 0.10319010416666667 0.033203125 0.02490234375
0 0.27587890625 0.20686848958333334 0.030924479166666668 0.027994791666666668
0 0.9192708333333334 0.6243489583333334 0.036458333333333336 0.030598958333333332
0 0.21435546875 0.13541666666666666 0.0302734375 0.035970052083333336
0 0.3141276041666667 0.2776692708333333 0.033203125 0.0263671875
0 0.18147786458333334 0.08170572916666667 0.0322265625 0.027669270833333332
0 0.4798177083333333 0.0216827392578125 0.040364583333333336 0.035410563151041664
0 0.4749348958333333 0.615234375 0.032552083333333336 0.036458333333333336
0 0.3896484375 0.15234375 0.046875 0.035807291666666664
0 0.2392578125 0.5618489583333334 0.034505208333333336 0.037109375
0 0.306640625 0.3831380208333333 0.023763020833333332 0.026041666666666668
0 0.4069010416666667 0.771484375 0.024088541666666668 0.04296875
0 0.9186197916666666 0.2921549479166667 0.028645833333333332 0.033528645833333336
0 0.3860677083333333 0.5654296875 0.035807291666666664 0.0234375
0 0.8509114583333334 0.05810546875 0.032552083333333336 0.0234375
0 0.4791666666666667 0.0599365234375 0.025390625 0.0283203125
0 0.9876302083333334 0.3180338541666667 0.0234375 0.023111979166666668
0 0.22184244791666666 0.16141764322916666 0.0322265625 0.039794921875
0 0.4095052083333333 0.17891438802083334 0.026041666666666668 0.036376953125
0 0.9036458333333334 0.323974609375 0.02734375 0.027180989583333332
0 0.9010416666666666 0.4085286458333333 0.0234375 0.021484375
0 0.4046223958333333 0.15767415364583334 0.032552083333333336 0.044677734375
0 0.13777669270833334 0.049346923828125 0.07763671875 0.042093912760416664
0 0.4189453125 0.5159505208333334 0.026692708333333332 0.03125
0 0.8708338380167958 0.06871265342377263 0.026945050064599425 0.024335836563307484
0 0.011153504521963823 0.11863057927567829 0.022307009043927645 0.03956781431686048
0 0.8756510416666666 0.296875 0.024739583333333332 0.027018229166666668
