0 0.4498697916666667 0.19498697916666666 0.044270833333333336 0.047526041666666664
0 0.5758463541666666 0.2750651041666667 0.052083333333333336 0.0556640625
0 0.927734375 0.18082682291666666 0.05078125 0.055989583333333336
0 0.4261067708333333 0.2638346354166667 0.044270833333333336 0.039713541666666664
0 0.697265625 0.15226236979166666 0.048177083333333336 0.052897135416666664
0 0.4886067708333333 0.2526041666666667 0.044921875 0.0517578125
0 0.6393229166666666 0.3154296875 0.044270833333333336 0.032877604166666664
0 0.8971354166666666 0.2633463541666667 0.040364583333333336 0.041015625
0 0.7565104166666666 0.3440755208333333 0.041666666666666664 0.040364583333333336
0 0.6315104166666666 0.13313802083333334 0.052083333333333336 0.056966145833333336
0 0.9186197916666666 0.06282552083333333 0.04296875 0.036295572916666664
0 0.75390625 0.18668619791666666 0.045572916666666664 0.0546875
0 0.658203125 0.018575032552083332 0.02734375 0.032999674479166664
0 0.3785807291666667 0.29443359375 0.03515625 0.0361328125
0 0.09000651041666667 0.666015625 0.030924479166666668 0.040364583333333336
0 0.4436848958333333 0.291015625 0.028645833333333332 0.03515625
0 0.7076822916666666 0.045084635416666664 0.0390625 0.036051432291666664
0 0.4169921875 0.7115885416666666 0.051432291666666664 0.06380208333333333
0 0.271484375 0.6305338541666666 0.038411458333333336 0.03515625
0 0.6927083333333334 0.5423177083333334 0.03515625 0.037109375
0 0.9661458333333334 0.147705078125 0.02734375 0.046712239583333336
0 0.65087890625 0.2731119791666667 0.0380859375 0.031575520833333336
0 0.9798177083333334 0.3444010416666667 0.02734375 0.02734375
0 0.17354329427083334 0.8483072916666666 0.047119140625 0.05078125
0 0.7513020833333334 0.4322916666666667 0.045572916666666664 0.033854166666666664
0 0.8626302083333334 0.21614583333333334 0.032552083333333336 0.037760416666666664
0 0.3655598958333333 0.6777918198529411 0.02018229166666674 0.04024969362745101
0 0.8951822916666666 0.07230631510416667 0.026041666666666668 0.039306640625
0 0.732421875 0.2801106770833333 0.024739583333333332 0.037434895833333336
0 0.4010416666666667 0.6593424479166666 0.037760416666666664 0.0341796875
0 0.2783203125 0.5641276041666666 0.027669270833333332 0.026041666666666668
0 0.9895833333333334 0.22005208333333334 0.01953125 0.029622395833333332
0 0.3971354166666667 0.892578125 0.037109375 0.03515625
0 0.123291015625 0.2849934895833333 0.026041666666666668 0.0263671875
0 0.4850260416666667 0.8268229166666666 0.03125 0.032552083333333336
0 0.3629557291666667 0.580078125 0.026041666666666668 0.029296875
0 0.12386067708333333 0.20182291666666666 0.025553385416666668 0.033528645833333336
0 0.3658854166666667 0.8333333333333334 0.032552083333333336 0.03515625
0 0.2740885416666667 0.7174479166666666 0.02734375 0.036458333333333336
0 0.11255600873161764 0.06745102826286764 0.04786592371323528 0.035517673866421566
0 0.2550455729166667 0.6512905943627452 0.022786458333333332 0.029296875000000073
0 0.6803385416666666 0.0182647705078125 0.0234375 0.035898844401041664
0 0.352682674632353 0.6892233455882352 0.023150275735294157 0.0382199754901961
0 0.5146484375 0.3035481770833333 0.026041666666666668 0.029296875
0 0.523016237745098 0.697399662990196 0.02297794117647071 0.03159466911764719
0 0.006280637254901948 0.1005284926470588 0.009574142156862772 0.02297794117647058
0 0.008195465686274495 0.14121859681372548 0.011488970588235281 0.02393535539215687
