0 0.650390625 0.728515625 0.0546875 0.061197916666666664
0 0.7864583333333334 0.7467447916666666 0.046875 0.045572916666666664
0 0.8828125 0.12060546875 0.0390625 0.04248046875
0 0.65673828125 0.5123697916666666 0.036783854166666664 0.036458333333333336
0 0.11319986979166667 0.3916015625 0.052897135416666664 0.048828125
0 0.5553385416666666 0.2819010416666667 0.035807291666666664 0.0341796875
0 0.3824869791666667 0.7213541666666666 0.041015625 0.037760416666666664
0 0.27392578125 0.15755208333333334 0.057942708333333336 0.039388020833333336
0 0.4664713541666667 0.23193359375 0.041666666666666664 0.038411458333333336
0 0.6341145833333334 0.8899739583333334 0.04296875 0.048177083333333336
0 0.2666015625 0.4010416666666667 0.0439453125 0.045572916666666664
0 0.9283854166666666 0.18994140625 0.04296875 0.045247395833333336
0 0.21614583333333334 0.3038736979166667 0.049153645833333336 0.0498046875
0 0.6324869791666666 0.626953125 0.040364583333333336 0.037760416666666664
0 0.3193359375 0.2805989583333333 0.041666666666666664 0.045247395833333336
0 0.8450520833333334 0.050740559895833336 0.0390625 0.040201822916666664
0 0.3779296875 0.8190104166666666 0.043619791666666664 0.0390625
0 0.7076822916666666 0.6619466145833334 0.052083333333333336 0.048502604166666664
0 0.38671875 0.17545572916666666 0.037109375 0.042317708333333336
0 0.423828125 0.12744140625 0.041666666666666664 0.05078125
0 0.09871419270833333 0.482421875 0.034016927083333336 0.036458333333333336
0 0.712890625 0.8131510416666666 0.036458333333333336 0.0390625
0 0.2537434895833333 0.19352213541666666 0.0390625 0.035481770833333336
0 0.4873046875 0.8138020833333334 0.040364583333333336 0.044270833333333336
0 0.4505208333333333 0.896484375 0.036458333333333336 0.044270833333333336
0 0.8795572916666666 0.2685546875 0.037760416666666664 0.033854166666666664
0 0.3443196614583333 0.7623697916666666 0.031412760416666664 0.040364583333333336
0 0.4381510416666667 0.79296875 0.044270833333333336 0.045572916666666664
0 0.5048828125 0.35546875 0.034505208333333336 0.032552083333333336
0 0.016866048177083332 0.4254557291666667 0.033732096354166664 0.050130208333333336
0 0.8411458333333334 0.7311197916666666 0.032552083333333336 0.037760416666666664
0 0.8040364583333334 0.7037760416666666 0.028645833333333332 0.041666666666666664
0 0.736328125 0.5218098958333334 0.03515625 0.03515625
0 0.95703125 0.1357421875 0.0390625 0.039876302083333336
0 0.9765625 0.343017578125 0.037760416666666664 0.034016927083333336
0 0.7174479166666666 0.029429117838541668 0.03515625 0.04254150390625
0 0.6067708333333334 0.20947265625 0.037760416666666664 0.038411458333333336
0 0.83984375 0.5432942708333334 0.046875 0.03515625
0 0.8352864583333334 0.3159993489583333 0.0390625 0.037272135416666664
0 0.16748046875 0.015543619791666666 0.044921875 0.031087239583333332
0 0.87890625 0.5908203125 0.041666666666666664 0.045572916666666664
0 0.4694010416666667 0.2688802083333333 0.030598958333333332 0.0322265625
0 0.9791666666666666 0.058024088541666664 0.041666666666666664 0.044840494791666664
0 0.4033203125 0.3201497395833333 0.03125 0.033528645833333336
0 0.3662109375 0.634765625 0.038411458333333336 0.037760416666666664
0 0.11417643229166667 0.2561848958333333 0.027180989583333332 0.026692708333333332
0 0.7493489583333334 0.4293619791666667 0.0390625 0.03515625
0 0.050048828125 0.255859375 0.031005859375 0.031901041666666664
0 0.912109375 0.0423583984375 0.036458333333333336 0.050699869791666664
0 0.9596354166666666 0.6383463541666666 0.0625 0.055989583333333336
0 0.0196533203125 0.07938639322916667 0.037556966145833336 0.047119140625
0 0.5094401041666666 0.689453125 0.035807291666666664 0.049479166666666664
0 0.9733072916666666 0.2918294270833333 0.03515625 0.037434895833333336
0 0.5319010416666666 0.024698893229166668 0.036458333333333336 0.025634765625
0 0.783203125 0.013081868489583334 0.02734375 0.026163736979166668
0 0.9453125 0.025370279947916668 0.03125 0.042032877604166664
0 0.09529622395833333 0.5787760416666666 0.030110677083333332 0.035807291666666664
0 0.9830729166666666 0.18013509114583334 0.028645833333333332 0.048258463541666664
0 0.21565755208333334 0.11360677083333333 0.032877604166666664 0.0380859375
0 0.5690104166666666 0.6875 0.041015625 0.0390625
0 0.105224609375 0.10343424479166667 0.037109375 0.03759765625
0 0.6529947916666666 0.4563802083333333 0.024739583333333332 0.024088541666666668
0 0.010060628255208334 0.8190104166666666 0.020121256510416668 0.044270833333333336
0 0.08286539713541667 0.046875 0.027303059895833332 0.034423828125
0 0.7180989583333334 0.16752115885416666 0.03515625 0.031168619791666668
0 0.21028645833333334 0.2643229166666667 0.02734375 0.0263671875
0 0.8723958333333334 0.047119140625 0.0234375 0.035888671875
0 0.4437177002583979 0.8202418443152455 0.03330910852713176 0.02927164082687339
0 0.5846354166666666 0.5856119791666666 0.036458333333333336 0.03515625
0 0.341552734375 0.6790364583333334 0.017415364583333332 0.01953125
0 0.97265625 0.026123046875 0.024739583333333332 0.044189453125
0 0.7526041666666666 0.06929524739583333 0.032552083333333336 0.023030598958333332
0 0.4293619791666667 0.0159454345703125 0.026692708333333332 0.024749755859375
0 0.15250651041666666 0.19303385416666666 0.027018229166666668 0.021809895833333332
0 0.939453125 0.15877278645833334 0.03125 0.02880859375
0 0.4827473958333333 0.7760416666666666 0.026692708333333332 0.032552083333333336
0 0.3587239583333333 0.458984375 0.022135416666666668 0.024088541666666668
0 0.6357421875 0.4309895833333333 0.03515625 0.0234375
0 0.955078125 0.2021484375 0.028645833333333332 0.031901041666666664
0 0.5478515625 0.3629557291666667 0.022135416666666668 0.026692708333333332
0 0.4811197916666667 0.004608154296875 0.022135416666666668 0.00921630859375
0 0.23470052083333334 0.685546875 0.026041666666666668 0.028645833333333332
0 0.21435546875 0.2734375 0.032877604166666664 0.032552083333333336
0 0.9075520833333334 0.118896484375 0.018229166666666668 0.03857421875
