0 0.3424479166666667 0.4423828125 0.038411458333333336 0.040364583333333336
0 0.13680013020833334 0.83203125 0.041178385416666664 0.037760416666666664
0 0.025634765625 0.7122395833333334 0.05126953125 0.040364583333333336
0 0.3720703125 0.87109375 0.03125 0.037760416666666664
0 0.2353515625 0.3678385416666667 0.041666666666666664 0.037760416666666664
0 0.6282552083333334 0.4313151041666667 0.045572916666666664 0.041015625
0 0.3759765625 0.4375 0.040364583333333336 0.043619791666666664
0 0.3958333333333333 0.3876953125 0.038411458333333336 0.029947916666666668
0 0.744140625 0.8522135416666666 0.041666666666666664 0.033854166666666664
0 0.3990885416666667 0.8287760416666666 0.046875 0.037760416666666664
0 0.12841796875 0.6848958333333334 0.039713541666666664 0.044270833333333336
0 0.3984375 0.5345052083333334 0.037760416666666664 0.036458333333333336
0 0.5345052083333334 0.5494791666666666 0.04296875 0.042317708333333336
0 0.3922526041666667 0.8899739583333334 0.040364583333333336 0.0390625
0 0.2392578125 0.841796875 0.046875 0.041666666666666664
0 0.1728515625 0.783203125 0.044596354166666664 0.040364583333333336
0 0.724609375 0.8216145833333334 0.045572916666666664 0.041666666666666664
0 0.28564453125 0.888671875 0.045247395833333336 0.040364583333333336
0 0.5699869791666666 0.4593098958333333 0.039713541666666664 0.04296875
0 0.2980143229166667 0.4817708333333333 0.037109375 0.037760416666666664
0 0.6240234375 0.5670572916666666 0.036458333333333336 0.037760416666666664
0 0.17561848958333334 0.716796875 0.042643229166666664 0.037760416666666664
0 0.21484375 0.4085286458333333 0.040690104166666664 0.040364583333333336
0 0.630859375 0.39453125 0.03515625 0.033203125
0 0.19352213541666666 0.3204752604166667 0.037760416666666664 0.0458984375
0 0.240234375 0.5201822916666666 0.025716145833333332 0.030598958333333332
0 0.3299153645833333 0.9348958333333334 0.0400390625 0.032552083333333336
0 0.4586588541666667 0.7721354166666666 0.033203125 0.02734375
0 0.22086588541666666 0.9720052083333334 0.037760416666666664 0.040364583333333336
0 0.4052734375 0.7454427083333334 0.029296875 0.026041666666666668
0 0.18782552083333334 0.4059244791666667 0.030598958333333332 0.0390625
0 0.17138671875 0.5074869791666666 0.033854166666666664 0.034505208333333336
0 0.22737630208333334 0.4557291666666667 0.034830729166666664 0.034505208333333336
0 0.9225260416666666 0.3821614583333333 0.0234375 0.042317708333333336
0 0.06380208333333333 0.6409505208333334 0.03125 0.029947916666666668
0 0.8268229166666666 0.90625 0.033854166666666664 0.03125
0 0.1376953125 0.3857421875 0.028483072916666668 0.029947916666666668
0 0.6687825520833334 0.3912760416666667 0.0322265625 0.029296875
0 0.2796223958333333 0.7174479166666666 0.029947916666666668 0.028645833333333332
0 0.8828125 0.4072265625 0.032552083333333336 0.028645833333333332
0 0.0229034423828125 0.8151041666666666 0.036468505859375 0.037760416666666664
0 0.041880289713541664 0.439453125 0.032124837239583336 0.03515625
0 0.15543619791666666 0.4039713541666667 0.037434895833333336 0.032552083333333336
0 0.9583333333333334 0.7252604166666666 0.029947916666666668 0.036458333333333336
0 0.0675048828125 0.8671875 0.038492838541666664 0.036458333333333336
0 0.28369140625 0.79296875 0.032552083333333336 0.029947916666666668
0 0.7578125 0.9342447916666666 0.026041666666666668 0.03125
0 0.107421875 0.44921875 0.0341796875 0.03515625
0 0.3564453125 0.3035481770833333 0.029296875 0.027018229166666668
0 0.07231893219073 0.45303920381136953 0.023118918564276465 0.024820332687338558
0 0.2840169270833333 0.3157552083333333 0.0302734375 0.034505208333333336
0 0.3317057291666667 0.9635416666666666 0.031901041666666664 0.02734375
0 0.11580403645833333 0.4290364583333333 0.029134114583333332 0.034505208333333336
0 0.1759033203125 0.3590494791666667 0.021565755208333332 0.025390625
0 0.9830729166666666 0.67724609375 0.022135416666666668 0.027018229166666668
0 0.3262532552083333 0.22493489583333334 0.029134114583333332 0.0283203125
0 0.018076815346414716 0.43667484253875966 0.025858088057170565 0.021181564922480616
0 0.724609375 0.9485677083333334 0.026041666666666668 0.028645833333333332
0 0.3326009114583333 0.65576171875 0.02685546875 0.021809895833333332
0 0.4309895833333333 0.74609375 0.020833333333333332 0.032552083333333336
0 0.3402506510416667 0.7643229166666666 0.033040364583333336 0.0390625
0 0.324951171875 0.5065104166666666 0.02978515625 0.03125
0 0.15596516927083334 0.482421875 0.027262369791666668 0.030598958333333332
0 0.11751302083333333 0.8125 0.0244140625 0.03125
0 0.4251302083333333 0.74609375 0.025390625 0.022135416666666668
0 0.900390625 0.3935546875 0.0234375 0.026692708333333332
0 0.5859375 0.8919270833333334 0.030598958333333332 0.01953125
0 0.2682291666666667 0.5348307291666666 0.025390625 0.036458333333333336
0 0.06608956112726096 0.43139963864664077 0.020946887112403112 0.022743560239018096
0 0.029429117838541668 0.876953125 0.035542805989583336 0.024739583333333332
0 0.21175130208333334 0.2937825520833333 0.0234375 0.0322265625
0 0.4680989583333333 0.3479817708333333 0.027994791666666668 0.037760416666666664
