0 0.033945719401041664 0.806640625 0.04815673828125 0.049479166666666664
0 0.302734375 0.4775390625 0.035807291666666664 0.038411458333333336
0 0.484375 0.5540364583333334 0.044921875 0.048177083333333336
0 0.3447265625 0.3763020833333333 0.04296875 0.037109375
0 0.2830403645833333 0.599609375 0.040690104166666664 0.039713541666666664
0 0.7265625 0.8697916666666666 0.037760416666666664 0.040364583333333336
0 0.0770263671875 0.919921875 0.042887369791666664 0.041666666666666664
0 0.20458984375 0.9309895833333334 0.042643229166666664 0.040364583333333336
0 0.4889322916666667 0.625 0.033203125 0.0390625
0 0.7734375 0.4840494791666667 0.045572916666666664 0.038411458333333336
0 0.3896484375 0.9420572916666666 0.034505208333333336 0.037760416666666664
0 0.1571044921875 0.5211588541666666 0.042561848958333336 0.039713541666666664
0 0.15641276041666666 0.923828125 0.046875 0.041666666666666664
0 0.8782552083333334 0.4055989583333333 0.037760416666666664 0.041015625
0 0.23421223958333334 0.5341796875 0.0400390625 0.046223958333333336
0 0.6730143229166666 0.9342447916666666 0.035481770833333336 0.036458333333333336
0 0.5445963541666666 0.9837239583333334 0.04296875 0.032552083333333336
0 0.22054036458333334 0.31884765625 0.039713541666666664 0.0341796875
0 0.392578125 0.8958333333333334 0.041666666666666664 0.037760416666666664
0 0.482421875 0.4401041666666667 0.040364583333333336 0.042317708333333336
0 0.2861328125 0.9407552083333334 0.0380859375 0.037760416666666664
0 0.3818359375 0.148193359375 0.037109375 0.04248046875
0 0.3961588541666667 0.5888671875 0.043619791666666664 0.041666666666666664
0 0.8444010416666666 0.4205729166666667 0.028645833333333332 0.036458333333333336
0 0.19547526041666666 0.4391276041666667 0.0380859375 0.046223958333333336
0 0.228515625 0.5986328125 0.032552083333333336 0.039713541666666664
0 0.4085286458333333 0.10563151041666667 0.036458333333333336 0.038248697916666664
0 0.19124348958333334 0.5413411458333334 0.042643229166666664 0.044921875
0 0.3987630208333333 0.8326822916666666 0.036458333333333336 0.029947916666666668
0 0.17220052083333334 0.4694010416666667 0.044270833333333336 0.033854166666666664
0 0.4951171875 0.3951822916666667 0.026692708333333332 0.038411458333333336
0 0.16251627604166666 0.4313151041666667 0.037923177083333336 0.046875
0 0.07611083984375 0.3958333333333333 0.026163736979166668 0.040364583333333336
0 0.08121744791666667 0.8294270833333334 0.045247395833333336 0.045572916666666664
0 0.2775065104166667 0.15885416666666666 0.029947916666666668 0.037760416666666664
0 0.068115234375 0.5719401041666666 0.03271484375 0.037760416666666664
0 0.328125 0.41796875 0.027994791666666668 0.037760416666666664
0 0.16251627604166666 0.3743489583333333 0.03173828125 0.037760416666666664
0 0.5862630208333334 0.6334635416666666 0.033854166666666664 0.041666666666666664
0 0.17399088541666666 0.16373697916666666 0.032552083333333336 0.032552083333333336
0 0.1972126332364341 0.404464682251292 0.033748183139534836 0.04525748950258398
0 0.3505859375 0.1171875 0.036458333333333336 0.043294270833333336
0 0.23746744791666666 0.8098958333333334 0.031575520833333336 0.03515625
0 0.3951822916666667 0.5126953125 0.035807291666666664 0.035807291666666664
0 0.3496907552083333 0.4479166666666667 0.033040364583333336 0.034505208333333336
0 0.07940673828125 0.5403645833333334 0.035196940104166664 0.032552083333333336
0 0.5374348958333334 0.4059244791666667 0.033203125 0.037760416666666664
0 0.6194661458333334 0.39453125 0.030598958333333332 0.039713541666666664
0 0.06746419270833333 0.18619791666666666 0.02783203125 0.036783854166666664
0 0.12239583333333333 0.533203125 0.038899739583333336 0.03515625
0 0.1695556640625 0.5846354166666666 0.028076171875 0.035807291666666664
0 0.5927734375 0.3870442708333333 0.030598958333333332 0.03515625
0 0.4264322916666667 0.4912109375 0.038411458333333336 0.034505208333333336
0 0.17203776041666666 0.251953125 0.034830729166666664 0.0302734375
0 0.3642578125 0.92578125 0.040364583333333336 0.037760416666666664
0 0.4466145833333333 0.20654296875 0.02734375 0.028971354166666668
0 0.8138020833333334 0.4287109375 0.028645833333333332 0.03125
0 0.0433349609375 0.4052734375 0.031412760416666664 0.041666666666666664
0 0.5709635416666666 0.9231770833333334 0.036458333333333336 0.033854166666666664
0 0.4352213541666667 0.1845703125 0.03125 0.033528645833333336
0 0.13020833333333334 0.4108072916666667 0.036946614583333336 0.037760416666666664
0 0.030390421549479168 0.5758463541666666 0.030202229817708332 0.035807291666666664
0 0.5501302083333334 0.21761067708333334 0.036458333333333336 0.041666666666666664
0 0.116455078125 0.3665364583333333 0.040364583333333336 0.029947916666666668
0 0.3802083333333333 0.3489583333333333 0.028645833333333332 0.033854166666666664
0 0.2565104166666667 0.6435546875 0.025390625 0.02734375
0 0.9239921471253231 0.14926896600452197 0.03092195574935408 0.02372769299095608
0 0.2799479166666667 0.671875 0.0302734375 0.02734375
0 0.4290364583333333 0.12972005208333334 0.02734375 0.033854166666666664
0 0.10709635416666667 0.18912760416666666 0.033203125 0.035807291666666664
0 0.474609375 0.104736328125 0.022135416666666668 0.02685546875
0 0.2584635416666667 0.5706380208333334 0.029296875 0.0234375
0 0.8541666666666666 0.5 0.029947916666666668 0.031901041666666664
0 0.0386962890625 0.19661458333333334 0.024332682291666668 0.030598958333333332
0 0.212890625 0.26123046875 0.025065104166666668 0.0341796875
0 0.9765625 0.4563802083333333 0.03515625 0.037760416666666664
0 0.779296875 0.4501953125 0.02734375 0.02734375
0 0.626953125 0.3115234375 0.0390625 0.025065104166666668
0 0.2838541666666667 0.822265625 0.026041666666666668 0.029947916666666668
0 0.6442057291666666 0.2677408854166667 0.028645833333333332 0.03515625
0 0.4947916666666667 0.5234375 0.033203125 0.026692708333333332
0 0.029652913411458332 0.22119140625 0.026468912760416668 0.031901041666666664
0 0.8326822916666666 0.9368489583333334 0.03125 0.028645833333333332
0 0.0150146484375 0.5651041666666666 0.028361002604166668 0.034505208333333336
0 0.5869140625 0.4225260416666667 0.031901041666666664 0.027994791666666668
0 0.4088541666666667 0.26806640625 0.0234375 0.026041666666666668
0 0.23046875 0.24088541666666666 0.027994791666666668 0.030924479166666668
0 0.10538736979166667 0.18961588541666666 0.029459635416666668 0.015299479166666666
0 0.8255208333333334 0.23763020833333334 0.02734375 0.036783854166666664
0 0.1240234375 0.6028645833333334 0.022135416666666668 0.03515625
0 0.010579427083333334 0.3919270833333333 0.021158854166666668 0.035807291666666664
0 0.32080078125 0.2716471354166667 0.024088541666666668 0.0224609375
0 0.6953125 0.2998046875 0.026041666666666668 0.023111979166666668
0 0.12337239583333333 0.3388671875 0.02978515625 0.026692708333333332
0 0.4095052083333333 0.6136067708333334 0.028645833333333332 0.040364583333333336
0 0.2442529170704134 0.46804596656976744 0.03252937257751939 0.03518148417312661
0 0.4873046875 0.22688802083333334 0.024088541666666668 0.022786458333333332
0 0.0099945068359375 0.21240234375 0.019989013671875 0.025065104166666668
0 0.09676106770833333 0.5944010416666666 0.027018229166666668 0.029947916666666668
0 0.4837239583333333 0.17203776041666666 0.026041666666666668 0.025390625
0 0.14420572916666666 0.45885820413436695 0.035807291666666664 0.035807291666666664
0 0.5888671875 0.404296875 0.029296875 0.056640625
0 0.3837890625 0.21142578125 0.01953125 0.022135416666666668
0 0.974609375 0.5660807291666666 0.0234375 0.021484375
0 0.3483072916666667 0.337890625 0.021484375 0.030598958333333332
0 0.9931640625 0.24235026041666666 0.013671875 0.037109375
0 0.047444661458333336 0.5595703125 0.033284505208333336 0.02734375
0 0.2746487403100775 0.47201025516795864 0.03431847545219635 0.0373465762273902
