0 0.02294921875 0.6070963541666666 0.0458984375 0.044921875
0 0.513671875 0.3079427083333333 0.044270833333333336 0.041666666666666664
0 0.4098307291666667 0.3413899739583333 0.03515625 0.039876302083333336
0 0.23958333333333334 0.7233072916666666 0.044921875 0.048177083333333336
0 0.18831380208333334 0.3500162760416667 0.041666666666666664 0.040852864583333336
0 0.2646484375 0.3450520833333333 0.040364583333333336 0.044921875
0 0.19954427083333334 0.23388671875 0.037109375 0.0361328125
0 0.8802083333333334 0.2294921875 0.033854166666666664 0.035807291666666664
0 0.15543619791666666 0.24332682291666666 0.045247395833333336 0.0439453125
0 0.1527099609375 0.888671875 0.042561848958333336 0.041666666666666664
0 0.13720703125 0.7180989583333334 0.04150390625 0.0390625
0 0.3639322916666667 0.7740885416666666 0.038411458333333336 0.037760416666666664
0 0.19596354166666666 0.2692057291666667 0.0361328125 0.038736979166666664
0 0.17525227864583334 0.6057942708333334 0.042073567708333336 0.051432291666666664
0 0.4176432291666667 0.3050130208333333 0.038411458333333336 0.033854166666666664
0 0.24007161458333334 0.8841145833333334 0.042317708333333336 0.03515625
0 0.131103515625 0.5638020833333334 0.048502604166666664 0.043619791666666664
0 0.10929361979166667 0.3675130208333333 0.040201822916666664 0.040364583333333336
0 0.11678059895833333 0.17919921875 0.03466796875 0.0380859375
0 0.16239420572916666 0.4095052083333333 0.039143880208333336 0.03515625
0 0.841796875 0.23030598958333334 0.03125 0.0322265625
0 0.8203125 0.2604166666666667 0.0390625 0.041015625
0 0.5719401041666666 0.4186197916666667 0.038411458333333336 0.041666666666666664
0 0.4020182291666667 0.7369791666666666 0.037760416666666664 0.04296875
0 0.1527099609375 0.3234049479166667 0.040934244791666664 0.041341145833333336
0 0.67578125 0.869140625 0.037760416666666664 0.028645833333333332
0 0.2373046875 0.3802083333333333 0.0361328125 0.046875
0 0.4645182291666667 0.130859375 0.03515625 0.039713541666666664
0 0.7858072916666666 0.2718098958333333 0.029947916666666668 0.039388020833333336
0 0.19775390625 0.107666015625 0.041666666666666664 0.041666666666666664
0 0.4013671875 0.77734375 0.034505208333333336 0.032552083333333336
0 0.3515625 0.24137369791666666 0.037760416666666664 0.038411458333333336
0 0.4742838541666667 0.759765625 0.036458333333333336 0.037760416666666664
0 0.7493489583333334 0.6731770833333334 0.040364583333333336 0.036458333333333336
0 0.12019856770833333 0.8665364583333334 0.032877604166666664 0.032552083333333336
0 0.2825520833333333 0.732421875 0.034830729166666664 0.036458333333333336
0 0.07088216145833333 0.3948567708333333 0.030436197916666668 0.041015625
0 0.2677408854166667 0.4049479166666667 0.033854166666666664 0.031901041666666664
0 0.7604166666666666 0.7005208333333334 0.037760416666666664 0.037760416666666664
0 0.5537109375 0.22281901041666666 0.032552083333333336 0.032877604166666664
0 0.040252685546875 0.87109375 0.039774576822916664 0.033854166666666664
0 0.7447916666666666 0.7740885416666666 0.028645833333333332 0.029947916666666668
0 0.07497151692708333 0.21907552083333334 0.032023111979166664 0.039713541666666664
0 0.884765625 0.2898763020833333 0.03125 0.0322265625
0 0.15498860677083334 0.11604817708333333 0.036051432291666664 0.029134114583333332
0 0.4990234375 0.4147135416666667 0.037109375 0.041666666666666664
0 0.043986002604166664 0.3896484375 0.0263671875 0.034505208333333336
0 0.6552734375 0.11165364583333333 0.031901041666666664 0.03271484375
0 0.4029947916666667 0.9166666666666666 0.037760416666666664 0.041666666666666664
0 0.6015625 0.20882161458333334 0.031901041666666664 0.0302734375
0 0.2858072916666667 0.9401041666666666 0.0302734375 0.026041666666666668
0 0.4137369791666667 0.019978841145833332 0.02734375 0.034261067708333336
0 0.3131510416666667 0.19384765625 0.038411458333333336 0.036458333333333336
0 0.07920328776041667 0.18766276041666666 0.027140299479166668 0.033854166666666664
0 0.11452110140931371 0.2974398743872549 0.019789751838235354 0.024414062500000038
0 0.037027994791666664 0.2599283854166667 0.028238932291666668 0.037109375
0 0.17708333333333334 0.039540608723958336 0.03125 0.034037272135416664
0 0.4661458333333333 0.8645833333333334 0.037109375 0.036458333333333336
0 0.05615234375 0.09212239583333333 0.034342447916666664 0.027506510416666668
0 0.5104166666666666 0.2693684895833333 0.029947916666666668 0.031901041666666664
0 0.037506103515625 0.720703125 0.032246907552083336 0.028645833333333332
0 0.83203125 0.7591145833333334 0.029947916666666668 0.03515625
0 0.7513020833333334 0.9166666666666666 0.028645833333333332 0.040364583333333336
0 0.012481689453125 0.24739583333333334 0.02496337890625 0.035807291666666664
0 0.4248046875 0.4000651041666667 0.033203125 0.032552083333333336
0 0.0269775390625 0.12744140625 0.025146484375 0.04345703125
0 0.06575520833333333 0.73046875 0.022216796875 0.0390625
0 0.012410481770833334 0.3889973958333333 0.024820963541666668 0.045572916666666664
0 0.041015625 0.24137369791666666 0.023111979166666668 0.031575520833333336
0 0.12060546875 0.331298828125 0.028971354166666668 0.026204427083333332
0 0.5608723958333334 0.25048828125 0.026692708333333332 0.03125
0 0.4801432291666667 0.044921875 0.025390625 0.023193359375
0 0.2999674479166667 0.6038411458333334 0.025065104166666668 0.032552083333333336
0 0.908203125 0.9615885416666666 0.029947916666666668 0.029947916666666668
0 0.6044347426470589 0.31862745098039214 0.03515625 0.026041666666666668
0 0.077392578125 0.2568359375 0.024251302083333332 0.029296875
0 0.4850260416666667 0.6746419270833334 0.022135416666666668 0.0244140625
0 0.061767578125 0.54296875 0.034586588541666664 0.031901041666666664
0 0.3824869791666667 0.6507161458333334 0.026692708333333332 0.025390625
0 0.15478515625 0.6861979166666666 0.024739583333333332 0.028645833333333332
0 0.9361979166666666 0.8736979166666666 0.036458333333333336 0.03125
0 0.4895833333333333 0.916015625 0.021484375 0.032552083333333336
0 0.3606770833333333 0.5494791666666666 0.026692708333333332 0.022786458333333332
0 0.259765625 0.9498697916666666 0.0302734375 0.01953125
0 0.2801106770833333 0.6067708333333334 0.0263671875 0.029296875
0 0.25390625 0.041656494140625 0.021484375 0.028340657552083332
0 0.8541666666666666 0.2794596354166667 0.02734375 0.0380859375
0 0.4713541666666667 0.08894856770833333 0.021484375 0.0263671875
0 0.2216796875 0.3515625 0.0302734375 0.033854166666666664
0 0.8359375 0.23828125 0.029947916666666668 0.03515625
0 0.3483072916666667 0.5768229166666666 0.021484375 0.0234375
0 0.2672526041666667 0.013051350911458334 0.030598958333333332 0.026102701822916668
0 0.13830805759803919 0.2958218443627451 0.030292585784313708 0.030522365196078427
0 0.2664388020833333 0.912109375 0.029947916666666668 0.022135416666666668
0 0.11221852022058822 0.25440410539215685 0.02885646446078431 0.036764705882352845
0 0.10271139705882353 0.2670419730392157 0.01723345588235296 0.019148284313725505
