0 0.11686197916666667 0.8971354166666666 0.0419921875 0.03515625
0 0.14713541666666666 0.7923177083333334 0.033528645833333336 0.03515625
0 0.08512369791666667 0.9381510416666666 0.043782552083333336 0.044270833333333336
0 0.7298732235142119 0.33170825258397935 0.03028100775193791 0.04138404392764853
0 0.7944727067183462 0.3741016634366925 0.022206072351421174 0.025234173126615023
0 0.7742853682170542 0.5931342861757106 0.026243540051679542 0.03936531007751939
0 0.7853884043927648 0.6415838985788114 0.026243540051679542 0.027252906976744207
0 0.18027293281653745 0.713248950258398 0.02523417312661495 0.02927164082687339
0 0.15857154392764858 0.5007772125322997 0.03431847545219643 0.030281007751937983
0 0.16260901162790695 0.47201025516795864 0.022206072351421174 0.023215439276485766
0 0.9352793927648578 0.8939256298449613 0.02927164082687339 0.03532784237726094
0 0.04602713178294574 0.4664587370801034 0.03532784237726102 0.022206072351421174
