0 0.155517578125 0.7467447916666666 0.043782552083333336 0.041666666666666664
0 0.7421875 0.6614583333333334 0.040364583333333336 0.03515625
0 0.09318033854166667 0.6129557291666666 0.050618489583333336 0.056640625
0 0.24397786458333334 0.626953125 0.041341145833333336 0.036458333333333336
0 0.458984375 0.857421875 0.0390625 0.03515625
0 0.7298177083333334 0.6298828125 0.045572916666666664 0.043619791666666664
0 0.2819010416666667 0.79296875 0.045247395833333336 0.03515625
0 0.439453125 0.2783203125 0.046223958333333336 0.043294270833333336
0 0.5045572916666666 0.3968098958333333 0.039713541666666664 0.04296875
0 0.2535807291666667 0.3519694010416667 0.038411458333333336 0.03759765625
0 0.23714192708333334 0.73828125 0.0439453125 0.037760416666666664
0 0.3974609375 0.7194010416666666 0.046223958333333336 0.041666666666666664
0 0.046600341796875 0.5826822916666666 0.047749837239583336 0.046223958333333336
0 0.2648111979166667 0.4381510416666667 0.0400390625 0.045572916666666664
0 0.1875 0.2685546875 0.038411458333333336 0.0322265625
0 0.1566162109375 0.24137369791666666 0.039957682291666664 0.0380859375
0 0.5 0.271484375 0.041015625 0.033854166666666664
0 0.3958333333333333 0.775390625 0.0390625 0.0390625
0 0.06540934244791667 0.7180989583333334 0.039591471354166664 0.033854166666666664
0 0.08416748046875 0.094970703125 0.039021809895833336 0.033528645833333336
0 0.09254964192708333 0.22542317708333334 0.027140299479166668 0.026692708333333332
0 0.3688151041666667 0.7571614583333334 0.037109375 0.03125
0 0.8352864583333334 0.7779947916666666 0.032552083333333336 0.03515625
0 0.3290201822916667 0.18440755208333334 0.041178385416666664 0.034830729166666664
0 0.171875 0.666015625 0.028645833333333332 0.03515625
0 0.58203125 0.470703125 0.040364583333333336 0.037760416666666664
0 0.6736653645833334 0.6888020833333334 0.035481770833333336 0.037760416666666664
0 0.119384765625 0.3505859375 0.03662109375 0.038411458333333336
0 0.12003580729166667 0.7220052083333334 0.042154947916666664 0.0390625
0 0.18994140625 0.3441569010416667 0.0341796875 0.03564453125
0 0.20247395833333334 0.3815104166666667 0.041341145833333336 0.04296875
0 0.412109375 0.380859375 0.032552083333333336 0.033854166666666664
0 0.7708333333333334 0.21484375 0.029947916666666668 0.0283203125
0 0.8333333333333334 0.2060546875 0.037760416666666664 0.031575520833333336
0 0.7623697916666666 0.806640625 0.037760416666666664 0.03515625
0 0.97265625 0.9830729166666666 0.033854166666666664 0.02734375
0 0.27685546875 0.4977213541666667 0.029622395833333332 0.029296875
0 0.67236328125 0.81640625 0.0302734375 0.033854166666666664
0 0.11417643229166667 0.41015625 0.029134114583333332 0.022786458333333332
0 0.9700520833333334 0.357421875 0.02734375 0.022135416666666668
0 0.4143880208333333 0.4388020833333333 0.044270833333333336 0.046223958333333336
0 0.2412109375 0.4176432291666667 0.028645833333333332 0.027994791666666668
0 0.4671223958333333 0.6790364583333334 0.031901041666666664 0.029947916666666668
0 0.4127604166666667 0.3522135416666667 0.035807291666666664 0.031901041666666664
0 0.1580810546875 0.3330891927083333 0.041910807291666664 0.048014322916666664
0 0.84375 0.23502604166666666 0.028645833333333332 0.026692708333333332
0 0.7024739583333334 0.8841145833333334 0.032552083333333336 0.029947916666666668
0 0.4957682291666667 0.4609375 0.031901041666666664 0.037109375
0 0.07523600260416667 0.3942057291666667 0.040608723958333336 0.0234375
0 0.4733072916666667 0.91015625 0.027994791666666668 0.03515625
0 0.380859375 0.12687174479166666 0.03515625 0.035970052083333336
0 0.036427815755208336 0.16129557291666666 0.02691650390625 0.032877604166666664
0 0.07303873697916667 0.4264322916666667 0.031494140625 0.034505208333333336
0 0.21923828125 0.3463541666666667 0.033854166666666664 0.03515625
0 0.3971354166666667 0.6416015625 0.033854166666666664 0.038411458333333336
0 0.14933268229166666 0.2897135416666667 0.028157552083333332 0.036458333333333336
0 0.3912760416666667 0.9029947916666666 0.029296875 0.028645833333333332
0 0.5804036458333334 0.7942708333333334 0.026692708333333332 0.0390625
0 0.724609375 0.73828125 0.024739583333333332 0.022135416666666668
0 0.4147135416666667 0.4791666666666667 0.024088541666666668 0.030598958333333332
0 0.3092447916666667 0.8255208333333334 0.026041666666666668 0.032552083333333336
0 0.216796875 0.896484375 0.027994791666666668 0.026041666666666668
0 0.19108072916666666 0.20458984375 0.0302734375 0.028971354166666668
0 0.07899983723958333 0.14200846354166666 0.0350341796875 0.026692708333333332
0 0.3440755208333333 0.20947265625 0.030598958333333332 0.027669270833333332
0 0.3207194010416667 0.853515625 0.029134114583333332 0.02734375
0 0.6907552083333334 0.13541666666666666 0.022135416666666668 0.028645833333333332
0 0.5823567708333334 0.16581217447916666 0.033854166666666664 0.022216796875
0 0.040283203125 0.131103515625 0.022705078125 0.02294921875
0 0.86328125 0.7864583333333334 0.033854166666666664 0.022135416666666668
0 0.10701497395833333 0.18196614583333334 0.019694010416666668 0.0283203125
0 0.041005452473958336 0.7669270833333334 0.034037272135416664 0.046875
0 0.4036458333333333 0.16243489583333334 0.02734375 0.025716145833333332
0 0.3131510416666667 0.9153645833333334 0.0244140625 0.029947916666666668
0 0.3372395833333333 0.67822265625 0.026692708333333332 0.0263671875
0 0.6119791666666666 0.11954752604166667 0.026692708333333332 0.027506510416666668
0 0.008405049641927084 0.14912923177083334 0.013707478841145834 0.038655598958333336
0 0.98828125 0.17529296875 0.018229166666666668 0.032877604166666664
0 0.2903645833333333 0.5794270833333334 0.0224609375 0.030598958333333332
0 0.07112630208333333 0.595703125 0.06819661458333333 0.055989583333333336
0 0.9915364583333334 0.22867838541666666 0.015625 0.0302734375
0 0.9654947916666666 0.2255859375 0.024739583333333332 0.026041666666666668
0 0.11318409843346251 0.37913335755813954 0.027669270833333332 0.029947916666666668
0 0.039970930232558134 0.4311308947028423 0.0232154392764858 0.030281007751937983
0 0.02432574289405683 0.4316355781653747 0.02018733850129199 0.019177971576227398
0 0.007166505167958655 0.4205325419896641 0.012112403100775179 0.02119670542635658
0 0.6269177971576227 0.8126715923772609 0.03229974160206724 0.038355943152454795
