0 0.751953125 0.2649739583333333 0.0390625 0.037109375
0 0.4759114583333333 0.2613932291666667 0.040364583333333336 0.044921875
0 0.07242838541666667 0.83984375 0.047688802083333336 0.048177083333333336
0 0.15763346354166666 0.7337239583333334 0.05322265625 0.040364583333333336
0 0.8893229166666666 0.732421875 0.040364583333333336 0.046875
0 0.8274739583333334 0.828125 0.044270833333333336 0.045572916666666664
0 0.4557291666666667 0.3043619791666667 0.039713541666666664 0.04296875
0 0.07767740885416667 0.5979817708333334 0.052327473958333336 0.052083333333333336
0 0.165771484375 0.20377604166666666 0.04931640625 0.056640625
0 0.4977213541666667 0.2947591145833333 0.0390625 0.0458984375
0 0.703125 0.2683919270833333 0.046875 0.048828125
0 0.3701171875 0.7220052083333334 0.0390625 0.046875
0 0.16650390625 0.2841796875 0.0390625 0.041015625
0 0.2727864583333333 0.2810872395833333 0.0478515625 0.039388020833333336
0 0.07716878255208333 0.3509114583333333 0.040323893229166664 0.041015625
0 0.12296549479166667 0.19124348958333334 0.0400390625 0.036783854166666664
0 0.5764973958333334 0.7825520833333334 0.037760416666666664 0.0390625
0 0.837890625 0.96484375 0.037760416666666664 0.036458333333333336
0 0.2623697916666667 0.3935546875 0.034830729166666664 0.035807291666666664
0 0.4840494791666667 0.9140625 0.050130208333333336 0.057291666666666664
0 0.4114583333333333 0.3260904947916667 0.026692708333333332 0.033365885416666664
0 0.8704427083333334 0.6927083333333334 0.03515625 0.05078125
0 0.4016927083333333 0.6829427083333334 0.038411458333333336 0.037760416666666664
0 0.6197916666666666 0.7337239583333334 0.036458333333333336 0.03515625
0 0.17447916666666666 0.24576822916666666 0.046223958333333336 0.04296875
0 0.4046223958333333 0.3834635416666667 0.041666666666666664 0.048177083333333336
0 0.14143880208333334 0.3019205729166667 0.04296875 0.0517578125
0 0.12589518229166666 0.3824869791666667 0.035807291666666664 0.040364583333333336
0 0.23714192708333334 0.857421875 0.039713541666666664 0.033854166666666664
0 0.050048828125 0.705078125 0.030680338541666668 0.028645833333333332
0 0.23958333333333334 0.7200520833333334 0.044921875 0.029947916666666668
0 0.319091796875 0.302734375 0.03369140625 0.039388020833333336
0 0.6324869791666666 0.3932291666666667 0.029296875 0.026692708333333332
0 0.7708333333333334 0.3092447916666667 0.028645833333333332 0.028645833333333332
0 0.2547200520833333 0.5934244791666666 0.03125 0.03125
0 0.09261067708333333 0.14851888020833334 0.03076171875 0.02880859375
0 0.78515625 0.7298177083333334 0.045572916666666664 0.046875
0 0.045735677083333336 0.3746744791666667 0.022135416666666668 0.036458333333333336
0 0.06595865885416667 0.093505859375 0.038330078125 0.039225260416666664
0 0.12955729166666666 0.25 0.045735677083333336 0.059244791666666664
0 0.986328125 0.919921875 0.02734375 0.032552083333333336
0 0.45703125 0.6354166666666666 0.02734375 0.035807291666666664
0 0.3204752604166667 0.79296875 0.0322265625 0.036458333333333336
0 0.7897135416666666 0.9251302083333334 0.040364583333333336 0.029947916666666668
0 0.37890625 0.4703776041666667 0.025390625 0.02734375
0 0.031000773111979168 0.136962890625 0.031667073567708336 0.029134114583333332
0 0.3173828125 0.5221354166666666 0.032552083333333336 0.032552083333333336
0 0.3600260416666667 0.5530598958333334 0.026692708333333332 0.027994791666666668
0 0.16556803385416666 0.11474609375 0.038330078125 0.029134114583333332
0 0.2138671875 0.053822835286458336 0.033528645833333336 0.052022298177083336
0 0.19938151041666666 0.3678385416666667 0.022786458333333332 0.030598958333333332
0 0.5087890625 0.17549641927083334 0.031901041666666664 0.029866536458333332
0 0.3938802083333333 0.7578125 0.03125 0.02734375
0 0.24007161458333334 0.2755533854166667 0.023111979166666668 0.042643229166666664
0 0.5930989583333334 0.14705403645833334 0.031901041666666664 0.02978515625
0 0.2490234375 0.6344401041666666 0.033854166666666664 0.024088541666666668
0 0.22330729166666666 0.3714192708333333 0.0380859375 0.029947916666666668
0 0.9869791666666666 0.2119140625 0.022135416666666668 0.046549479166666664
0 0.16064453125 0.14949544270833334 0.029947916666666668 0.042154947916666664
0 0.9869791666666666 0.6282552083333334 0.026041666666666668 0.024739583333333332
0 0.3844401041666667 0.4957682291666667 0.026041666666666668 0.024739583333333332
0 0.23160807291666666 0.22102864583333334 0.026692708333333332 0.0234375
0 0.7005208333333334 0.4475911458333333 0.022135416666666668 0.037109375
0 0.4052734375 0.6123046875 0.03515625 0.029947916666666668
0 0.2158203125 0.4313151041666667 0.027018229166666668 0.034505208333333336
0 0.4788411458333333 0.7180989583333334 0.032552083333333336 0.028645833333333332
0 0.2736002604166667 0.4365234375 0.025390625 0.029947916666666668
0 0.09035237630208333 0.12272135416666667 0.0260009765625 0.033203125
0 0.19319661458333334 0.41796875 0.025065104166666668 0.026041666666666668
0 0.4541015625 0.16117350260416666 0.037760416666666664 0.034098307291666664
0 0.3863932291666667 0.5862630208333334 0.034505208333333336 0.025390625
0 0.033274332682291664 0.3753255208333333 0.03192138671875 0.035807291666666664
0 0.3528645833333333 0.5240885416666666 0.020182291666666668 0.0234375
0 0.2853877735384367 0.8161816658591731 0.01744059875645994 0.025188751614987126
0 0.0067138671875 0.09193929036458333 0.013427734375 0.0399169921875
0 0.012829171902757563 0.37711840883397924 0.02501187583272772 0.027275617732558155
0 0.344970703125 0.7838541666666666 0.02490234375 0.033854166666666664
0 0.8470052083333334 0.4544270833333333 0.022135416666666668 0.022786458333333332
0 0.24055989583333334 0.3723958333333333 0.021484375 0.034505208333333336
0 0.66845703125 0.3544921875 0.025065104166666668 0.027994791666666668
0 0.6389973958333334 0.9892578125 0.022786458333333332 0.021484375
0 0.3802083333333333 0.4853515625 0.024088541666666668 0.037109375
0 0.5380859375 0.6985677083333334 0.029947916666666668 0.01953125
0 0.115478515625 0.13924153645833334 0.021321614583333332 0.028157552083333332
0 0.279296875 0.5068359375 0.030598958333333332 0.016276041666666668
0 0.3125 0.84375 0.022786458333333332 0.033854166666666664
0 0.012664794921875 0.3502604166666667 0.02532958984375 0.025390625
