0 0.4609375 0.85546875 0.036458333333333336 0.037760416666666664
0 0.5712890625 0.4697265625 0.042317708333333336 0.044921875
0 0.787109375 0.6848958333333334 0.0390625 0.041666666666666664
0 0.3997395833333333 0.68115234375 0.040364583333333336 0.037434895833333336
0 0.1806640625 0.712890625 0.0390625 0.0390625
0 0.19986979166666666 0.2666015625 0.041666666666666664 0.0400390625
0 0.24348958333333334 0.7122395833333334 0.044270833333333336 0.02734375
0 0.5 0.3629557291666667 0.0390625 0.038411458333333336
0 0.21305338541666666 0.21484375 0.0390625 0.030598958333333332
0 0.154296875 0.4186197916666667 0.040364583333333336 0.033203125
0 0.0285186767578125 0.6321614583333334 0.038747151692708336 0.037760416666666664
0 0.13313802083333334 0.6171875 0.042643229166666664 0.041666666666666664
0 0.11173502604166667 0.6985677083333334 0.038248697916666664 0.037760416666666664
0 0.25341796875 0.22884114583333334 0.040364583333333336 0.029296875
0 0.5377604166666666 0.3424479166666667 0.03515625 0.042317708333333336
0 0.7962239583333334 0.71484375 0.0390625 0.0390625
0 0.5826822916666666 0.2599283854166667 0.028645833333333332 0.03515625
0 0.11588541666666667 0.4228515625 0.0341796875 0.042317708333333336
0 0.6227213541666666 0.24186197916666666 0.026041666666666668 0.02734375
0 0.3968098958333333 0.7421875 0.038411458333333336 0.0390625
0 0.3295084635416667 0.466796875 0.031087239583333332 0.036458333333333336
0 0.20296223958333334 0.3772786458333333 0.0341796875 0.04296875
0 0.9309895833333334 0.3619791666666667 0.0390625 0.030598958333333332
0 0.3297526041666667 0.8001302083333334 0.043619791666666664 0.03125
0 0.5611979166666666 0.3006184895833333 0.027994791666666668 0.035481770833333336
0 0.23649088541666666 0.3362630208333333 0.038736979166666664 0.046875
0 0.2693684895833333 0.3343098958333333 0.033203125 0.031901041666666664
0 0.3727213541666667 0.720703125 0.042317708333333336 0.040364583333333336
0 0.16959635416666666 0.3779296875 0.033854166666666664 0.03125
0 0.2952473958333333 0.4303385416666667 0.042317708333333336 0.035807291666666664
0 0.9049479166666666 0.3107096354166667 0.022135416666666668 0.031575520833333336
0 0.07950846354166667 0.4208984375 0.034342447916666664 0.037109375
0 0.25634765625 0.3824869791666667 0.0322265625 0.033854166666666664
0 0.71484375 0.8411458333333334 0.033854166666666664 0.03125
0 0.4856770833333333 0.9140625 0.037109375 0.03515625
0 0.8606770833333334 0.3098958333333333 0.026041666666666668 0.029296875
0 0.031987508138020836 0.17008463541666666 0.030426025390625 0.026692708333333332
0 0.13981119791666666 0.21468098958333334 0.0283203125 0.036458333333333336
0 0.030604044596354168 0.4137369791666667 0.032297770182291664 0.032552083333333336
0 0.07682291666666667 0.17447916666666666 0.028157552083333332 0.024088541666666668
0 0.4013671875 0.106689453125 0.028645833333333332 0.034993489583333336
0 0.8359375 0.3349609375 0.024739583333333332 0.024739583333333332
0 0.9130859375 0.9503618580426356 0.029296875 0.025057533914728758
0 0.5846354166666666 0.802734375 0.028645833333333332 0.040364583333333336
0 0.2809244791666667 0.7506510416666666 0.034505208333333336 0.029947916666666668
0 0.2527669270833333 0.4212239583333333 0.033854166666666664 0.03125
0 0.075927734375 0.133544921875 0.028483072916666668 0.026529947916666668
0 0.4879557291666667 0.4554036458333333 0.033203125 0.046223958333333336
0 0.7154947916666666 0.7447916666666666 0.04296875 0.046875
0 0.23795572916666666 0.2858072916666667 0.028971354166666668 0.032877604166666664
0 0.042399088541666664 0.705078125 0.030680338541666668 0.03125
0 0.21402994791666666 0.17985026041666666 0.02734375 0.037109375
0 0.3369140625 0.8580729166666666 0.026041666666666668 0.026041666666666668
0 0.22086588541666666 0.3263346354166667 0.036458333333333336 0.038736979166666664
0 0.050343831380208336 0.5579427083333334 0.025288899739583332 0.027994791666666668
0 0.22688802083333334 0.384765625 0.0263671875 0.038411458333333336
0 0.16975911458333334 0.20166015625 0.027669270833333332 0.039713541666666664
0 0.338134765625 0.8255208333333334 0.025553385416666668 0.029947916666666668
0 0.17028840136466408 0.17552890826873382 0.029053365229328183 0.030745316537467704
0 0.9401041666666666 0.9733072916666666 0.024739583333333332 0.028645833333333332
0 0.13037109375 0.14632161458333334 0.027506510416666668 0.02685546875
0 0.22477213541666666 0.8509114583333334 0.033203125 0.03125
0 0.6881510416666666 0.7076822916666666 0.037760416666666664 0.032552083333333336
0 0.71875 0.21923828125 0.026041666666666668 0.032552083333333336
0 0.6302083333333334 0.5139973958333334 0.022135416666666668 0.028645833333333332
0 0.6612955729166666 0.24397786458333334 0.021158854166666668 0.021809895833333332
0 0.10921223958333333 0.15690104166666666 0.023600260416666668 0.0283203125
0 0.6769205729166666 0.8411458333333334 0.023763020833333332 0.029947916666666668
0 0.796875 0.7408854166666666 0.026041666666666668 0.037760416666666664
0 0.3619791666666667 0.5817057291666666 0.03125 0.022786458333333332
0 0.96484375 0.6031901041666666 0.028645833333333332 0.02734375
0 0.2571614583333333 0.6044921875 0.021809895833333332 0.037109375
0 0.343017578125 0.9010416666666666 0.027506510416666668 0.03125
0 0.19807942708333334 0.4518229166666667 0.031901041666666664 0.024739583333333332
0 0.36433982356266154 0.2666217498385013 0.036622355458656296 0.04235808301033591
0 0.026819864908854168 0.7630208333333334 0.032867431640625 0.029947916666666668
0 0.4632161458333333 0.4427083333333333 0.025390625 0.039713541666666664
0 0.3492838541666667 0.07564290364583333 0.032552083333333336 0.038492838541666664
0 0.95703125 0.8541666666666666 0.02734375 0.0234375
0 0.34782784237726094 0.6430979489664083 0.02119670542635658 0.022206072351421174
0 0.3003875968992248 0.5779937822997416 0.023215439276485766 0.02119670542635658
