0 0.4322916666666667 0.16520182291666666 0.053385416666666664 0.044596354166666664
0 0.7037760416666666 0.25927734375 0.048177083333333336 0.0546875
0 0.6692708333333334 0.951171875 0.0390625 0.04296875
0 0.7981770833333334 0.21744791666666666 0.041666666666666664 0.048502604166666664
0 0.4947916666666667 0.9654947916666666 0.04296875 0.04296875
0 0.669921875 0.08359781901041667 0.048177083333333336 0.050577799479166664
0 0.6940104166666666 0.3671875 0.03515625 0.041015625
0 0.4830729166666667 0.7376302083333334 0.043619791666666664 0.037760416666666664
0 0.6770833333333334 0.7083333333333334 0.026041666666666668 0.029947916666666668
0 0.6529947916666666 0.4947916666666667 0.029947916666666668 0.034505208333333336
0 0.6953125 0.4567057291666667 0.029947916666666668 0.029947916666666668
0 0.6253255208333334 0.67041015625 0.040364583333333336 0.025065104166666668
0 0.6735783066860465 0.6649785004844961 0.05158369670542632 0.036988250968992276
0 0.6433919270833334 0.25048828125 0.050455729166666664 0.038736979166666664
0 0.5426432291666666 0.9765625 0.037109375 0.02734375
0 0.6604817708333334 0.21858723958333334 0.033203125 0.0361328125
0 0.4654947916666667 0.2783203125 0.041666666666666664 0.0498046875
0 0.6370442708333334 0.47265625 0.035807291666666664 0.034505208333333336
0 0.7194010416666666 0.4192708333333333 0.022135416666666668 0.042317708333333336
0 0.70703125 0.8971354166666666 0.052083333333333336 0.03125
0 0.4733072916666667 0.15751139322916666 0.040364583333333336 0.040445963541666664
0 0.4772135416666667 0.0120849609375 0.055989583333333336 0.023966471354166668
0 0.609375 0.3948567708333333 0.025390625 0.032552083333333336
0 0.4475911458333333 0.984375 0.03515625 0.028645833333333332
0 0.4761726320251938 0.8715328246124031 0.028517139050387552 0.029645106589147208
0 0.4850260416666667 0.12882486979166666 0.042317708333333336 0.061360677083333336
0 0.6455078125 0.953125 0.03125 0.03515625
0 0.4602864583333333 0.751953125 0.030598958333333332 0.03515625
0 0.455078125 0.07661946614583333 0.033854166666666664 0.033772786458333336
0 0.7936197916666666 0.9856770833333334 0.028645833333333332 0.028645833333333332
0 0.619140625 0.3030598958333333 0.024739583333333332 0.032552083333333336
0 0.64453125 0.7239583333333334 0.028645833333333332 0.022135416666666668
0 0.7532552083333334 0.8645833333333334 0.029947916666666668 0.040364583333333336
0 0.4788411458333333 0.8509114583333334 0.044270833333333336 0.028645833333333332
0 0.4345703125 0.4840494791666667 0.031901041666666664 0.016276041666666668
0 0.6603190104166666 0.3873697916666667 0.023111979166666668 0.026041666666666668
0 0.4515705749354005 0.041515261627906974 0.02927164082687339 0.04844961240310077
0 0.4964874031007751 0.053122981266149866 0.05854328165374678 0.08377745478036175
0 0.4379441214470284 0.6239199773901808 0.030281007751938056 0.0282622739018088
0 0.8033349483204133 0.6824632590439276 0.03028100775193791 0.03229974160206724
