0 0.41796875 0.4583333333333333 0.05078125 0.033854166666666664
0 0.4404296875 0.380859375 0.046875 0.037109375
0 0.1787109375 0.6796875 0.040690104166666664 0.037760416666666664
0 0.240234375 0.4401041666666667 0.037434895833333336 0.036458333333333336
0 0.16044108072916666 0.8489583333333334 0.041422526041666664 0.037760416666666664
0 0.7428385416666666 0.759765625 0.046875 0.04296875
0 0.7565104166666666 0.7884114583333334 0.033854166666666664 0.036458333333333336
0 0.5654296875 0.8776041666666666 0.034505208333333336 0.036458333333333336
0 0.028203328450520832 0.7454427083333334 0.040761311848958336 0.040364583333333336
0 0.047841389973958336 0.4677734375 0.03485107421875 0.034505208333333336
0 0.8919270833333334 0.3154296875 0.033854166666666664 0.041015625
0 0.3899739583333333 0.8404947916666666 0.038411458333333336 0.04296875
0 0.2421875 0.375 0.038411458333333336 0.048828125
0 0.24186197916666666 0.21240234375 0.034505208333333336 0.029622395833333332
0 0.5358072916666666 0.5081380208333334 0.040364583333333336 0.044270833333333336
0 0.19010416666666666 0.19026692708333334 0.041015625 0.0458984375
0 0.15755208333333334 0.4557291666666667 0.028971354166666668 0.037109375
0 0.19807942708333334 0.3316243489583333 0.039388020833333336 0.03076171875
0 0.2080078125 0.4117838541666667 0.033528645833333336 0.0390625
0 0.07755533854166667 0.4739583333333333 0.03759765625 0.038411458333333336
0 0.16133626302083334 0.4013671875 0.034098307291666664 0.044270833333333336
0 0.07145182291666667 0.332275390625 0.03564453125 0.03662109375
0 0.16060384114583334 0.2859700520833333 0.035563151041666664 0.03515625
0 0.3636067708333333 0.8170572916666666 0.037760416666666664 0.03515625
0 0.24934895833333334 0.3006184895833333 0.033854166666666664 0.034830729166666664
0 0.478515625 0.3147786458333333 0.041666666666666664 0.04296875
0 0.24332682291666666 0.8365885416666666 0.0380859375 0.03125
0 0.3444010416666667 0.234375 0.041666666666666664 0.037109375
0 0.20784505208333334 0.22216796875 0.032877604166666664 0.034505208333333336
0 0.6276041666666666 0.4482421875 0.042317708333333336 0.029947916666666668
0 0.8287760416666666 0.3512369791666667 0.028645833333333332 0.044270833333333336
0 0.12630208333333334 0.6881510416666666 0.046223958333333336 0.037760416666666664
0 0.39453125 0.7897135416666666 0.036458333333333336 0.037760416666666664
0 0.2236328125 0.18119303385416666 0.032552083333333336 0.034098307291666664
0 0.138671875 0.6477864583333334 0.047200520833333336 0.033203125
0 0.2696940104166667 0.4690755208333333 0.036783854166666664 0.037760416666666664
0 0.576171875 0.15519205729166666 0.0390625 0.044108072916666664
0 0.42578125 0.4889322916666667 0.03515625 0.040364583333333336
0 0.5602213541666666 0.4010416666666667 0.042317708333333336 0.045572916666666664
0 0.17154947916666666 0.16666666666666666 0.029622395833333332 0.041666666666666664
0 0.5901692708333334 0.3704427083333333 0.033203125 0.033854166666666664
0 0.912109375 0.3723958333333333 0.032552083333333336 0.031901041666666664
0 0.10791015625 0.4537760416666667 0.02685546875 0.03515625
0 0.5335286458333334 0.20100911458333334 0.027994791666666668 0.024739583333333332
0 0.40234375 0.7044270833333334 0.032552083333333336 0.03515625
0 0.4674479166666667 0.9466145833333334 0.032552083333333336 0.03515625
0 0.13631184895833334 0.4436848958333333 0.03076171875 0.024739583333333332
0 0.2848307291666667 0.8671875 0.028971354166666668 0.036458333333333336
0 0.0401611328125 0.3301595052083333 0.035237630208333336 0.031087239583333332
0 0.08734130859375 0.4440104166666667 0.035603841145833336 0.036458333333333336
0 0.30224609375 0.5087890625 0.024739583333333332 0.029947916666666668
0 0.4231770833333333 0.5224609375 0.03515625 0.029947916666666668
0 0.5865885416666666 0.4205729166666667 0.03515625 0.037109375
0 0.8470052083333334 0.3616536458333333 0.02734375 0.041666666666666664
0 0.6653645833333334 0.9147135416666666 0.033854166666666664 0.032552083333333336
0 0.6455078125 0.7916666666666666 0.037760416666666664 0.024739583333333332
0 0.19010416666666666 0.2490234375 0.0302734375 0.03515625
0 0.115478515625 0.3336588541666667 0.02880859375 0.036458333333333336
0 0.4459635416666667 0.7291666666666666 0.029947916666666668 0.028645833333333332
0 0.12312825520833333 0.2898763020833333 0.035970052083333336 0.034830729166666664
0 0.4723307291666667 0.9811197916666666 0.03125 0.037760416666666664
0 0.24397786458333334 0.9609375 0.0263671875 0.03515625
0 0.2945362035778985 0.42266757246376807 0.03524824501811589 0.03940217391304338
0 0.20719401041666666 0.4895833333333333 0.023763020833333332 0.02734375
0 0.2731119791666667 0.708984375 0.031575520833333336 0.028645833333333332
0 0.830078125 0.859375 0.028645833333333332 0.02734375
0 0.0145111083984375 0.10432942708333333 0.027537027994791668 0.039388020833333336
0 0.050506591796875 0.59765625 0.023661295572916668 0.025390625
0 0.3470052083333333 0.634765625 0.02734375 0.030598958333333332
0 0.9798177083333334 0.2578125 0.02734375 0.033854166666666664
0 0.17073567708333334 0.21565755208333334 0.029622395833333332 0.03125
0 0.13175455729166666 0.3870442708333333 0.02587890625 0.030598958333333332
0 0.19498697916666666 0.2908528645833333 0.033854166666666664 0.031575520833333336
0 0.1690673828125 0.7447916666666666 0.023193359375 0.03515625
0 0.9798177083333334 0.21712239583333334 0.026041666666666668 0.023111979166666668
0 0.3426920572916667 0.8977864583333334 0.029459635416666668 0.044270833333333336
0 0.4446614583333333 0.7005208333333334 0.02734375 0.028645833333333332
0 0.012552897135416666 0.328369140625 0.025105794270833332 0.032063802083333336
0 0.14111328125 0.16471354166666666 0.031412760416666664 0.021809895833333332
0 0.18994140625 0.748046875 0.032552083333333336 0.041666666666666664
0 0.95703125 0.705078125 0.0234375 0.022135416666666668
0 0.3424479166666667 0.9147135416666666 0.025390625 0.032552083333333336
0 0.6409505208333334 0.169921875 0.022786458333333332 0.025065104166666668
0 0.16422526041666666 0.24235026041666666 0.0322265625 0.035807291666666664
0 0.09676106770833333 0.12003580729166667 0.029947916666666668 0.033365885416666664
0 0.4440104166666667 0.5322265625 0.025390625 0.03515625
0 0.0557861328125 0.66943359375 0.023356119791666668 0.0283203125
0 0.564453125 0.20865885416666666 0.021484375 0.035807291666666664
0 0.3759765625 0.724609375 0.016276041666666668 0.028645833333333332
0 0.13818359375 0.333984375 0.024088541666666668 0.040364583333333336
0 0.3024088541666667 0.6321614583333334 0.017903645833333332 0.024088541666666668
0 0.25732421875 0.16434733072916666 0.029947916666666668 0.028727213541666668
0 0.5862630208333334 0.8411458333333334 0.024739583333333332 0.02734375
0 0.8059895833333334 0.5302734375 0.022135416666666668 0.028645833333333332
