0 0.7760416666666666 0.83203125 0.053385416666666664 0.07421875
0 0.5260416666666666 0.9518229166666666 0.052734375 0.05859375
0 0.17093912760416666 0.349853515625 0.052001953125 0.052897135416666664
0 0.3889973958333333 0.3270670572916667 0.037760416666666664 0.04248046875
0 0.4807942708333333 0.9016927083333334 0.057291666666666664 0.07291666666666667
0 0.4915364583333333 0.6604817708333334 0.046875 0.039713541666666664
0 0.7395833333333334 0.3841145833333333 0.040364583333333336 0.037109375
0 0.6038411458333334 0.9615885416666666 0.040364583333333336 0.041666666666666664
0 0.912109375 0.4251302083333333 0.02734375 0.033203125
0 0.3256022135416667 0.3981119791666667 0.04345703125 0.060546875
0 0.4996744791666667 0.7643229166666666 0.027994791666666668 0.024739583333333332
0 0.9837239583333334 0.423828125 0.032552083333333336 0.037109375
0 0.2861328125 0.5286458333333334 0.037434895833333336 0.02734375
0 0.17118326822916666 0.4508463541666667 0.044352213541666664 0.038411458333333336
0 0.8645833333333334 0.375 0.024739583333333332 0.035807291666666664
0 0.5826822916666666 0.3561197916666667 0.042317708333333336 0.035807291666666664
0 0.955078125 0.7395833333333334 0.024739583333333332 0.037760416666666664
0 0.14949544270833334 0.8190104166666666 0.04345703125 0.046875
0 0.20849609375 0.4049479166666667 0.047200520833333336 0.044921875
0 0.09130859375 0.9576822916666666 0.03759765625 0.046875
0 0.859375 0.9466145833333334 0.040364583333333336 0.044270833333333336
0 0.3356119791666667 0.4514973958333333 0.052734375 0.045572916666666664
0 0.24869791666666666 0.8203125 0.0302734375 0.032552083333333336
0 0.4147135416666667 0.5501302083333334 0.031901041666666664 0.029296875
0 0.3759765625 0.9654947916666666 0.028645833333333332 0.036458333333333336
0 0.338134765625 0.4866536458333333 0.04248046875 0.033854166666666664
0 0.17301432291666666 0.7591145833333334 0.0302734375 0.026041666666666668
0 0.7369791666666666 0.861328125 0.037760416666666664 0.0390625
0 0.943359375 0.82421875 0.02734375 0.033854166666666664
0 0.8313802083333334 0.8567708333333334 0.045572916666666664 0.048177083333333336
0 0.3509114583333333 0.4137369791666667 0.0390625 0.046223958333333336
0 0.408203125 0.4345703125 0.026041666666666668 0.046223958333333336
0 0.21484375 0.45703125 0.030598958333333332 0.036458333333333336
0 0.8255208333333334 0.3766276041666667 0.024739583333333332 0.026041666666666668
0 0.17578125 0.6998697916666666 0.029947916666666668 0.036458333333333336
0 0.763671875 0.6396484375 0.026041666666666668 0.028645833333333332
0 0.08060709635416667 0.4580078125 0.026448567708333332 0.02734375
0 0.4677734375 0.798828125 0.033203125 0.029947916666666668
0 0.3828125 0.4388020833333333 0.03125 0.033203125
0 0.6609700520833334 0.9388020833333334 0.027018229166666668 0.036458333333333336
0 0.25927734375 0.5546875 0.03125 0.041666666666666664
0 0.17219875169836954 0.41748046875 0.03309343863224634 0.02486696105072454
0 0.061930338541666664 0.8125 0.028401692708333332 0.0234375
0 0.07613118489583333 0.4879557291666667 0.026285807291666668 0.037760416666666664
0 0.8131510416666666 0.4189453125 0.040364583333333336 0.031901041666666664
0 0.24820963541666666 0.513671875 0.0263671875 0.032552083333333336
0 0.11173502604166667 0.5572916666666666 0.029134114583333332 0.020833333333333332
0 0.09765625 0.7786458333333334 0.019368489583333332 0.028645833333333332
0 0.3795572916666667 0.8880208333333334 0.0234375 0.026041666666666668
0 0.7864583333333334 0.4388020833333333 0.020833333333333332 0.026041666666666668
0 0.15047200520833334 0.560546875 0.029622395833333332 0.024088541666666668
0 0.169921875 0.39453125 0.027018229166666668 0.03125
0 0.8385416666666666 0.5615234375 0.02734375 0.01953125
0 0.13883463541666666 0.3961588541666667 0.03369140625 0.035807291666666664
0 0.3038736979166667 0.859375 0.028971354166666668 0.028645833333333332
0 0.23746744791666666 0.546875 0.021158854166666668 0.024739583333333332
0 0.9596354166666666 0.20377604166666666 0.028645833333333332 0.03125
0 0.228515625 0.3805338541666667 0.029622395833333332 0.033854166666666664
0 0.946784420289855 0.9241394927536231 0.030570652173913082 0.030570652173913082
