0 0.18782552083333334 0.3048502604166667 0.060221354166666664 0.038411458333333336
0 0.3636067708333333 0.4140625 0.034505208333333336 0.037760416666666664
0 0.708984375 0.24967447916666666 0.045572916666666664 0.053385416666666664
0 0.931640625 0.14949544270833334 0.0546875 0.05322265625
0 0.092529296875 0.24739583333333334 0.03564453125 0.044596354166666664
0 0.5061848958333334 0.8151041666666666 0.038411458333333336 0.046875
0 0.4615885416666667 0.6751302083333334 0.052734375 0.052083333333333336
0 0.5305989583333334 0.3201497395833333 0.046223958333333336 0.051106770833333336
0 0.21842447916666666 0.24576822916666666 0.045572916666666664 0.040364583333333336
0 0.45703125 0.5247395833333334 0.050130208333333336 0.051432291666666664
0 0.8444010416666666 0.294921875 0.036458333333333336 0.035481770833333336
0 0.3201497395833333 0.6080729166666666 0.048502604166666664 0.045572916666666664
0 0.7845052083333334 0.2672526041666667 0.046875 0.031575520833333336
0 0.4108072916666667 0.3001302083333333 0.033203125 0.0380859375
0 0.404296875 0.6474609375 0.048828125 0.050130208333333336
0 0.67919921875 0.724609375 0.042643229166666664 0.046875
0 0.4016927083333333 0.20068359375 0.035807291666666664 0.045572916666666664
0 0.047210693359375 0.5686848958333334 0.037577311197916664 0.037109375
0 0.3919270833333333 0.3369140625 0.036458333333333336 0.041666666666666664
0 0.5823567708333334 0.21809895833333334 0.040364583333333336 0.034505208333333336
0 0.7604166666666666 0.23128255208333334 0.036458333333333336 0.0380859375
0 0.5426432291666666 0.24967447916666666 0.043619791666666664 0.0458984375
0 0.6285807291666666 0.12491861979166667 0.037109375 0.035807291666666664
0 0.6544596354166666 0.10072835286458333 0.0400390625 0.0413818359375
0 0.2513020833333333 0.3447265625 0.048177083333333336 0.046223958333333336
0 0.11800130208333333 0.16666666666666666 0.024251302083333332 0.029947916666666668
0 0.3208821614583333 0.3307291666666667 0.033365885416666664 0.03125
0 0.0465087890625 0.1839599609375 0.03662109375 0.046142578125
0 0.5885416666666666 0.3570963541666667 0.037109375 0.043619791666666664
0 0.7057291666666666 0.5416666666666666 0.041666666666666664 0.041015625
0 0.2757161458333333 0.7337239583333334 0.02734375 0.029947916666666668
0 0.018727620442708332 0.0245361328125 0.037455240885416664 0.049072265625
0 0.939453125 0.4055989583333333 0.05078125 0.056640625
0 0.4388020833333333 0.2918294270833333 0.029296875 0.041015625
0 0.3378092447916667 0.5354817708333334 0.033365885416666664 0.041015625
0 0.09358723958333333 0.4602864583333333 0.030110677083333332 0.038411458333333336
0 0.748046875 0.3028971354166667 0.036458333333333336 0.033528645833333336
0 0.6259765625 0.4710286458333333 0.03125 0.038411458333333336
0 0.3860677083333333 0.24235026041666666 0.030598958333333332 0.025716145833333332
0 0.7779947916666666 0.2913411458333333 0.02734375 0.033203125
0 0.6077473958333334 0.16861979166666666 0.03515625 0.032552083333333336
0 0.294921875 0.5400390625 0.024739583333333332 0.028645833333333332
0 0.984375 0.2845052083333333 0.03125 0.0380859375
0 0.5875651041666666 0.5514322916666666 0.033854166666666664 0.032552083333333336
0 0.4293619791666667 0.22737630208333334 0.029947916666666668 0.033528645833333336
0 0.8359375 0.6619466145833334 0.022135416666666668 0.032877604166666664
0 0.333984375 0.2158203125 0.030598958333333332 0.03125
0 0.2561848958333333 0.2517903645833333 0.030598958333333332 0.041341145833333336
0 0.9609375 0.208984375 0.037760416666666664 0.0439453125
0 0.3544921875 0.17496744791666666 0.026692708333333332 0.02734375
0 0.537109375 0.5286458333333334 0.031901041666666664 0.026041666666666668
0 0.116943359375 0.423828125 0.028645833333333332 0.029947916666666668
0 0.4931640625 0.3148600260416667 0.039713541666666664 0.040201822916666664
0 0.30712890625 0.2825520833333333 0.031901041666666664 0.023111979166666668
0 0.5631510416666666 0.6048177083333334 0.03515625 0.029296875
0 0.3240559895833333 0.5208333333333334 0.031575520833333336 0.033854166666666664
0 0.5123697916666666 0.76171875 0.037109375 0.029947916666666668
0 0.3509114583333333 0.3815104166666667 0.029296875 0.032552083333333336
0 0.19921875 0.19677734375 0.031901041666666664 0.03125
0 0.4762369791666667 0.2980143229166667 0.033854166666666664 0.029947916666666668
0 0.6012369791666666 0.5234375 0.034505208333333336 0.044921875
0 0.349609375 0.6442057291666666 0.038411458333333336 0.02734375
0 0.9733072916666666 0.066802978515625 0.053385416666666664 0.06740315755208333
0 0.6419270833333334 0.4384765625 0.026041666666666668 0.033854166666666664
0 0.4156901041666667 0.4495442708333333 0.029947916666666668 0.036458333333333336
0 0.828125 0.12117513020833333 0.033854166666666664 0.02783203125
0 0.9661458333333334 0.11995442708333333 0.036458333333333336 0.044759114583333336
0 0.98828125 0.19417317708333334 0.01953125 0.044270833333333336
0 0.21223958333333334 0.5999348958333334 0.02734375 0.0234375
0 0.4788411458333333 0.330322265625 0.030598958333333332 0.030110677083333332
0 0.5865885416666666 0.1658935546875 0.026041666666666668 0.038004557291666664
0 0.3675130208333333 0.3330891927083333 0.027994791666666668 0.027180989583333332
0 0.380859375 0.7376302083333334 0.033203125 0.029947916666666668
0 0.7291666666666666 0.6360677083333334 0.032552083333333336 0.026692708333333332
0 0.132080078125 0.23909505208333334 0.023763020833333332 0.026692708333333332
0 0.037511189778645836 0.451171875 0.039560953776041664 0.049479166666666664
0 0.912109375 0.4231770833333333 0.033854166666666664 0.029947916666666668
0 0.6432291666666666 0.681640625 0.028645833333333332 0.0234375
0 0.3824869791666667 0.5963541666666666 0.031901041666666664 0.02734375
0 0.5553385416666666 0.7766927083333334 0.022135416666666668 0.024739583333333332
0 0.7005208333333334 0.4527994791666667 0.024739583333333332 0.03515625
0 0.3834635416666667 0.3072916666666667 0.015625 0.0244140625
0 0.5865885416666666 0.11751302083333333 0.033203125 0.032063802083333336
