0 0.4514973958333333 0.7721354166666666 0.04296875 0.040364583333333336
0 0.32470703125 0.26611328125 0.045247395833333336 0.048828125
0 0.24055989583333334 0.7662760416666666 0.046875 0.040364583333333336
0 0.3159993489583333 0.7421875 0.041829427083333336 0.040364583333333336
0 0.16080729166666666 0.31005859375 0.040690104166666664 0.043294270833333336
0 0.4407552083333333 0.814453125 0.041666666666666664 0.044270833333333336
0 0.8352864583333334 0.31787109375 0.04296875 0.037434895833333336
0 0.86328125 0.2828776041666667 0.032552083333333336 0.033528645833333336
0 0.12060546875 0.32080078125 0.034016927083333336 0.0478515625
0 0.18912760416666666 0.2815755208333333 0.034505208333333336 0.041015625
0 0.17740885416666666 0.6492513020833334 0.046549479166666664 0.0517578125
0 0.13785807291666666 0.7532552083333334 0.044759114583333336 0.041666666666666664
0 0.0709228515625 0.16764322916666666 0.040283203125 0.040690104166666664
0 0.5065104166666666 0.4739583333333333 0.039713541666666664 0.048177083333333336
0 0.0291748046875 0.62890625 0.046630859375 0.041666666666666664
0 0.4261067708333333 0.3860677083333333 0.041015625 0.037109375
0 0.23209635416666666 0.3567708333333333 0.041666666666666664 0.044921875
0 0.7115885416666666 0.654296875 0.0390625 0.044270833333333336
0 0.6700846354166666 0.833984375 0.038736979166666664 0.037760416666666664
0 0.2628580729166667 0.4055989583333333 0.035807291666666664 0.038411458333333336
0 0.3170572916666667 0.6412760416666666 0.029622395833333332 0.037109375
0 0.4456380208333333 0.3346354166666667 0.0390625 0.046223958333333336
0 0.189453125 0.24739583333333334 0.038736979166666664 0.040364583333333336
0 0.13411458333333334 0.6158854166666666 0.048990885416666664 0.048177083333333336
0 0.161865234375 0.2596028645833333 0.035970052083333336 0.040690104166666664
0 0.71484375 0.6861979166666666 0.033854166666666664 0.032552083333333336
0 0.0726318359375 0.39453125 0.039469401041666664 0.032552083333333336
0 0.5452473958333334 0.9361979166666666 0.029296875 0.028645833333333332
0 0.30810546875 0.447265625 0.046549479166666664 0.028645833333333332
0 0.050048828125 0.2869466145833333 0.029296875 0.041015625
0 0.4680989583333333 0.9388020833333334 0.034505208333333336 0.033854166666666664
0 0.09285481770833333 0.23209635416666666 0.028971354166666668 0.0263671875
0 0.9153645833333334 0.342041015625 0.03125 0.031412760416666664
0 0.15376790364583334 0.3567708333333333 0.040771484375 0.045572916666666664
0 0.4977213541666667 0.3179524739583333 0.038411458333333336 0.04248046875
0 0.4274088541666667 0.4423828125 0.037760416666666664 0.037760416666666664
0 0.013264973958333334 0.4117838541666667 0.026529947916666668 0.031901041666666664
0 0.4072265625 0.84765625 0.03125 0.033854166666666664
0 0.791015625 0.3310546875 0.033854166666666664 0.035807291666666664
0 0.384765625 0.857421875 0.03125 0.028645833333333332
0 0.3172200520833333 0.4886067708333333 0.028971354166666668 0.032552083333333336
0 0.3541666666666667 0.896484375 0.029947916666666668 0.028645833333333332
0 0.736328125 0.7819010416666666 0.033854166666666664 0.036458333333333336
0 0.5257161458333334 0.3548177083333333 0.037760416666666664 0.02734375
0 0.1943359375 0.3636067708333333 0.0341796875 0.037760416666666664
0 0.24739583333333334 0.3072916666666667 0.031575520833333336 0.0263671875
0 0.2757161458333333 0.7708333333333334 0.023763020833333332 0.028645833333333332
0 0.23551432291666666 0.9264322916666666 0.035481770833333336 0.029947916666666668
0 0.7486979166666666 0.8880208333333334 0.03125 0.03515625
0 0.038177490234375 0.4186197916666667 0.03057861328125 0.036458333333333336
0 0.27587890625 0.6490885416666666 0.028645833333333332 0.037760416666666664
0 0.4788411458333333 0.701171875 0.034505208333333336 0.02734375
0 0.27734375 0.8958333333333334 0.029296875 0.036458333333333336
0 0.04052734375 0.7252604166666666 0.0302734375 0.028645833333333332
0 0.21630859375 0.18587239583333334 0.032877604166666664 0.031575520833333336
0 0.19449869791666666 0.7526041666666666 0.045572916666666664 0.048177083333333336
0 0.6129557291666666 0.4345703125 0.029947916666666668 0.034505208333333336
0 0.3727213541666667 0.9778645833333334 0.027994791666666668 0.03125
0 0.11100260416666667 0.4013671875 0.036946614583333336 0.038411458333333336
0 0.4453125 0.4638671875 0.033203125 0.0390625
0 0.19807942708333334 0.15303548177083334 0.021158854166666668 0.033121744791666664
0 0.9674479166666666 0.3438313802083333 0.028645833333333332 0.025227864583333332
0 0.8138020833333334 0.7669270833333334 0.03515625 0.02734375
0 0.3146158854166667 0.5328776041666666 0.022135416666666668 0.022786458333333332
0 0.958984375 0.6263020833333334 0.0234375 0.040364583333333336
0 0.3655598958333333 0.8125 0.030598958333333332 0.04296875
0 0.4205729166666667 0.6808268229166666 0.029947916666666668 0.031575520833333336
0 0.796875 0.73828125 0.03125 0.02734375
0 0.5052083333333334 0.2766927083333333 0.026692708333333332 0.035481770833333336
0 0.032358805338541664 0.21809895833333334 0.030497233072916668 0.04296875
0 0.8352864583333334 0.767578125 0.026041666666666668 0.024739583333333332
0 0.8606770833333334 0.3372395833333333 0.024739583333333332 0.024739583333333332
0 0.5921223958333334 0.8802083333333334 0.024088541666666668 0.022135416666666668
0 0.08610026041666667 0.3045247395833333 0.027018229166666668 0.046549479166666664
0 0.072265625 0.7630208333333334 0.040852864583333336 0.033854166666666664
0 0.4254557291666667 0.4140625 0.032552083333333336 0.028645833333333332
0 0.5758463541666666 0.78125 0.024088541666666668 0.028645833333333332
0 0.9388020833333334 0.5930989583333334 0.01953125 0.027994791666666668
0 0.5216643377371274 0.2828180576727642 0.032276846205962016 0.03552411500677507
0 0.8424479166666666 0.7903645833333334 0.029947916666666668 0.026041666666666668
0 0.9427083333333334 0.6959635416666666 0.022135416666666668 0.020833333333333332
0 0.5016276041666666 0.712890625 0.024088541666666668 0.028645833333333332
0 0.7057291666666666 0.8411458333333334 0.028645833333333332 0.020833333333333332
