0 0.24283854166666666 0.9544270833333334 0.040364583333333336 0.037760416666666664
0 0.23893229166666666 0.8294270833333334 0.038736979166666664 0.0390625
0 0.4817708333333333 0.8984375 0.055338541666666664 0.040364583333333336
0 0.15616861979166666 0.951171875 0.049641927083333336 0.045572916666666664
0 0.4729817708333333 0.9563802083333334 0.041015625 0.0390625
0 0.09775797526041667 0.537109375 0.043416341145833336 0.041015625
0 0.4869791666666667 0.55859375 0.039713541666666664 0.043619791666666664
0 0.051035563151041664 0.3064778645833333 0.03692626953125 0.032552083333333336
0 0.224609375 0.3331705729166667 0.03515625 0.032877604166666664
0 0.1483154296875 0.8033854166666666 0.053955078125 0.036458333333333336
0 0.486328125 0.4625651041666667 0.045572916666666664 0.056640625
0 0.3997395833333333 0.5423177083333334 0.044270833333333336 0.043619791666666664
0 0.4573567708333333 0.9296875 0.040364583333333336 0.028645833333333332
0 0.97265625 0.4388020833333333 0.036458333333333336 0.041666666666666664
0 0.16451009114583334 0.6256510416666666 0.034912109375 0.032552083333333336
0 0.3802083333333333 0.9694010416666666 0.044270833333333336 0.041666666666666664
0 0.18961588541666666 0.330078125 0.036783854166666664 0.0390625
0 0.060465494791666664 0.9140625 0.040771484375 0.04296875
0 0.08571370442708333 0.765625 0.048624674479166664 0.037760416666666664
0 0.841796875 0.962890625 0.0390625 0.0390625
0 0.8697916666666666 0.85546875 0.04296875 0.040364583333333336
0 0.841796875 0.8046875 0.041666666666666664 0.046875
0 0.4957682291666667 0.3701171875 0.029296875 0.022135416666666668
0 0.049235026041666664 0.5455729166666666 0.039388020833333336 0.037109375
0 0.5384114583333334 0.4720052083333333 0.032552083333333336 0.044921875
0 0.059987386067708336 0.615234375 0.04229736328125 0.036458333333333336
0 0.3142903645833333 0.947265625 0.034830729166666664 0.029947916666666668
0 0.3896484375 0.625 0.036458333333333336 0.033203125
0 0.3229166666666667 0.857421875 0.040364583333333336 0.03515625
0 0.8001302083333334 0.9153645833333334 0.046875 0.036458333333333336
0 0.8548177083333334 0.8326822916666666 0.045572916666666664 0.044270833333333336
0 0.2412109375 0.5634765625 0.034505208333333336 0.039713541666666664
0 0.3619791666666667 0.5286458333333334 0.039713541666666664 0.03125
0 0.014872233072916666 0.2958984375 0.029744466145833332 0.032877604166666664
0 0.5074869791666666 0.8424479166666666 0.03125 0.029947916666666668
0 0.24658203125 0.6256510416666666 0.028645833333333332 0.031901041666666664
0 0.9830729166666666 0.7552083333333334 0.02734375 0.032552083333333336
0 0.9459635416666666 0.4739583333333333 0.033854166666666664 0.041015625
0 0.14851888020833334 0.5758463541666666 0.028971354166666668 0.022135416666666668
0 0.9856770833333334 0.4723307291666667 0.028645833333333332 0.033203125
0 0.15262858072916666 0.3089192708333333 0.032633463541666664 0.036783854166666664
0 0.25537109375 0.3397623697916667 0.0380859375 0.035319010416666664
0 0.4319661458333333 0.6432291666666666 0.024739583333333332 0.024739583333333332
0 0.11279296875 0.4970703125 0.02978515625 0.025390625
0 0.2643229166666667 0.76953125 0.0263671875 0.033854166666666664
0 0.11287434895833333 0.9095052083333334 0.03369140625 0.03125
0 0.5462239583333334 0.3636067708333333 0.030598958333333332 0.020182291666666668
0 0.16162109375 0.3430989583333333 0.024739583333333332 0.027994791666666668
0 0.2752278645833333 0.9830729166666666 0.027669270833333332 0.02734375
0 0.0509033203125 0.4886067708333333 0.030110677083333332 0.038411458333333336
0 0.2880859375 0.5439453125 0.02734375 0.032552083333333336
0 0.20686848958333334 0.4837239583333333 0.035481770833333336 0.033203125
0 0.3162434895833333 0.5732421875 0.028971354166666668 0.031901041666666664
0 0.7252604166666666 0.6005859375 0.02734375 0.022786458333333332
0 0.3870442708333333 0.6044921875 0.039713541666666664 0.044270833333333336
0 0.9817708333333334 0.3649088541666667 0.029947916666666668 0.04296875
0 0.15043131510416666 0.537109375 0.034749348958333336 0.026692708333333332
0 0.6796875 0.646484375 0.03125 0.030598958333333332
0 0.0335693359375 0.5843098958333334 0.02734375 0.03125
0 0.3356261322463768 0.10736880095108696 0.0391191123188405 0.03820623867753623
0 0.76171875 0.5152994791666666 0.028645833333333332 0.029947916666666668
0 0.6233723958333334 0.9886067708333334 0.022786458333333332 0.022786458333333332
0 0.91015625 0.95703125 0.03125 0.036458333333333336
0 0.24609375 0.4794921875 0.021158854166666668 0.02734375
0 0.18196614583333334 0.6744791666666666 0.026041666666666668 0.0234375
0 0.5709635416666666 0.5511067708333334 0.021484375 0.0234375
0 0.814453125 0.5494791666666666 0.024739583333333332 0.033854166666666664
0 0.4684244791666667 0.6770833333333334 0.035807291666666664 0.0234375
0 0.40625 0.8170572916666666 0.020182291666666668 0.024739583333333332
0 0.4729393115942028 0.8063858695652173 0.018115942028985515 0.016983695652173836
