0 0.7415364583333334 0.8522135416666666 0.036458333333333336 0.036458333333333336
0 0.030731201171875 0.7688802083333334 0.047098795572916664 0.048177083333333336
0 0.849609375 0.4488932291666667 0.040364583333333336 0.040364583333333336
0 0.23942057291666666 0.8736979166666666 0.040364583333333336 0.040364583333333336
0 0.4016927083333333 0.8313802083333334 0.0390625 0.0390625
0 0.7272135416666666 0.8196614583333334 0.0390625 0.0390625
0 0.1748046875 0.7486979166666666 0.0478515625 0.057291666666666664
0 0.8118489583333334 0.4560546875 0.0390625 0.035807291666666664
0 0.13834635416666666 0.8600260416666666 0.040690104166666664 0.0390625
0 0.5094401041666666 0.4807942708333333 0.046875 0.045572916666666664
0 0.13427734375 0.6966145833333334 0.049153645833333336 0.044270833333333336
0 0.3274739583333333 0.9466145833333334 0.048177083333333336 0.029947916666666668
0 0.07796223958333333 0.5315755208333334 0.035970052083333336 0.033854166666666664
0 0.50390625 0.5712890625 0.037760416666666664 0.035807291666666664
0 0.9088541666666666 0.4677734375 0.036458333333333336 0.029947916666666668
0 0.08943684895833333 0.4752604166666667 0.034016927083333336 0.037760416666666664
0 0.15694173177083334 0.5149739583333334 0.034423828125 0.037109375
0 0.16243489583333334 0.4703776041666667 0.039713541666666664 0.044921875
0 0.23372395833333334 0.509765625 0.035481770833333336 0.0390625
0 0.65234375 0.3561197916666667 0.027994791666666668 0.034505208333333336
0 0.2771809895833333 0.5875651041666666 0.041341145833333336 0.031901041666666664
0 0.2864583333333333 0.90625 0.040690104166666664 0.032552083333333336
0 0.396484375 0.896484375 0.042317708333333336 0.044270833333333336
0 0.12027994791666667 0.5162760416666666 0.035319010416666664 0.028645833333333332
0 0.5869140625 0.599609375 0.029296875 0.048177083333333336
0 0.4163411458333333 0.5227864583333334 0.04296875 0.040364583333333336
0 0.0155029296875 0.5602213541666666 0.031005859375 0.03515625
0 0.20198567708333334 0.3740234375 0.034505208333333336 0.03515625
0 0.3733723958333333 0.8717447916666666 0.028645833333333332 0.033854166666666664
0 0.98828125 0.3479817708333333 0.022135416666666668 0.044921875
0 0.38671875 0.751953125 0.032552083333333336 0.02734375
0 0.19156901041666666 0.4596354166666667 0.0283203125 0.037760416666666664
0 0.19661458333333334 0.4049479166666667 0.037109375 0.03515625
0 0.11922200520833333 0.3850911458333333 0.039876302083333336 0.030598958333333332
0 0.11197916666666667 0.5517578125 0.034342447916666664 0.037760416666666664
0 0.5377604166666666 0.4404296875 0.034505208333333336 0.039713541666666664
0 0.15596516927083334 0.4150390625 0.037027994791666664 0.0390625
0 0.837890625 0.8893229166666666 0.040364583333333336 0.028645833333333332
0 0.041310628255208336 0.5735677083333334 0.023173014322916668 0.03125
0 0.15934244791666666 0.3782552083333333 0.029622395833333332 0.024739583333333332
0 0.051717122395833336 0.8587239583333334 0.046956380208333336 0.036458333333333336
0 0.8619791666666666 0.3990885416666667 0.03125 0.033854166666666664
0 0.5107421875 0.4456380208333333 0.032552083333333336 0.035807291666666664
0 0.4055989583333333 0.2833658854166667 0.040364583333333336 0.030598958333333332
0 0.5859375 0.9609375 0.02734375 0.03125
0 0.19099581068840576 0.5301814424818839 0.029466711956521657 0.04176573822463762
0 0.8763020833333334 0.4163411458333333 0.028645833333333332 0.030598958333333332
0 0.030843098958333332 0.25732421875 0.021199544270833332 0.028971354166666668
0 0.2521158854166667 0.3974609375 0.0205078125 0.034505208333333336
0 0.3984375 0.5859375 0.02734375 0.030598958333333332
0 0.008305867513020834 0.23421223958333334 0.016611735026041668 0.040364583333333336
0 0.16008194633152173 0.44054291213768115 0.03468212182971012 0.030825407608695565
0 0.3404947916666667 0.70703125 0.033854166666666664 0.0234375
0 0.38679659193840576 0.3276933310688406 0.05679630887681153 0.03233978713768115
0 0.07063802083333333 0.9029947916666666 0.039388020833333336 0.033854166666666664
0 0.4261067708333333 0.76953125 0.0234375 0.03125
0 0.11971028645833333 0.4313151041666667 0.025390625 0.028645833333333332
0 0.30419921875 0.83984375 0.0302734375 0.020833333333333332
0 0.5403645833333334 0.3040364583333333 0.026041666666666668 0.0185546875
0 0.10763594033061592 0.4217051630434782 0.03314297441123185 0.03453351449275358
0 0.9557291666666666 0.748046875 0.022135416666666668 0.02734375
0 0.7734375 0.9342447916666666 0.028645833333333332 0.026041666666666668
0 0.6331380208333334 0.6318359375 0.018880208333333332 0.032552083333333336
0 0.3570963541666667 0.7923177083333334 0.020833333333333332 0.022135416666666668
0 0.9823935688405797 0.5489130434782609 0.02728713768115935 0.04053442028985499
