0 0.931640625 0.029947916666666668 0.041666666666666664 0.04638671875
0 0.6204427083333334 0.2841796875 0.043619791666666664 0.039713541666666664
0 0.3115234375 0.27392578125 0.033203125 0.024739583333333332
0 0.3645833333333333 0.1588134765625 0.03125 0.031656901041666664
0 0.92578125 0.10465494791666667 0.032552083333333336 0.031575520833333336
0 0.6227213541666666 0.4563802083333333 0.03515625 0.0390625
0 0.7643229166666666 0.06709798177083333 0.033854166666666664 0.02880859375
0 0.9127604166666666 0.4544270833333333 0.024739583333333332 0.026692708333333332
0 0.36728843669250644 0.029402858527131783 0.04037467700258398 0.02826227390180879
0 0.1033389857881137 0.1616299257105943 0.03532784237726102 0.030281007751937983
0 0.9648336563307492 0.37460634689922473 0.03229974160206724 0.02422480620155043
