0 0.8177083333333334 0.07989501953125 0.041666666666666664 0.0511474609375
0 0.7838541666666666 0.08331298828125 0.03515625 0.0394287109375
0 0.810546875 0.20247395833333334 0.0390625 0.042643229166666664
0 0.68408203125 0.013437906901041666 0.044596354166666664 0.026875813802083332
0 0.318115234375 0.5501302083333334 0.042154947916666664 0.0390625
0 0.6634114583333334 0.15673828125 0.044270833333333336 0.0341796875
0 0.032908121744791664 0.3893229166666667 0.043233235677083336 0.029947916666666668
0 0.7506510416666666 0.8190104166666666 0.041666666666666664 0.046875
0 0.30126953125 0.139404296875 0.024088541666666668 0.038899739583333336
0 0.6739908854166666 0.6844075520833334 0.029622395833333332 0.054361979166666664
0 0.18098958333333334 0.5843098958333334 0.052408854166666664 0.046223958333333336
0 0.70703125 0.6354166666666666 0.037760416666666664 0.022786458333333332
0 0.4459635416666667 0.4700520833333333 0.042317708333333336 0.022786458333333332
0 0.12801106770833334 0.6907552083333334 0.028157552083333332 0.0234375
0 0.31298828125 0.05712890625 0.0439453125 0.03759765625
0 0.19075520833333334 0.6363932291666666 0.0341796875 0.043619791666666664
0 0.5553385416666666 0.4163411458333333 0.028645833333333332 0.032552083333333336
0 0.25439453125 0.022054036458333332 0.033854166666666664 0.0374755859375
0 0.050821940104166664 0.4215494791666667 0.029541015625 0.0234375
0 0.4453125 0.060872395833333336 0.040364583333333336 0.025065104166666668
0 0.26513671875 0.4309895833333333 0.039713541666666664 0.04296875
0 0.6513671875 0.2021484375 0.026041666666666668 0.034505208333333336
0 0.7545572916666666 0.8776041666666666 0.032552083333333336 0.045572916666666664
0 0.2791341145833333 0.1640625 0.026041666666666668 0.0263671875
0 0.3255208333333333 0.6907552083333334 0.041666666666666664 0.037760416666666664
0 0.24886067708333334 0.5393880208333334 0.033854166666666664 0.017578125
0 0.010004679361979166 0.560546875 0.020009358723958332 0.022135416666666668
0 0.08766682942708333 0.75 0.0250244140625 0.028645833333333332
0 0.6402994791666666 0.049275716145833336 0.029947916666666668 0.021809895833333332
0 0.16105143229166666 0.039265950520833336 0.033040364583333336 0.021565755208333332
0 0.5610868863049095 0.4881601259689923 0.05248708010335923 0.03936531007751939
0 0.5207122093023256 0.12226461563307493 0.018168604651162806 0.02220607235142119
0 0.4646923449612403 0.26155725129198965 0.02321543927648569 0.022206072351421174
0 0.42936450258397935 0.1550690406976744 0.01917797157622732 0.017159237726098175
0 0.4455143733850129 0.018299822351421188 0.02321543927648584 0.028262273901808785
0 0.3869710917312661 0.051104247416020675 0.031290374677002575 0.019177971576227387
0 0.19418200904392768 0.1374051195090439 0.025234173126615023 0.02826227390180878
