0 0.26953125 0.9270833333333334 0.060221354166666664 0.07421875
0 0.6848958333333334 0.13460286458333334 0.05078125 0.040690104166666664
0 0.4544270833333333 0.058685302734375 0.042317708333333336 0.04620361328125
0 0.27587890625 0.80859375 0.043619791666666664 0.0390625
0 0.8567708333333334 0.8912760416666666 0.052083333333333336 0.05078125
0 0.6471354166666666 0.4059244791666667 0.046875 0.031901041666666664
0 0.7259114583333334 0.20084635416666666 0.052083333333333336 0.0556640625
0 0.4000651041666667 0.6953125 0.035807291666666664 0.028645833333333332
0 0.7337239583333334 0.3802083333333333 0.045572916666666664 0.044270833333333336
0 0.8170572916666666 0.3391927083333333 0.033854166666666664 0.045572916666666664
0 0.5009765625 0.055572509765625 0.046223958333333336 0.04949951171875
0 0.42578125 0.4114583333333333 0.037760416666666664 0.02734375
0 0.7454427083333334 0.943359375 0.03515625 0.036458333333333336
0 0.3958333333333333 0.064208984375 0.033854166666666664 0.051106770833333336
0 0.7473958333333334 0.5582682291666666 0.045572916666666664 0.015625
0 0.7018229166666666 0.3873697916666667 0.0390625 0.037760416666666664
0 0.24104817708333334 0.8190104166666666 0.0400390625 0.052083333333333336
0 0.5823567708333334 0.24300130208333334 0.033854166666666664 0.035481770833333336
0 0.6808268229166666 0.19189453125 0.028971354166666668 0.050130208333333336
0 0.9837239583333334 0.8111979166666666 0.026041666666666668 0.029947916666666668
0 0.6920572916666666 0.27783203125 0.026041666666666668 0.025065104166666668
0 0.9856770833333334 0.7317708333333334 0.024739583333333332 0.0234375
0 0.7858072916666666 0.9765625 0.0390625 0.026041666666666668
0 0.22428385416666666 0.90234375 0.043619791666666664 0.052083333333333336
0 0.4521484375 0.20133463541666666 0.02734375 0.0205078125
0 0.24104817708333334 0.9889322916666666 0.025716145833333332 0.022135416666666668
0 0.3616536458333333 0.3037109375 0.024088541666666668 0.0234375
0 0.22102864583333334 0.8346354166666666 0.024739583333333332 0.029947916666666668
0 0.48046875 0.23990885416666666 0.022786458333333332 0.027994791666666668
0 0.41573804909560724 0.23935117894056845 0.02018733850129199 0.02018733850129199
0 0.8068677325581395 0.30395066214470284 0.025234173126614873 0.026243540051679577
