0 0.7486979166666666 0.118408203125 0.0390625 0.037109375
0 0.7825520833333334 0.12361653645833333 0.032552083333333336 0.0361328125
0 0.6305338541666666 0.0216827392578125 0.041666666666666664 0.040700276692708336
0 0.8430989583333334 0.96875 0.045572916666666664 0.037760416666666664
0 0.6070963541666666 0.4283854166666667 0.03515625 0.026041666666666668
0 0.7623697916666666 0.08253987630208333 0.0390625 0.038370768229166664
0 0.8033854166666666 0.14794921875 0.036458333333333336 0.029947916666666668
0 0.8235677083333334 0.9309895833333334 0.041666666666666664 0.036458333333333336
0 0.5439453125 0.98046875 0.0390625 0.0390625
0 0.6608072916666666 0.014607747395833334 0.03515625 0.029215494791666668
0 0.74609375 0.2763671875 0.03515625 0.033203125
0 0.5218098958333334 0.9886067708333334 0.033203125 0.022786458333333332
0 0.7584635416666666 0.5322265625 0.024739583333333332 0.020833333333333332
0 0.7747395833333334 0.2568359375 0.029947916666666668 0.029296875
0 0.7740633074935399 0.5991904877260982 0.02018733850129199 0.02119670542635658
0 0.8209988695090439 0.6385557978036176 0.027252906976744207 0.02523417312661495
0 0.8088864664082687 0.560329861111111 0.019177971576227176 0.02018733850129199
0 0.5620962532299741 0.6854913598191215 0.024224806201550358 0.022206072351421174
0 0.5969194121447028 0.681453892118863 0.01917797157622732 0.03229974160206709
0 0.5514979005167958 0.5815265665374677 0.027252906976744207 0.022206072351421174
0 0.7644743217054263 0.46797278746770027 0.027252906976744058 0.02523417312661495
