0 0.8645833333333334 0.4375 0.0390625 0.038411458333333336
0 0.9596354166666666 0.30712890625 0.045572916666666664 0.056315104166666664
0 0.12662760416666666 0.6145833333333334 0.038411458333333336 0.0390625
0 0.904296875 0.11181640625 0.044270833333333336 0.05078125
0 0.9850260416666666 0.2626953125 0.029947916666666668 0.0419921875
0 0.7877604166666666 0.3684895833333333 0.04296875 0.037760416666666664
0 0.6165364583333334 0.4329427083333333 0.03125 0.032552083333333336
0 0.7447916666666666 0.93359375 0.05078125 0.044270833333333336
0 0.047892252604166664 0.6380208333333334 0.027669270833333332 0.0234375
0 0.9876302083333334 0.810546875 0.022135416666666668 0.057291666666666664
0 0.4485677083333333 0.65576171875 0.031901041666666664 0.0283203125
0 0.0408935546875 0.3740234375 0.034830729166666664 0.022135416666666668
0 0.83984375 0.5924479166666666 0.02734375 0.027994791666666668
0 0.814453125 0.3831380208333333 0.026041666666666668 0.037109375
0 0.4827473958333333 0.537109375 0.030598958333333332 0.0234375
0 0.9401041666666666 0.13720703125 0.028645833333333332 0.02685546875
0 0.93359375 0.3154296875 0.0234375 0.04296875
0 0.6080729166666666 0.4527994791666667 0.031901041666666664 0.0234375
0 0.8684895833333334 0.08382161458333333 0.044270833333333336 0.035319010416666664
