0 0.12833658854166666 0.6692708333333334 0.042643229166666664 0.044270833333333336
0 0.5673828125 0.3328450520833333 0.033854166666666664 0.039388020833333336
0 0.7408854166666666 0.0274658203125 0.05078125 0.054931640625
0 0.7727864583333334 0.21712239583333334 0.040364583333333336 0.036458333333333336
0 0.6458333333333334 0.4309895833333333 0.039713541666666664 0.034505208333333336
0 0.4375 0.728515625 0.041015625 0.040364583333333336
0 0.703125 0.106201171875 0.02734375 0.041341145833333336
0 0.3863932291666667 0.5358072916666666 0.029296875 0.044270833333333336
0 0.53125 0.4016927083333333 0.025390625 0.040364583333333336
0 0.8932291666666666 0.5611979166666666 0.048177083333333336 0.042317708333333336
0 0.734375 0.853515625 0.041666666666666664 0.044270833333333336
0 0.6263020833333334 0.5348307291666666 0.031901041666666664 0.027994791666666668
0 0.7604166666666666 0.8515625 0.040364583333333336 0.04296875
0 0.4990234375 0.085693359375 0.039713541666666664 0.046223958333333336
0 0.5231119791666666 0.3024088541666667 0.026041666666666668 0.026692708333333332
0 0.7174479166666666 0.3108723958333333 0.032552083333333336 0.027994791666666668
0 0.638671875 0.5670572916666666 0.030598958333333332 0.028645833333333332
