0 0.45703125 0.037302652994791664 0.06770833333333333 0.053975423177083336
0 0.5009765625 0.027872721354166668 0.055338541666666664 0.055745442708333336
0 0.2877604166666667 0.28515625 0.051432291666666664 0.039713541666666664
0 0.283203125 0.8600260416666666 0.049153645833333336 0.045572916666666664
0 0.5686848958333334 0.6259765625 0.05078125 0.04296875
0 0.6593424479166666 0.400390625 0.0537109375 0.057942708333333336
0 0.8444010416666666 0.953125 0.05078125 0.0546875
0 0.482421875 0.15462239583333334 0.054036458333333336 0.0537109375
0 0.3477376302083333 0.25390625 0.048014322916666664 0.052734375
0 0.5045572916666666 0.2731119791666667 0.039713541666666664 0.048502604166666664
0 0.6285807291666666 0.016743977864583332 0.06770833333333333 0.033487955729166664
0 0.4586588541666667 0.20279947916666666 0.0546875 0.040364583333333336
0 0.265625 0.6201171875 0.054036458333333336 0.044270833333333336
0 0.5904947916666666 0.5856119791666666 0.028645833333333332 0.033854166666666664
0 0.8522135416666666 0.8658854166666666 0.0390625 0.028645833333333332
0 0.5963541666666666 0.24462890625 0.059244791666666664 0.0556640625
0 0.404296875 0.20052083333333334 0.045572916666666664 0.040364583333333336
0 0.06846110026041667 0.9798177083333334 0.049275716145833336 0.040364583333333336
0 0.24820963541666666 0.666015625 0.046549479166666664 0.0546875
0 0.6468098958333334 0.24235026041666666 0.037760416666666664 0.034505208333333336
0 0.16520182291666666 0.8776041666666666 0.041666666666666664 0.0390625
0 0.697265625 0.21435546875 0.026041666666666668 0.028645833333333332
0 0.6920572916666666 0.5611979166666666 0.02734375 0.034505208333333336
0 0.6432291666666666 0.15665690104166666 0.039713541666666664 0.03857421875
0 0.2639973958333333 0.4534505208333333 0.058919270833333336 0.040364583333333336
0 0.3111979166666667 0.2618815104166667 0.042643229166666664 0.041015625
0 0.8229166666666666 0.9739583333333334 0.0546875 0.052083333333333336
0 0.6946614583333334 0.3873697916666667 0.037760416666666664 0.037760416666666664
0 0.7252604166666666 0.3289388020833333 0.052083333333333336 0.0439453125
0 0.5491536458333334 0.2674153645833333 0.022135416666666668 0.047526041666666664
0 0.71875 0.17427571614583334 0.028645833333333332 0.049235026041666664
0 0.6422526041666666 0.21761067708333334 0.031901041666666664 0.029947916666666668
0 0.7115885416666666 0.3684895833333333 0.033854166666666664 0.0390625
0 0.22672526041666666 0.6966145833333334 0.034830729166666664 0.0234375
0 0.7532552083333334 0.3147786458333333 0.029947916666666668 0.041666666666666664
0 0.779296875 0.04833984375 0.044270833333333336 0.048095703125
0 0.6106770833333334 0.4329427083333333 0.029947916666666668 0.029947916666666668
0 0.3893229166666667 0.22705078125 0.038411458333333336 0.025390625
0 0.021443684895833332 0.8268229166666666 0.032958984375 0.02734375
0 0.646484375 0.640625 0.031901041666666664 0.033203125
0 0.4921875 0.10093180338541667 0.05859375 0.0484619140625
0 0.7024739583333334 0.321044921875 0.029947916666666668 0.036295572916666664
0 0.4111328125 0.4720052083333333 0.03515625 0.028645833333333332
0 0.296875 0.4713541666666667 0.033528645833333336 0.047526041666666664
0 0.6432291666666666 0.4475911458333333 0.031901041666666664 0.022135416666666668
0 0.931640625 0.8873697916666666 0.032552083333333336 0.03125
0 0.7200520833333334 0.39453125 0.024739583333333332 0.029947916666666668
0 0.7765362564599484 0.2106258579618863 0.03744751291989671 0.04533823885658913
0 0.4530846253229974 0.10510537790697676 0.050468346253230045 0.052487080103359174
0 0.593891311369509 0.3952983688630491 0.025234173126614873 0.023215439276485766
0 0.21739744832041344 0.6602571866925064 0.021196705426356505 0.020187338501292063
0 0.4177567829457364 0.3958030523255814 0.030281007751938056 0.03229974160206717
