0 0.9700520833333334 0.22802734375 0.0390625 0.039713541666666664
0 0.619140625 0.6604817708333334 0.032552083333333336 0.027994791666666668
0 0.8404947916666666 0.876953125 0.044270833333333336 0.045572916666666664
0 0.16080729166666666 0.57421875 0.036783854166666664 0.02734375
0 0.9615885416666666 0.5026041666666666 0.037760416666666664 0.03125
0 0.6564127604166666 0.6642252604166666 0.027018229166666668 0.0322265625
0 0.9563802083333334 0.46875 0.03515625 0.040364583333333336
0 0.15775553385416666 0.6901041666666666 0.039632161458333336 0.033854166666666664
0 0.6822916666666666 0.4798177083333333 0.03125 0.041015625
0 0.810546875 0.4085286458333333 0.03515625 0.034505208333333336
0 0.9303385416666666 0.4934895833333333 0.028645833333333332 0.034505208333333336
0 0.431640625 0.5250651041666666 0.031901041666666664 0.022786458333333332
0 0.90234375 0.16023763020833334 0.028645833333333332 0.029459635416666668
0 0.6337890625 0.548828125 0.033203125 0.032552083333333336
0 0.3196614583333333 0.326171875 0.032552083333333336 0.0390625
0 0.873046875 0.806640625 0.053385416666666664 0.055989583333333336
0 0.3610026041666667 0.2255859375 0.033203125 0.026041666666666668
0 0.4384765625 0.19156901041666666 0.029296875 0.0263671875
0 0.7317708333333334 0.498046875 0.028645833333333332 0.028645833333333332
0 0.17333984375 0.7102864583333334 0.037434895833333336 0.032552083333333336
0 0.7337239583333334 0.626953125 0.02734375 0.028645833333333332
0 0.3399251302083333 0.533203125 0.02783203125 0.027994791666666668
0 0.8880208333333334 0.8229166666666666 0.04296875 0.033854166666666664
0 0.4798177083333333 0.48828125 0.026041666666666668 0.024739583333333332
