0 0.8053385416666666 0.125 0.046875 0.048502604166666664
0 0.5973307291666666 0.14912923177083334 0.0546875 0.051025390625
0 0.2615559895833333 0.3151041666666667 0.041015625 0.027994791666666668
0 0.9615885416666666 0.3684895833333333 0.046875 0.031901041666666664
0 0.6494140625 0.01239013671875 0.050130208333333336 0.0247802734375
0 0.3714192708333333 0.2618815104166667 0.036458333333333336 0.035481770833333336
0 0.771484375 0.12980143229166666 0.036458333333333336 0.04833984375
0 0.2571614583333333 0.6678059895833334 0.045247395833333336 0.040690104166666664
0 0.3211263020833333 0.7200520833333334 0.0458984375 0.041666666666666664
0 0.2884114583333333 0.5690104166666666 0.054036458333333336 0.059244791666666664
0 0.873046875 0.580078125 0.02734375 0.044270833333333336
0 0.7506510416666666 0.3968098958333333 0.040364583333333336 0.0390625
0 0.73828125 0.5582682291666666 0.046875 0.049479166666666664
0 0.7506510416666666 0.478515625 0.0390625 0.031901041666666664
0 0.5084635416666666 0.4176432291666667 0.03125 0.030598958333333332
0 0.2805989583333333 0.20361328125 0.025390625 0.0380859375
0 0.794921875 0.2649739583333333 0.046875 0.045572916666666664
0 0.3889973958333333 0.4368489583333333 0.041666666666666664 0.040364583333333336
0 0.5940755208333334 0.35546875 0.042317708333333336 0.048177083333333336
0 0.5322265625 0.2630208333333333 0.034505208333333336 0.022135416666666668
0 0.8131510416666666 0.18782552083333334 0.049479166666666664 0.058919270833333336
0 0.11857096354166667 0.7721354166666666 0.02880859375 0.037760416666666664
0 0.4700520833333333 0.564453125 0.022786458333333332 0.02734375
0 0.3942057291666667 0.3899739583333333 0.030598958333333332 0.03515625
0 0.83984375 0.201171875 0.032552083333333336 0.0380859375
0 0.4892578125 0.5279947916666666 0.027994791666666668 0.022786458333333332
0 0.4261067708333333 0.16947428385416666 0.031901041666666664 0.019449869791666668
0 0.40625 0.4342447916666667 0.035807291666666664 0.032552083333333336
0 0.24788411458333334 0.7174479166666666 0.0205078125 0.032552083333333336
0 0.9602864583333334 0.23030598958333334 0.037760416666666664 0.030924479166666668
0 0.7493489583333334 0.2503255208333333 0.026041666666666668 0.029622395833333332
0 0.703125 0.5608723958333334 0.029947916666666668 0.03125
0 0.3564453125 0.2845052083333333 0.031901041666666664 0.029296875
