0 0.4908854166666667 0.12101236979166667 0.0390625 0.03857421875
0 0.2542317708333333 0.148681640625 0.056315104166666664 0.048665364583333336
0 0.12556966145833334 0.2825520833333333 0.053873697916666664 0.0478515625
0 0.6435546875 0.22574869791666666 0.047526041666666664 0.044596354166666664
0 0.5621744791666666 0.026265462239583332 0.046875 0.046915690104166664
0 0.6018880208333334 0.220703125 0.037760416666666664 0.042317708333333336
0 0.5514322916666666 0.20882161458333334 0.029947916666666668 0.034505208333333336
0 0.12638346354166666 0.435546875 0.045247395833333336 0.046223958333333336
0 0.22216796875 0.22737630208333334 0.028645833333333332 0.026041666666666668
0 0.3834635416666667 0.087646484375 0.022786458333333332 0.0224609375
0 0.9837239583333334 0.20247395833333334 0.022135416666666668 0.037109375
0 0.4374394379844961 0.19140625 0.02927164082687339 0.031290374677002575
