0 0.8040364583333334 0.3020833333333333 0.048177083333333336 0.036783854166666664
0 0.5852864583333334 0.09814453125 0.043619791666666664 0.055501302083333336
0 0.7369791666666666 0.3378092447916667 0.04296875 0.050944010416666664
0 0.2652994791666667 0.6671549479166666 0.051432291666666664 0.0498046875
0 0.2843424479166667 0.8567708333333334 0.057942708333333336 0.055989583333333336
0 0.22233072916666666 0.7923177083333334 0.034830729166666664 0.040364583333333336
0 0.3824869791666667 0.5774739583333334 0.046875 0.053385416666666664
0 0.37890625 0.3990885416666667 0.041015625 0.042317708333333336
0 0.3929036458333333 0.8131510416666666 0.035807291666666664 0.026041666666666668
0 0.6552734375 0.6315104166666666 0.056640625 0.05859375
0 0.22639973958333334 0.744140625 0.0458984375 0.045572916666666664
0 0.841796875 0.0450439453125 0.045572916666666664 0.045572916666666664
0 0.7298177083333334 0.4205729166666667 0.04296875 0.043619791666666664
0 0.6920572916666666 0.3385416666666667 0.048177083333333336 0.055989583333333336
0 0.5533854166666666 0.4342447916666667 0.033854166666666664 0.041666666666666664
0 0.2696940104166667 0.4153645833333333 0.047200520833333336 0.041666666666666664
0 0.8873697916666666 0.014628092447916666 0.037760416666666664 0.029256184895833332
0 0.5823567708333334 0.58984375 0.03515625 0.034505208333333336
0 0.4622395833333333 0.09700520833333333 0.057942708333333336 0.0478515625
0 0.3135579427083333 0.8854166666666666 0.042805989583333336 0.049479166666666664
0 0.416015625 0.408203125 0.035807291666666664 0.046875
0 0.6458333333333334 0.421875 0.041015625 0.06705729166666667
0 0.3909505208333333 0.12117513020833333 0.044921875 0.056966145833333336
0 0.6888020833333334 0.14876302083333334 0.05078125 0.059244791666666664
0 0.015350341796875 0.9375 0.03070068359375 0.032552083333333336
0 0.24397786458333334 0.7669270833333334 0.036458333333333336 0.040364583333333336
0 0.71484375 0.4541015625 0.0234375 0.033203125
0 0.7643229166666666 0.7434895833333334 0.02734375 0.03515625
0 0.4407552083333333 0.2989908854166667 0.044270833333333336 0.033854166666666664
0 0.6712239583333334 0.4501953125 0.029947916666666668 0.02734375
0 0.650390625 0.5289713541666666 0.040364583333333336 0.03515625
0 0.2513020833333333 0.24934895833333334 0.0390625 0.050130208333333336
0 0.76953125 0.14847819010416666 0.02734375 0.037679036458333336
0 0.9322916666666666 0.7994791666666666 0.024739583333333332 0.03515625
0 0.5764973958333334 0.3407389322916667 0.057291666666666664 0.030110677083333332
0 0.3649088541666667 0.2740885416666667 0.022135416666666668 0.036783854166666664
0 0.6953125 0.113037109375 0.03125 0.03271484375
0 0.7532552083333334 0.791015625 0.036458333333333336 0.03125
0 0.6901041666666666 0.18375651041666666 0.0390625 0.040364583333333336
0 0.6214192708333334 0.0416259765625 0.035807291666666664 0.023274739583333332
0 0.68359375 0.6201171875 0.052083333333333336 0.050130208333333336
0 0.83984375 0.2840169270833333 0.024739583333333332 0.028971354166666668
0 0.2722981770833333 0.4541015625 0.033203125 0.025390625
0 0.8736979166666666 0.5387369791666666 0.03125 0.0234375
0 0.5390625 0.051310221354166664 0.031901041666666664 0.036865234375
0 0.2989908854166667 0.6227213541666666 0.0244140625 0.025390625
0 0.7799479166666666 0.02215576171875 0.033854166666666664 0.028076171875
0 0.8912760416666666 0.012723286946614584 0.033854166666666664 0.016667683919270832
