0 0.6474609375 0.9270833333333334 0.044921875 0.032552083333333336
0 0.630859375 0.6940104166666666 0.038411458333333336 0.040364583333333336
0 0.7805989583333334 0.923828125 0.046875 0.036458333333333336
0 0.4840494791666667 0.90625 0.034505208333333336 0.041666666666666664
0 0.7428385416666666 0.9264322916666666 0.032552083333333336 0.03125
0 0.6438802083333334 0.8704427083333334 0.032552083333333336 0.04296875
0 0.4401041666666667 0.9049479166666666 0.034505208333333336 0.037760416666666664
0 0.775390625 0.8020833333333334 0.033854166666666664 0.026041666666666668
0 0.443359375 0.9329427083333334 0.025390625 0.03515625
0 0.3971354166666667 0.9853515625 0.026041666666666668 0.029296875
0 0.8430989583333334 0.9205729166666666 0.024739583333333332 0.024739583333333332
0 0.7938519460594314 0.8719012435400516 0.029483607881137058 0.029635012919896713
0 0.7614462209302326 0.8444666505167958 0.03129037467700272 0.03532784237726094
