0 0.6875 0.07515462239583333 0.04296875 0.040771484375
0 0.6438802083333334 0.08642578125 0.041666666666666664 0.0556640625
0 0.4313151041666667 0.16780598958333334 0.054036458333333336 0.0556640625
0 0.5553385416666666 0.026814778645833332 0.042317708333333336 0.038492838541666664
0 0.27392578125 0.5234375 0.041341145833333336 0.0390625
0 0.689453125 0.13224283854166666 0.037760416666666664 0.041341145833333336
0 0.5550130208333334 0.3079427083333333 0.03515625 0.035807291666666664
0 0.9542353036175709 0.4997678456072352 0.03532784237726094 0.0282622739018088
0 0.22981770833333334 0.5514322916666666 0.036458333333333336 0.041015625
0 0.2646484375 0.3776041666666667 0.025390625 0.022135416666666668
0 0.5794270833333334 0.0443115234375 0.029296875 0.028971354166666668
0 0.5986328125 0.3028971354166667 0.020182291666666668 0.0263671875
0 0.7024739583333334 0.4759114583333333 0.02734375 0.021484375
0 0.7175387596899224 0.1878734657622739 0.022206072351421174 0.0282622739018088
0 0.4334019702842377 0.27467902131782945 0.027252906976744058 0.02018733850129199
0 0.2512112403100775 0.6365370639534883 0.03229974160206724 0.031290374677002575
0 0.2698845284237726 0.6244246608527132 0.021196705426356655 0.021196705426356655
0 0.2517159237726098 0.6133216246770026 0.021196705426356655 0.017159237726098137
