0 0.5608723958333334 0.21663411458333334 0.041015625 0.043294270833333336
0 0.7708333333333334 0.4205729166666667 0.044270833333333336 0.044270833333333336
0 0.3707682291666667 0.028076171875 0.033854166666666664 0.036539713541666664
0 0.5061848958333334 0.3948567708333333 0.037760416666666664 0.025390625
0 0.5149739583333334 0.4274088541666667 0.045572916666666664 0.035807291666666664
0 0.5582682291666666 0.310546875 0.0390625 0.0380859375
0 0.14420572916666666 0.2879231770833333 0.0458984375 0.0458984375
0 0.10335286458333333 0.2879231770833333 0.043782552083333336 0.040690104166666664
0 0.8743489583333334 0.513671875 0.053385416666666664 0.055338541666666664
0 0.11376953125 0.035186767578125 0.03515625 0.031840006510416664
0 0.24886067708333334 0.016133626302083332 0.0380859375 0.024861653645833332
0 0.3522135416666667 0.08390299479166667 0.043619791666666664 0.049641927083333336
0 0.07145182291666667 0.097900390625 0.034993489583333336 0.0283203125
0 0.135498046875 0.045450846354166664 0.035807291666666664 0.036702473958333336
0 0.10237630208333333 0.06685384114583333 0.037434895833333336 0.033284505208333336
0 0.18977864583333334 0.07210286458333333 0.025716145833333332 0.031901041666666664
0 0.2529296875 0.060384114583333336 0.02734375 0.028483072916666668
0 0.8079427083333334 0.3551432291666667 0.02734375 0.024088541666666668
0 0.5465494791666666 0.4016927083333333 0.029947916666666668 0.033203125
0 0.8502604166666666 0.49609375 0.03515625 0.027994791666666668
0 0.3245442708333333 0.102294921875 0.024739583333333332 0.03857421875
0 0.6979166666666666 0.4270833333333333 0.022135416666666668 0.029296875
0 0.18798828125 0.042917887369791664 0.0244140625 0.02630615234375
