0 0.08902994791666667 0.4541015625 0.034342447916666664 0.035807291666666664
0 0.9329427083333334 0.3447265625 0.041666666666666664 0.029296875
0 0.49609375 0.24967447916666666 0.030598958333333332 0.031575520833333336
0 0.66650390625 0.21012369791666666 0.040690104166666664 0.045572916666666664
0 0.5501302083333334 0.5029296875 0.043619791666666664 0.043619791666666664
0 0.5110677083333334 0.4654947916666667 0.040364583333333336 0.035807291666666664
0 0.14705403645833334 0.09800211588541667 0.04345703125 0.0426025390625
0 0.10319010416666667 0.4303385416666667 0.034830729166666664 0.031901041666666664
0 0.24625651041666666 0.3401692708333333 0.029947916666666668 0.046875
0 0.060384114583333336 0.5022786458333334 0.030029296875 0.045572916666666664
0 0.11531575520833333 0.4016927083333333 0.027018229166666668 0.026041666666666668
0 0.9466145833333334 0.4977213541666667 0.032552083333333336 0.028645833333333332
0 0.9661458333333334 0.3267415364583333 0.03125 0.02685546875
0 0.447265625 0.050140380859375 0.036458333333333336 0.026346842447916668
0 0.60546875 0.15641276041666666 0.038411458333333336 0.034830729166666664
0 0.5260416666666666 0.14860026041666666 0.030598958333333332 0.025390625
0 0.923828125 0.24772135416666666 0.037760416666666664 0.028971354166666668
