0 0.5940755208333334 0.7669270833333334 0.03515625 0.033854166666666664
0 0.6739908854166666 0.3077799479166667 0.038736979166666664 0.047200520833333336
0 0.7024739583333334 0.054443359375 0.046875 0.039469401041666664
0 0.2662760416666667 0.9016927083333334 0.040364583333333336 0.036458333333333336
0 0.701171875 0.12369791666666667 0.033854166666666664 0.035807291666666664
0 0.478515625 0.8287760416666666 0.038411458333333336 0.044270833333333336
0 0.546875 0.759765625 0.03515625 0.032552083333333336
0 0.6393229166666666 0.11669921875 0.035807291666666664 0.038411458333333336
0 0.3971354166666667 0.7252604166666666 0.044270833333333336 0.037760416666666664
0 0.25341796875 0.9759114583333334 0.040364583333333336 0.032552083333333336
0 0.3805338541666667 0.8502604166666666 0.035807291666666664 0.037760416666666664
0 0.5445963541666666 0.439453125 0.033854166666666664 0.03515625
0 0.4573567708333333 0.6663411458333334 0.048177083333333336 0.039713541666666664
0 0.01434326171875 0.9518229166666666 0.0286865234375 0.053385416666666664
0 0.8489583333333334 0.5862630208333334 0.032552083333333336 0.04296875
0 0.21370442708333334 0.9837239583333334 0.028971354166666668 0.0234375
0 0.5706380208333334 0.4423828125 0.02734375 0.029947916666666668
0 0.9283854166666666 0.4192708333333333 0.0390625 0.044921875
0 0.6822916666666666 0.07670084635416667 0.033854166666666664 0.032307942708333336
0 0.4739583333333333 0.79296875 0.036458333333333336 0.037760416666666664
0 0.8645833333333334 0.6025390625 0.029947916666666668 0.034505208333333336
0 0.37109375 0.8834635416666666 0.026041666666666668 0.044270833333333336
0 0.6442057291666666 0.53125 0.021484375 0.034505208333333336
0 0.6888020833333334 0.419921875 0.0234375 0.048828125
0 0.68359375 0.4720052083333333 0.028645833333333332 0.029947916666666668
0 0.9095052083333334 0.5198567708333334 0.033854166666666664 0.022135416666666668
0 0.4264322916666667 0.814453125 0.026692708333333332 0.020833333333333332
0 0.027180989583333332 0.984375 0.033040364583333336 0.029947916666666668
0 0.2638346354166667 0.9342447916666666 0.030924479166666668 0.02734375
0 0.6901041666666666 0.105712890625 0.05078125 0.017903645833333332
0 0.12687174479166666 0.9798177083333334 0.024088541666666668 0.02734375
0 0.9385901162790696 0.5527596091731266 0.02018733850129184 0.027252906976744207
0 0.9421229005167958 0.5774890988372093 0.027252906976744207 0.030281007751937983
0 0.908813791989664 0.5739563145994832 0.02927164082687324 0.027252906976744207
