0 0.6805013020833334 0.13655598958333334 0.045247395833333336 0.046875
0 0.6666666666666666 0.2527669270833333 0.037760416666666664 0.027018229166666668
0 0.5465494791666666 0.23095703125 0.036458333333333336 0.036458333333333336
0 0.4329427083333333 0.3379720052083333 0.029947916666666668 0.03564453125
0 0.5009765625 0.27294921875 0.039713541666666664 0.028971354166666668
0 0.4361979166666667 0.2921549479166667 0.03515625 0.032552083333333336
0 0.2879231770833333 0.14412434895833334 0.034505208333333336 0.037923177083333336
0 0.3658854166666667 0.17464192708333334 0.02734375 0.0283203125
0 0.808273276001292 0.09782248011547157 0.022423086240309864 0.022640730983527164
0 0.7981770833333334 0.2822265625 0.02734375 0.026041666666666668
0 0.2630208333333333 0.08282470703125 0.024739583333333332 0.020548502604166668
0 0.943359375 0.5869140625 0.037760416666666664 0.018229166666666668
0 0.8121694323320413 0.3977246346091731 0.044911781330749356 0.030475310885012874
0 0.8209635416666666 0.2825520833333333 0.0234375 0.023111979166666668
