0 0.453125 0.023681640625 0.052083333333333336 0.044840494791666664
0 0.5042317708333334 0.026214599609375 0.040364583333333336 0.04718017578125
0 0.2937825520833333 0.5885416666666666 0.0400390625 0.042317708333333336
0 0.640625 0.2659505208333333 0.051432291666666664 0.051432291666666664
0 0.6520182291666666 0.069091796875 0.051432291666666664 0.052408854166666664
0 0.4599609375 0.2882486979166667 0.041666666666666664 0.040364583333333336
0 0.9342447916666666 0.7591145833333334 0.040364583333333336 0.040364583333333336
0 0.2705078125 0.421875 0.0458984375 0.043619791666666664
0 0.6822916666666666 0.09822591145833333 0.057291666666666664 0.048665364583333336
0 0.982421875 0.712890625 0.029947916666666668 0.045572916666666664
0 0.6751302083333334 0.20003255208333334 0.044270833333333336 0.040690104166666664
0 0.3113606770833333 0.392578125 0.0458984375 0.044921875
0 0.7408854166666666 0.18522135416666666 0.06380208333333333 0.056315104166666664
0 0.3011067708333333 0.4348958333333333 0.036783854166666664 0.052083333333333336
0 0.9264322916666666 0.7278645833333334 0.044270833333333336 0.03515625
0 0.6305338541666666 0.3143717447916667 0.03515625 0.053548177083333336
0 0.8619791666666666 0.6638997395833334 0.02734375 0.032877604166666664
0 0.2734375 0.6458333333333334 0.044270833333333336 0.049479166666666664
0 0.5895182291666666 0.044921875 0.055989583333333336 0.058919270833333336
0 0.6048177083333334 0.3362630208333333 0.035807291666666664 0.027994791666666668
0 0.4391276041666667 0.2662760416666667 0.038411458333333336 0.035481770833333336
0 0.3909505208333333 0.050221761067708336 0.028645833333333332 0.02130126953125
0 0.24641927083333334 0.7669270833333334 0.052408854166666664 0.059895833333333336
0 0.853515625 0.8450520833333334 0.04296875 0.044270833333333336
0 0.2721354166666667 0.568359375 0.0400390625 0.0390625
0 0.939453125 0.8723958333333334 0.04296875 0.037760416666666664
0 0.896484375 0.771484375 0.04296875 0.02734375
0 0.6083984375 0.23551432291666666 0.028645833333333332 0.03515625
0 0.4098307291666667 0.22884114583333334 0.03515625 0.024739583333333332
0 0.259765625 0.6634114583333334 0.0380859375 0.045572916666666664
0 0.22721354166666666 0.65771484375 0.026041666666666668 0.025716145833333332
0 0.6529947916666666 0.3740234375 0.024088541666666668 0.029947916666666668
0 0.6647135416666666 0.4739583333333333 0.03515625 0.028645833333333332
0 0.5973307291666666 0.4348958333333333 0.02734375 0.027994791666666668
0 0.3684895833333333 0.3138020833333333 0.025390625 0.037760416666666664
0 0.7005208333333334 0.2791341145833333 0.029947916666666668 0.025716145833333332
0 0.6009114583333334 0.11612955729166667 0.029947916666666668 0.028483072916666668
0 0.5628255208333334 0.024785359700520832 0.033203125 0.039052327473958336
0 0.64453125 0.22281901041666666 0.027994791666666668 0.031575520833333336
0 0.66796875 0.13037109375 0.028645833333333332 0.025065104166666668
0 0.4606548772609819 0.17020954457364343 0.025234173126615023 0.017159237726098175
