0 0.9036458333333334 0.038655598958333336 0.03125 0.042236328125
0 0.8697916666666666 0.029622395833333332 0.041666666666666664 0.041422526041666664
0 0.5481770833333334 0.16031901041666666 0.03515625 0.03125
0 0.8958333333333334 0.5940755208333334 0.032552083333333336 0.034505208333333336
0 0.4690755208333333 0.5348307291666666 0.031901041666666664 0.04296875
0 0.9602864583333334 0.3987630208333333 0.036458333333333336 0.029947916666666668
0 0.5989583333333334 0.4296875 0.040364583333333336 0.02734375
0 0.8372395833333334 0.043416341145833336 0.03515625 0.032877604166666664
0 0.4915364583333333 0.4990234375 0.028645833333333332 0.030598958333333332
0 0.8642906169250647 0.07251102733365633 0.03515625 0.02490234375
0 0.9680989583333334 0.5927734375 0.03125 0.037109375
0 0.5091145833333334 0.15641276041666666 0.032552083333333336 0.036458333333333336
0 0.6051432291666666 0.45703125 0.044270833333333336 0.034505208333333336
0 0.6246744791666666 0.335693359375 0.026692708333333332 0.025227864583333332
0 0.623046875 0.3077799479166667 0.022786458333333332 0.024739583333333332
