0 0.4348958333333333 0.15775553385416666 0.040364583333333336 0.043212890625
0 0.6848958333333334 0.10896809895833333 0.048177083333333336 0.04296875
0 0.765625 0.515625 0.045572916666666664 0.037109375
0 0.5462239583333334 0.3245442708333333 0.04296875 0.029947916666666668
0 0.021341959635416668 0.5631510416666666 0.042683919270833336 0.039713541666666664
0 0.23795572916666666 0.4488932291666667 0.036458333333333336 0.0390625
0 0.6302083333333334 0.027109781901041668 0.045572916666666664 0.045878092447916664
0 0.24837239583333334 0.4085286458333333 0.03515625 0.040364583333333336
0 0.552734375 0.18375651041666666 0.041666666666666664 0.033528645833333336
0 0.4358723958333333 0.022577921549479168 0.048828125 0.040456136067708336
0 0.6770833333333334 0.29443359375 0.03515625 0.031901041666666664
0 0.6959635416666666 0.462890625 0.0390625 0.03515625
0 0.67236328125 0.17500813802083334 0.0302734375 0.036702473958333336
0 0.23665364583333334 0.4791666666666667 0.046223958333333336 0.039713541666666664
0 0.6875 0.3306477864583333 0.044270833333333336 0.039876302083333336
0 0.051798502604166664 0.62109375 0.032307942708333336 0.029296875
0 0.6692708333333334 0.3857421875 0.037760416666666664 0.03515625
0 0.7447916666666666 0.4173177083333333 0.036458333333333336 0.028645833333333332
0 0.6106770833333334 0.3046875 0.040364583333333336 0.023763020833333332
0 0.66552734375 0.018254597981770832 0.0283203125 0.031443277994791664
0 0.30029296875 0.12874348958333334 0.03515625 0.023763020833333332
0 0.6311848958333334 0.3279622395833333 0.027994791666666668 0.0283203125
0 0.5693359375 0.373046875 0.02734375 0.0234375
0 0.3453776041666667 0.06689453125 0.030598958333333332 0.027018229166666668
0 0.4394581718346253 0.11822714793281654 0.02321543927648584 0.02018733850129199
