0 0.7721354166666666 0.6673177083333334 0.046875 0.03515625
0 0.6474609375 0.6778971354166666 0.043619791666666664 0.0400390625
0 0.6396484375 0.7298177083333334 0.035807291666666664 0.033854166666666664
0 0.9225260416666666 0.7890625 0.032552083333333336 0.0390625
0 0.1749267578125 0.8600260416666666 0.051188151041666664 0.05859375
0 0.9817708333333334 0.76953125 0.029947916666666668 0.041666666666666664
0 0.140869140625 0.8326822916666666 0.05224609375 0.05078125
0 0.6477864583333334 0.6328125 0.0390625 0.028645833333333332
0 0.7734375 0.7259114583333334 0.045572916666666664 0.02734375
0 0.748046875 0.6953125 0.029947916666666668 0.0390625
0 0.986328125 0.6770833333333334 0.0234375 0.022135416666666668
0 0.7662760416666666 0.615234375 0.0234375 0.022135416666666668
0 0.6357421875 0.18701171875 0.031901041666666664 0.025390625
0 0.9479166666666666 0.689453125 0.029947916666666668 0.022135416666666668
0 0.0098876953125 0.015228271484375 0.018513997395833332 0.03045654296875
0 0.6233723958333334 0.3095703125 0.028645833333333332 0.029947916666666668
0 0.7545572916666666 0.7623697916666666 0.028645833333333332 0.02734375
0 0.7916666666666666 0.17789713541666666 0.033854166666666664 0.028645833333333332
