0 0.4169921875 0.028920491536458332 0.052734375 0.047953287760416664
0 0.68408203125 0.2830403645833333 0.0498046875 0.042643229166666664
0 0.712890625 0.2294921875 0.036458333333333336 0.040364583333333336
0 0.24739583333333334 0.4658203125 0.035481770833333336 0.047526041666666664
0 0.7115885416666666 0.043243408203125 0.036458333333333336 0.045511881510416664
0 0.6396484375 0.12337239583333333 0.060546875 0.051106770833333336
0 0.693359375 0.3544921875 0.036458333333333336 0.03515625
0 0.019073486328125 0.4521484375 0.03814697265625 0.044270833333333336
0 0.6848958333333334 0.20686848958333334 0.059895833333333336 0.0537109375
0 0.12630208333333334 0.5992838541666666 0.038411458333333336 0.04296875
0 0.814453125 0.353515625 0.040364583333333336 0.032552083333333336
0 0.271484375 0.4332682291666667 0.043294270833333336 0.033854166666666664
0 0.018046061197916668 0.6243489583333334 0.035563151041666664 0.039713541666666664
0 0.23406966650516794 0.5546130591892765 0.04235808301033591 0.0356584100452196
0 0.5631510416666666 0.053629557291666664 0.0390625 0.0361328125
0 0.2950846354166667 0.044952392578125 0.0341796875 0.035257975260416664
0 0.6725260416666666 0.5 0.028645833333333332 0.030598958333333332
0 0.748046875 0.7174479166666666 0.033854166666666664 0.032552083333333336
0 0.4453125 0.3064778645833333 0.035807291666666664 0.039388020833333336
0 0.3233235677083333 0.2604166666666667 0.034993489583333336 0.0361328125
0 0.6927083333333334 0.5198567708333334 0.03125 0.034505208333333336
0 0.3834635416666667 0.4606119791666667 0.032552083333333336 0.024739583333333332
0 0.6162109375 0.31396484375 0.038411458333333336 0.029622395833333332
0 0.4000651041666667 0.2799479166666667 0.031901041666666664 0.027994791666666668
0 0.3916015625 0.06974283854166667 0.02734375 0.031412760416666664
0 0.3981119791666667 0.13028971354166666 0.041666666666666664 0.022786458333333332
0 0.5478515625 0.35546875 0.025390625 0.026041666666666668
0 0.16279195938307497 0.5766916989664083 0.040690104166666664 0.037109375
0 0.5113932291666666 0.052581787109375 0.026692708333333332 0.026835123697916668
0 0.25503547924741604 0.5403040213178295 0.03272619912790701 0.027939276485788127
0 0.3567708333333333 0.3522135416666667 0.020182291666666668 0.021484375
0 0.5827882751937984 0.4644400032299741 0.021196705426356505 0.01816860465116273
