0 0.5882161458333334 0.25 0.038411458333333336 0.038411458333333336
0 0.970703125 0.14306640625 0.040364583333333336 0.037434895833333336
0 0.4928385416666667 0.20751953125 0.041015625 0.034505208333333336
0 0.908203125 0.11474609375 0.037760416666666664 0.035970052083333336
0 0.19319661458333334 0.10148111979166667 0.0322265625 0.03173828125
0 0.6834309895833334 0.10294596354166667 0.035481770833333336 0.042317708333333336
0 0.5026041666666666 0.16796875 0.041015625 0.03515625
0 0.3025716145833333 0.07704671223958333 0.0302734375 0.029825846354166668
0 0.9759114583333334 0.20279947916666666 0.040364583333333336 0.033854166666666664
0 0.8326822916666666 0.043874104817708336 0.040364583333333336 0.034810384114583336
0 0.2667643229166667 0.16642252604166666 0.0224609375 0.02490234375
0 0.533203125 0.18245442708333334 0.027994791666666668 0.029296875
0 0.4274088541666667 0.092529296875 0.032552083333333336 0.029134114583333332
0 0.3134765625 0.021382649739583332 0.037760416666666664 0.040283203125
0 0.4466145833333333 0.23177083333333334 0.030598958333333332 0.025716145833333332
0 0.83984375 0.025492350260416668 0.03125 0.039591471354166664
0 0.3723958333333333 0.20100911458333334 0.021484375 0.027018229166666668
0 0.958984375 0.2529296875 0.03125 0.024088541666666668
