0 0.7669270833333334 0.0474853515625 0.046875 0.048014322916666664
0 0.27197265625 0.6031901041666666 0.041666666666666664 0.037760416666666664
0 0.2626953125 0.3922526041666667 0.044596354166666664 0.035807291666666664
0 0.22151692708333334 0.7415364583333334 0.0537109375 0.049479166666666664
0 0.6712239583333334 0.3020833333333333 0.041666666666666664 0.041666666666666664
0 0.708984375 0.08406575520833333 0.045572916666666664 0.040201822916666664
0 0.681640625 0.16337076822916666 0.057291666666666664 0.050211588541666664
0 0.6770833333333334 0.043365478515625 0.036458333333333336 0.045430501302083336
0 0.24235026041666666 0.7805989583333334 0.055013020833333336 0.052083333333333336
0 0.3028971354166667 0.4225260416666667 0.036783854166666664 0.033854166666666664
0 0.3929036458333333 0.5537109375 0.029947916666666668 0.028645833333333332
0 0.7604166666666666 0.3037109375 0.049479166666666664 0.045247395833333336
0 0.34375 0.043497721354166664 0.03515625 0.033203125
0 0.7135416666666666 0.3182779947916667 0.040364583333333336 0.035319010416666664
0 0.375 0.3759765625 0.042317708333333336 0.039713541666666664
0 0.19580078125 0.8098958333333334 0.028971354166666668 0.029947916666666668
0 0.3074544270833333 0.3430989583333333 0.041015625 0.033203125
0 0.26611328125 0.4345703125 0.0400390625 0.041015625
0 0.98046875 0.9153645833333334 0.0390625 0.0390625
0 0.83984375 0.8854166666666666 0.044270833333333336 0.032552083333333336
0 0.27734375 0.5045572916666666 0.036458333333333336 0.03515625
0 0.3421223958333333 0.3548177083333333 0.029947916666666668 0.021484375
0 0.6136067708333334 0.5530598958333334 0.041666666666666664 0.024088541666666668
0 0.09824625651041667 0.8977864583333334 0.0489501953125 0.040364583333333336
0 0.2854817708333333 0.22867838541666666 0.039388020833333336 0.02734375
0 0.6785481770833334 0.20426432291666666 0.0283203125 0.026041666666666668
0 0.7708333333333334 0.9368489583333334 0.036458333333333336 0.03515625
0 0.6376953125 0.10335286458333333 0.03125 0.039225260416666664
0 0.3772786458333333 0.5774739583333334 0.038411458333333336 0.037760416666666664
0 0.2578125 0.5143229166666666 0.025390625 0.0390625
0 0.3629557291666667 0.17154947916666666 0.020182291666666668 0.027994791666666668
0 0.7194010416666666 0.4361979166666667 0.03125 0.034505208333333336
0 0.8821614583333334 0.7916666666666666 0.022135416666666668 0.036458333333333336
0 0.08113291343669249 0.9166363856589147 0.03734657622739013 0.03229974160206724
