0 0.15348307291666666 0.24609375 0.036783854166666664 0.024739583333333332
0 0.4931640625 0.6279296875 0.02734375 0.032552083333333336
0 0.3365885416666667 0.3265787760416667 0.030598958333333332 0.029134114583333332
0 0.3828125 0.3190104166666667 0.032552083333333336 0.023763020833333332
0 0.21598307291666666 0.3385416666666667 0.044270833333333336 0.04296875
0 0.4973958333333333 0.7591145833333334 0.031901041666666664 0.02734375
0 0.53125 0.7291666666666666 0.02734375 0.028645833333333332
0 0.13232421875 0.20638020833333334 0.032389322916666664 0.031901041666666664
0 0.19287109375 0.12662760416666666 0.025390625 0.030110677083333332
0 0.2620442708333333 0.5953776041666666 0.044270833333333336 0.026692708333333332
0 0.4449869791666667 0.51953125 0.02734375 0.02734375
0 0.4762369791666667 0.4869791666666667 0.02734375 0.024088541666666668
0 0.10432942708333333 0.44140625 0.041015625 0.040364583333333336
0 0.2677408854166667 0.19938151041666666 0.0302734375 0.025716145833333332
0 0.22184244791666666 0.144775390625 0.023763020833333332 0.031087239583333332
0 0.763671875 0.3971354166666667 0.037760416666666664 0.022786458333333332
0 0.765625 0.6025390625 0.0234375 0.024739583333333332
0 0.048502604166666664 0.66552734375 0.030192057291666668 0.025716145833333332
0 0.4996744791666667 0.5572916666666666 0.022786458333333332 0.022135416666666668
0 0.546875 0.4977213541666667 0.032552083333333336 0.026041666666666668
0 0.2530924479166667 0.3870442708333333 0.039388020833333336 0.018229166666666668
0 0.8782552083333334 0.4293619791666667 0.03125 0.043619791666666664
0 0.2099609375 0.09259033203125 0.03125 0.022989908854166668
0 0.014638264973958334 0.3245442708333333 0.029276529947916668 0.022786458333333332
0 0.31982421875 0.24934895833333334 0.0322265625 0.023763020833333332
0 0.1644287109375 0.2888997395833333 0.026285807291666668 0.025716145833333332
0 0.4811197916666667 0.806640625 0.025390625 0.022135416666666668
0 0.1123046875 0.421875 0.041829427083333336 0.029296875
0 0.11238606770833333 0.23388671875 0.024576822916666668 0.0224609375
0 0.07208251953125 0.23404947916666666 0.025105794270833332 0.0185546875
0 0.2638346354166667 0.012715657552083334 0.0380859375 0.025431315104166668
