0 0.2838541666666667 0.6025390625 0.036783854166666664 0.036458333333333336
0 0.3274739583333333 0.6129557291666666 0.036458333333333336 0.041666666666666664
0 0.6472981770833334 0.30322265625 0.0478515625 0.034830729166666664
0 0.6803385416666666 0.5338541666666666 0.046875 0.033203125
0 0.6907552083333334 0.2578125 0.037760416666666664 0.038411458333333336
0 0.2532552083333333 0.7649739583333334 0.046875 0.06510416666666667
0 0.6331380208333334 0.332763671875 0.034505208333333336 0.03369140625
0 0.019327799479166668 0.7005208333333334 0.038655598958333336 0.057291666666666664
0 0.560546875 0.4521484375 0.029947916666666668 0.02734375
0 0.4485677083333333 0.5426432291666666 0.030598958333333332 0.037109375
0 0.6126302083333334 0.8854166666666666 0.05078125 0.057291666666666664
0 0.4332682291666667 0.2197265625 0.044921875 0.033528645833333336
0 0.919921875 0.515625 0.040364583333333336 0.031901041666666664
0 0.5559895833333334 0.4973958333333333 0.025390625 0.030598958333333332
0 0.2786458333333333 0.69921875 0.049153645833333336 0.045572916666666664
0 0.7903645833333334 0.7200520833333334 0.026041666666666668 0.028645833333333332
0 0.4407552083333333 0.19580078125 0.036458333333333336 0.037434895833333336
0 0.439453125 0.38671875 0.043619791666666664 0.035807291666666664
0 0.4300130208333333 0.501953125 0.034505208333333336 0.032552083333333336
0 0.646484375 0.24934895833333334 0.033203125 0.045247395833333336
0 0.6458333333333334 0.20035807291666666 0.027994791666666668 0.022786458333333332
0 0.5065104166666666 0.666015625 0.030598958333333332 0.041666666666666664
0 0.25830078125 0.9225260416666666 0.046223958333333336 0.0546875
0 0.6700846354166666 0.224609375 0.0244140625 0.027669270833333332
0 0.4222005208333333 0.5442708333333334 0.02734375 0.029947916666666668
0 0.09724934895833333 0.6881510416666666 0.030436197916666668 0.022135416666666668
0 0.6481119791666666 0.8802083333333334 0.036458333333333336 0.048177083333333336
0 0.4000651041666667 0.388671875 0.039713541666666664 0.03515625
0 0.78125 0.6119791666666666 0.029947916666666668 0.0234375
0 0.62890625 0.5374348958333334 0.031901041666666664 0.026041666666666668
0 0.3958333333333333 0.68359375 0.037109375 0.0234375
