0 0.7734375 0.15059407552083334 0.046875 0.047119140625
0 0.73828125 0.5784505208333334 0.028645833333333332 0.048177083333333336
0 0.6259765625 0.7682291666666666 0.045572916666666664 0.046875
0 0.67724609375 0.0224456787109375 0.0400390625 0.040232340494791664
0 0.7845052083333334 0.92578125 0.044270833333333336 0.036458333333333336
0 0.638671875 0.8932291666666666 0.038411458333333336 0.032552083333333336
0 0.8763020833333334 0.08837890625 0.037760416666666664 0.02392578125
0 0.6399739583333334 0.10262044270833333 0.037109375 0.036946614583333336
0 0.6744791666666666 0.8470052083333334 0.041666666666666664 0.044270833333333336
0 0.498046875 0.947265625 0.033854166666666664 0.033854166666666664
0 0.6315104166666666 0.8372395833333334 0.046875 0.049479166666666664
0 0.8196614583333334 0.373046875 0.03125 0.037109375
0 0.5654296875 0.8671875 0.046223958333333336 0.037760416666666664
0 0.5504557291666666 0.9505208333333334 0.029947916666666668 0.028645833333333332
0 0.787109375 0.3776041666666667 0.02734375 0.050130208333333336
0 0.5400390625 0.9827473958333334 0.035807291666666664 0.034505208333333336
0 0.79296875 0.5891927083333334 0.040364583333333336 0.040364583333333336
0 0.6331380208333334 0.5904947916666666 0.031901041666666664 0.029947916666666668
0 0.7682291666666666 0.8990885416666666 0.033854166666666664 0.03515625
0 0.4944661458333333 0.9850260416666666 0.037760416666666664 0.02734375
0 0.6266276041666666 0.626953125 0.029947916666666668 0.025390625
0 0.7799479166666666 0.9856770833333334 0.04296875 0.02734375
0 0.5660807291666666 0.5986328125 0.025390625 0.024088541666666668
0 0.5315755208333334 0.6253255208333334 0.029296875 0.025390625
0 0.5905427365956072 0.5513742530684754 0.03395005652454778 0.04415475613695086
0 0.5436197916666666 0.921875 0.033854166666666664 0.024739583333333332
0 0.8517845607235142 0.11923651485788113 0.03835594315245494 0.03633720930232557
0 0.8421955749354005 0.5184411337209301 0.02321543927648584 0.02119670542635658
0 0.6463783914728681 0.49774911175710596 0.03734657622739013 0.03633720930232561
