0 0.3883463541666667 0.08028157552083333 0.0390625 0.038492838541666664
0 0.2888997395833333 0.15897623697916666 0.034505208333333336 0.030680338541666668
0 0.5361328125 0.24007161458333334 0.040364583333333336 0.030924479166666668
0 0.908203125 0.11954752604166667 0.037760416666666664 0.039225260416666664
0 0.3723958333333333 0.18782552083333334 0.049479166666666664 0.03515625
0 0.044769287109375 0.22233072916666666 0.040018717447916664 0.0263671875
0 0.19954427083333334 0.3756510416666667 0.033854166666666664 0.027994791666666668
0 0.3059895833333333 0.012018839518229166 0.048502604166666664 0.023976643880208332
0 0.29345703125 0.189453125 0.029947916666666668 0.034830729166666664
0 0.767012879521964 0.08907331915172804 0.03226946059431531 0.04821398831153101
0 0.021769205729166668 0.060831705729166664 0.036214192708333336 0.0263671875
0 0.4348958333333333 0.17093912760416666 0.026692708333333332 0.018147786458333332
0 0.8177083333333334 0.01788330078125 0.033854166666666664 0.035603841145833336
0 0.958984375 0.029988606770833332 0.03515625 0.048095703125
0 0.5159505208333334 0.009839375813802084 0.046875 0.016087849934895832
0 0.5732421875 0.12532552083333334 0.025390625 0.028157552083333332
0 0.8365885416666666 0.034525553385416664 0.029947916666666668 0.050984700520833336
0 0.740234375 0.047444661458333336 0.020833333333333332 0.027425130208333332
0 0.5113932291666666 0.09466552734375 0.021484375 0.030558268229166668
0 0.7610677083333334 0.059366861979166664 0.024739583333333332 0.028401692708333332
0 0.3740234375 0.13232421875 0.029947916666666668 0.033203125
0 0.5217947553294574 0.20375143834786824 0.05667090600775193 0.02771847747093022
