0 0.3645833333333333 0.06658935546875 0.05078125 0.053019205729166664
0 0.2604166666666667 0.4641927083333333 0.048828125 0.052083333333333336
0 0.91015625 0.4069010416666667 0.046875 0.039713541666666664
0 0.64599609375 0.13151041666666666 0.046549479166666664 0.057291666666666664
0 0.6399739583333334 0.3649088541666667 0.043619791666666664 0.033203125
0 0.689453125 0.061014811197916664 0.036458333333333336 0.046915690104166664
0 0.416015625 0.022883097330729168 0.045572916666666664 0.040740966796875
0 0.3206380208333333 0.4150390625 0.037109375 0.038411458333333336
0 0.3142903645833333 0.047648111979166664 0.037434895833333336 0.039225260416666664
0 0.6686197916666666 0.022374471028645832 0.040364583333333336 0.035410563151041664
0 0.5927734375 0.057291666666666664 0.047526041666666664 0.039225260416666664
0 0.6041666666666666 0.09212239583333333 0.042317708333333336 0.04541015625
0 0.12784830729166666 0.24137369791666666 0.033854166666666664 0.021484375
0 0.2843424479166667 0.3763020833333333 0.029296875 0.041666666666666664
0 0.8470052083333334 0.3811848958333333 0.028645833333333332 0.02734375
0 0.7584635416666666 0.041839599609375 0.028645833333333332 0.027974446614583332
0 0.9049479166666666 0.161376953125 0.033854166666666664 0.02490234375
0 0.3697916666666667 0.4427083333333333 0.0234375 0.029296875
0 0.4114583333333333 0.23518880208333334 0.041015625 0.034830729166666664
