0 0.119873046875 0.22737630208333334 0.044270833333333336 0.0400390625
0 0.9485677083333334 0.19954427083333334 0.048177083333333336 0.036458333333333336
0 0.4951171875 0.3629557291666667 0.033854166666666664 0.031901041666666664
0 0.6573893229166666 0.3098958333333333 0.035481770833333336 0.033203125
0 0.65966796875 0.4241536458333333 0.030924479166666668 0.027994791666666668
0 0.032023111979166664 0.31689453125 0.045654296875 0.030598958333333332
0 0.458984375 0.5416666666666666 0.034505208333333336 0.02734375
0 0.4235026041666667 0.2726236979166667 0.028645833333333332 0.029296875
0 0.6901041666666666 0.015864054361979168 0.04296875 0.027272542317708332
0 0.7194010416666666 0.654296875 0.02734375 0.026041666666666668
0 0.982421875 0.040110270182291664 0.028645833333333332 0.033060709635416664
0 0.21402994791666666 0.21484375 0.037109375 0.024088541666666668
0 0.6012369791666666 0.3126627604166667 0.026692708333333332 0.028971354166666668
0 0.8391927083333334 0.14029947916666666 0.022135416666666668 0.026041666666666668
0 0.11629231770833333 0.327880859375 0.015625 0.024576822916666668
0 0.8190104166666666 0.4847005208333333 0.037760416666666664 0.029947916666666668
0 0.4717579134366925 0.29032420865633074 0.027252906976744058 0.021196705426356616
0 0.36880248708010327 0.28376332364341084 0.02321543927648584 0.02018733850129199
