0 0.8033854166666666 0.2532552083333333 0.029947916666666668 0.040364583333333336
0 0.291015625 0.14847819010416666 0.0439453125 0.045491536458333336
0 0.9817708333333334 0.4345703125 0.036458333333333336 0.041015625
0 0.2936197916666667 0.4654947916666667 0.048177083333333336 0.048828125
0 0.5576171875 0.4498697916666667 0.041015625 0.037760416666666664
0 0.9752604166666666 0.5638020833333334 0.03515625 0.03515625
0 0.2869466145833333 0.10148111979166667 0.0244140625 0.042805989583333336
0 0.6031901041666666 0.5364583333333334 0.039713541666666664 0.039713541666666664
0 0.041097005208333336 0.15767415364583334 0.029459635416666668 0.021891276041666668
0 0.8997395833333334 0.3551432291666667 0.02734375 0.029296875
0 0.26953125 0.0211029052734375 0.038736979166666664 0.029164632161458332
0 0.8723958333333334 0.323974609375 0.022135416666666668 0.023274739583333332
0 0.5895182291666666 0.25048828125 0.029947916666666668 0.026041666666666668
0 0.796875 0.0584716796875 0.032552083333333336 0.036214192708333336
0 0.9466145833333334 0.3273111979166667 0.033854166666666664 0.0185546875
0 0.9049479166666666 0.129638671875 0.02734375 0.022135416666666668
0 0.56640625 0.177734375 0.021484375 0.029296875
