0 0.3204752604166667 0.6435546875 0.050455729166666664 0.068359375
0 0.3363444010416667 0.12044270833333333 0.053873697916666664 0.058268229166666664
0 0.6064453125 0.14969889322916666 0.040364583333333336 0.041422526041666664
0 0.6603190104166666 0.3177897135416667 0.0439453125 0.034342447916666664
0 0.7096354166666666 0.3191731770833333 0.041666666666666664 0.0439453125
0 0.6028645833333334 0.032867431640625 0.040364583333333336 0.042989095052083336
0 0.6456705729166666 0.057779947916666664 0.052408854166666664 0.057454427083333336
0 0.2470703125 0.3287760416666667 0.0458984375 0.03515625
0 0.4150390625 0.5146484375 0.056640625 0.029296875
0 0.2890625 0.6315104166666666 0.025716145833333332 0.029947916666666668
0 0.3407389322916667 0.06376139322916667 0.04443359375 0.031982421875
0 0.888671875 0.6652018229166666 0.04296875 0.023763020833333332
0 0.4124348958333333 0.5631510416666666 0.024739583333333332 0.041666666666666664
0 0.9817708333333334 0.6749674479166666 0.028645833333333332 0.021158854166666668
0 0.9088541666666666 0.6673177083333334 0.037760416666666664 0.02734375
