0 0.75390625 0.3805338541666667 0.052083333333333336 0.041015625
0 0.6282552083333334 0.4267578125 0.046875 0.044921875
0 0.7688802083333334 0.3486328125 0.041666666666666664 0.041666666666666664
0 0.6204427083333334 0.5696614583333334 0.038411458333333336 0.036458333333333336
0 0.4248046875 0.3309733072916667 0.03125 0.028157552083333332
0 0.5673828125 0.3948567708333333 0.037109375 0.028645833333333332
0 0.65234375 0.21321614583333334 0.053385416666666664 0.044921875
0 0.5224609375 0.5003255208333334 0.036458333333333336 0.045572916666666664
0 0.23502604166666666 0.11279296875 0.033203125 0.032877604166666664
0 0.109375 0.3203938802083333 0.03466796875 0.034342447916666664
0 0.880859375 0.5061848958333334 0.033854166666666664 0.044270833333333336
0 0.9388020833333334 0.3678385416666667 0.044270833333333336 0.031901041666666664
0 0.10237630208333333 0.3528645833333333 0.027506510416666668 0.027994791666666668
0 0.6513671875 0.4033203125 0.039713541666666664 0.034505208333333336
0 0.912109375 0.014536539713541666 0.044270833333333336 0.029073079427083332
0 0.5139973958333334 0.5299479166666666 0.026041666666666668 0.033854166666666664
0 0.25341796875 0.2734375 0.028645833333333332 0.022135416666666668
0 0.8815104166666666 0.5598958333333334 0.024739583333333332 0.024739583333333332
0 0.6920572916666666 0.333251953125 0.033854166666666664 0.021647135416666668
0 0.126708984375 0.011830647786458334 0.038248697916666664 0.023661295572916668
0 0.089111328125 0.22216796875 0.024251302083333332 0.0224609375
0 0.3048502604166667 0.16581217447916666 0.023111979166666668 0.029703776041666668
0 0.9251302083333334 0.056966145833333336 0.028645833333333332 0.026774088541666668
0 0.7252604166666666 0.5201822916666666 0.022135416666666668 0.029947916666666668
0 0.9869791666666666 0.5403645833333334 0.01953125 0.033203125
0 0.008458494832041344 0.2847726905684755 0.015140503875968955 0.02220607235142121
