0 0.802734375 0.3268229166666667 0.0390625 0.0390625
0 0.6529947916666666 0.4713541666666667 0.061197916666666664 0.05859375
0 0.6448567708333334 0.09470621744791667 0.056640625 0.048868815104166664
0 0.794921875 0.201171875 0.044270833333333336 0.048177083333333336
0 0.6529947916666666 0.20491536458333334 0.03125 0.035807291666666664
0 0.5986328125 0.4947916666666667 0.039713541666666664 0.044270833333333336
0 0.6953125 0.14241536458333334 0.03125 0.036946614583333336
0 0.6311848958333334 0.5055338541666666 0.037760416666666664 0.048177083333333336
0 0.6409505208333334 0.8216145833333334 0.038411458333333336 0.03125
0 0.15909830729166666 0.8743489583333334 0.040201822916666664 0.0390625
0 0.4449869791666667 0.027964274088541668 0.043619791666666664 0.048075358072916664
0 0.3723958333333333 0.703125 0.034505208333333336 0.026041666666666668
0 0.031016031901041668 0.5143229166666666 0.043111165364583336 0.032552083333333336
0 0.4762369791666667 0.0802001953125 0.034505208333333336 0.049072265625
0 0.560546875 0.5631510416666666 0.02734375 0.030598958333333332
0 0.6155598958333334 0.19108072916666666 0.041015625 0.040364583333333336
0 0.6376953125 0.013590494791666666 0.047526041666666664 0.027180989583333332
0 0.7044270833333334 0.4098307291666667 0.033854166666666664 0.042317708333333336
0 0.06534830729166667 0.5087890625 0.037434895833333336 0.046875
0 0.814453125 0.2718098958333333 0.03515625 0.043294270833333336
0 0.4567057291666667 0.1676025390625 0.042317708333333336 0.037190755208333336
0 0.3958333333333333 0.4720052083333333 0.034505208333333336 0.03125
0 0.6907552083333334 0.3515625 0.037760416666666664 0.050130208333333336
0 0.4840494791666667 0.032257080078125 0.041015625 0.052347819010416664
0 0.39453125 0.3883463541666667 0.028645833333333332 0.027994791666666668
0 0.6357421875 0.0496826171875 0.035807291666666664 0.043538411458333336
0 0.6617838541666666 0.072998046875 0.030598958333333332 0.041015625
0 0.7434895833333334 0.3629557291666667 0.032552083333333336 0.024739583333333332
0 0.12947591145833334 0.8834635416666666 0.032877604166666664 0.04296875
0 0.39453125 0.3561197916666667 0.024088541666666668 0.0234375
0 0.8541666666666666 0.122314453125 0.037760416666666664 0.03076171875
0 0.6129557291666666 0.4388020833333333 0.028645833333333332 0.01953125
0 0.6796875 0.2683919270833333 0.040364583333333336 0.022135416666666668
0 0.6090494791666666 0.3118489583333333 0.026692708333333332 0.030598958333333332
0 0.08595784505208333 0.5045572916666666 0.030232747395833332 0.03515625
0 0.4729817708333333 0.014912923177083334 0.033203125 0.028727213541666668
0 0.6643880208333334 0.0290679931640625 0.025390625 0.040903727213541664
0 0.052815755208333336 0.9479166666666666 0.06461588541666667 0.044270833333333336
