0 0.4700520833333333 0.20198567708333334 0.04296875 0.042643229166666664
0 0.6525065104166666 0.2041015625 0.049153645833333336 0.052083333333333336
0 0.4557291666666667 0.15348307291666666 0.047526041666666664 0.046223958333333336
0 0.12776692708333334 0.7552083333333334 0.044759114583333336 0.03515625
0 0.4524739583333333 0.040323893229166664 0.0546875 0.052164713541666664
0 0.8098958333333334 0.7454427083333334 0.044270833333333336 0.041666666666666664
0 0.6149088541666666 0.18684895833333334 0.035807291666666664 0.0458984375
0 0.6233723958333334 0.2931315104166667 0.036458333333333336 0.042317708333333336
0 0.3909505208333333 0.6070963541666666 0.029947916666666668 0.027994791666666668
0 0.046468098958333336 0.047292073567708336 0.030354817708333332 0.03204345703125
0 0.8997395833333334 0.7180989583333334 0.0390625 0.024739583333333332
0 0.5895182291666666 0.23030598958333334 0.035807291666666664 0.03515625
0 0.8528645833333334 0.9615885416666666 0.040364583333333336 0.040364583333333336
0 0.2599283854166667 0.7233072916666666 0.029947916666666668 0.026041666666666668
0 0.68994140625 0.014404296875 0.0498046875 0.02880859375
0 0.0673828125 0.0714111328125 0.029947916666666668 0.042887369791666664
0 0.4309895833333333 0.6129557291666666 0.044921875 0.024739583333333332
0 0.8548177083333334 0.4498697916666667 0.03515625 0.020833333333333332
0 0.5009765625 0.3134765625 0.029296875 0.031575520833333336
0 0.621536609738372 0.1248798222504845 0.026468124192506586 0.023031860666989663
0 0.09025065104166667 0.07735188802083333 0.02783203125 0.037841796875
0 0.65283203125 0.4358723958333333 0.035481770833333336 0.029296875
0 0.6497395833333334 0.6673177083333334 0.027994791666666668 0.032552083333333336
0 0.5809852935239018 0.09841895288275193 0.026821402616278966 0.019429051598837215
0 0.5784177164082688 0.32258672985303616 0.05618136304909541 0.049533420138888916
0 0.8424479166666666 0.75390625 0.026041666666666668 0.036458333333333336
0 0.08235677083333333 0.15185546875 0.030110677083333332 0.02099609375
0 0.6300657602551679 0.14596045048045866 0.02354096010981917 0.025282748909883745
0 0.6218444666505168 0.25644670037952194 0.04402101501937983 0.040502109576873356
0 0.1796875 0.4876302083333333 0.019856770833333332 0.020182291666666668
