0 0.4593098958333333 0.047932942708333336 0.045572916666666664 0.049153645833333336
0 0.927734375 0.6432291666666666 0.037760416666666664 0.042317708333333336
0 0.44140625 0.2931315104166667 0.048828125 0.044596354166666664
0 0.689453125 0.11287434895833333 0.037760416666666664 0.041341145833333336
0 0.2858072916666667 0.4798177083333333 0.041341145833333336 0.038411458333333336
0 0.6419270833333334 0.11946614583333333 0.03125 0.047037760416666664
0 0.22412109375 0.4391276041666667 0.041666666666666664 0.037760416666666664
0 0.685546875 0.28125 0.044270833333333336 0.036458333333333336
0 0.4130859375 0.058624267578125 0.045572916666666664 0.05072021484375
0 0.48828125 0.01806640625 0.037760416666666664 0.0361328125
0 0.2638346354166667 0.4264322916666667 0.0478515625 0.037109375
0 0.22054036458333334 0.625 0.046875 0.035807291666666664
0 0.6429036458333334 0.1690673828125 0.055338541666666664 0.051513671875
0 0.26806640625 0.3245442708333333 0.038736979166666664 0.034505208333333336
0 0.6119791666666666 0.036783854166666664 0.030598958333333332 0.037841796875
0 0.5709635416666666 0.5218098958333334 0.047526041666666664 0.034505208333333336
0 0.9505208333333334 0.68359375 0.029947916666666668 0.029947916666666668
0 0.5654296875 0.4013671875 0.037109375 0.033203125
0 0.5872395833333334 0.3678385416666667 0.03125 0.027994791666666668
0 0.58984375 0.25146484375 0.042317708333333336 0.0302734375
0 0.4176432291666667 0.18375651041666666 0.028645833333333332 0.039388020833333336
0 0.4371744791666667 0.5716145833333334 0.025390625 0.022135416666666668
0 0.8782552083333334 0.4280598958333333 0.041666666666666664 0.037760416666666664
0 0.2294921875 0.6549479166666666 0.041341145833333336 0.0390625
0 0.22965494791666666 0.2041015625 0.040690104166666664 0.026692708333333332
0 0.791015625 0.5442708333333334 0.03515625 0.034505208333333336
0 0.2535807291666667 0.6451822916666666 0.025390625 0.034505208333333336
0 0.5979817708333334 0.061075846354166664 0.030598958333333332 0.028889973958333332
0 0.3922526041666667 0.2724609375 0.03125 0.018880208333333332
0 0.7486979166666666 0.12467447916666667 0.02734375 0.028645833333333332
0 0.5104166666666666 0.20084635416666666 0.024088541666666668 0.029296875
0 0.9759114583333334 0.4069010416666667 0.0390625 0.028645833333333332
0 0.3587239583333333 0.11328125 0.021484375 0.0263671875
0 0.958984375 0.5198567708333334 0.020833333333333332 0.020833333333333332
