0 0.6569010416666666 0.12886555989583334 0.06640625 0.08341471354166667
0 0.4495442708333333 0.20218912760416666 0.0625 0.08194986979166667
0 0.3017578125 0.6653645833333334 0.0439453125 0.044270833333333336
0 0.7408854166666666 0.4309895833333333 0.05078125 0.046875
0 0.2742513020833333 0.6396484375 0.046223958333333336 0.0390625
0 0.6892903645833334 0.4322916666666667 0.0576171875 0.055989583333333336
0 0.4010416666666667 0.06925455729166667 0.04296875 0.050130208333333336
0 0.6370442708333334 0.5442708333333334 0.048828125 0.041666666666666664
0 0.697265625 0.54296875 0.03515625 0.037760416666666664
0 0.2501627604166667 0.6764322916666666 0.0498046875 0.037760416666666664
0 0.4186197916666667 0.4420572916666667 0.047526041666666664 0.0390625
0 0.7578125 0.79296875 0.03515625 0.040364583333333336
0 0.6822916666666666 0.17952473958333334 0.032552083333333336 0.033203125
0 0.6344401041666666 0.24837239583333334 0.052734375 0.048502604166666664
0 0.9788411458333334 0.7317708333333334 0.042317708333333336 0.033854166666666664
0 0.68408203125 0.5953776041666666 0.047200520833333336 0.050130208333333336
0 0.6110026041666666 0.6373697916666666 0.041015625 0.031901041666666664
0 0.318359375 0.9700520833333334 0.061848958333333336 0.057291666666666664
0 0.7942708333333334 0.7923177083333334 0.037760416666666664 0.044270833333333336
0 0.6272786458333334 0.5 0.044921875 0.0390625
0 0.2555338541666667 0.5891927083333334 0.040690104166666664 0.046223958333333336
0 0.7005208333333334 0.22786458333333334 0.028645833333333332 0.028971354166666668
0 0.097412109375 0.984375 0.03955078125 0.02734375
0 0.587890625 0.5107421875 0.033854166666666664 0.031901041666666664
0 0.4573567708333333 0.5953776041666666 0.032552083333333336 0.031901041666666664
0 0.5823567708333334 0.3470865885416667 0.035807291666666664 0.02978515625
0 0.6637369791666666 0.23697916666666666 0.033203125 0.028645833333333332
0 0.49704255490956073 0.1996067254118217 0.051376776485788124 0.07141397165697676
0 0.3740234375 0.053314208984375 0.027994791666666668 0.03350830078125
0 0.287109375 0.4794921875 0.028645833333333332 0.03515625
0 0.4248046875 0.513671875 0.055338541666666664 0.028645833333333332
0 0.7057291666666666 0.4850260416666667 0.0234375 0.024739583333333332
0 0.25390625 0.8919270833333334 0.047200520833333336 0.046875
0 0.7057291666666666 0.2877604166666667 0.02734375 0.040364583333333336
0 0.23665364583333334 0.517578125 0.040690104166666664 0.044921875
0 0.2736002604166667 0.955078125 0.030598958333333332 0.03515625
0 0.2947591145833333 0.9192708333333334 0.048177083333333336 0.037760416666666664
0 0.6590169270833334 0.5966796875 0.029622395833333332 0.030598958333333332
