0 0.287109375 0.059071858723958336 0.029296875 0.04315185546875
0 0.4150390625 0.1220703125 0.028645833333333332 0.03125
0 0.08951822916666667 0.07023111979166667 0.029622395833333332 0.029622395833333332
0 0.4407552083333333 0.20458984375 0.034505208333333336 0.026041666666666668
0 0.8333333333333334 0.4384765625 0.026041666666666668 0.037109375
0 0.29248046875 0.108154296875 0.032877604166666664 0.056315104166666664
0 0.20458984375 0.01275634765625 0.035807291666666664 0.0255126953125
0 0.9075520833333334 0.494140625 0.028645833333333332 0.0234375
0 0.36328125 0.18017578125 0.022135416666666668 0.023763020833333332
0 0.27197265625 0.1741943359375 0.025716145833333332 0.038004557291666664
