0 0.024332682291666668 0.8587239583333334 0.048665364583333336 0.053385416666666664
0 0.2581380208333333 0.20768229166666666 0.036458333333333336 0.042317708333333336
0 0.3909505208333333 0.728515625 0.042317708333333336 0.040364583333333336
0 0.3434244791666667 0.3759765625 0.041015625 0.041015625
0 0.3470865885416667 0.7493489583333334 0.044759114583333336 0.04296875
0 0.3160807291666667 0.79296875 0.043619791666666664 0.033854166666666664
0 0.15738932291666666 0.06949869791666667 0.048502604166666664 0.039225260416666664
0 0.283203125 0.4908854166666667 0.042317708333333336 0.040364583333333336
0 0.1025390625 0.11629231770833333 0.027018229166666668 0.031087239583333332
0 0.88671875 0.30078125 0.053385416666666664 0.06380208333333333
0 0.3126627604166667 0.21126302083333334 0.0419921875 0.043619791666666664
0 0.12947591145833334 0.114013671875 0.037272135416666664 0.038248697916666664
0 0.7975260416666666 0.6451822916666666 0.029947916666666668 0.02734375
0 0.14510091145833334 0.4420572916666667 0.052897135416666664 0.048828125
0 0.9375 0.24462890625 0.029947916666666668 0.037109375
0 0.2561848958333333 0.3567708333333333 0.03125 0.03125
0 0.9765625 0.2431640625 0.046875 0.040364583333333336
0 0.325927734375 0.2972005208333333 0.04345703125 0.036783854166666664
0 0.17122395833333334 0.3109537760416667 0.056640625 0.06819661458333333
0 0.2762044270833333 0.17903645833333334 0.031901041666666664 0.04296875
0 0.9055989583333334 0.2552083333333333 0.0390625 0.034505208333333336
0 0.2926432291666667 0.3636067708333333 0.028971354166666668 0.028645833333333332
0 0.010152180989583334 0.19287109375 0.020304361979166668 0.034505208333333336
0 0.8157552083333334 0.3955078125 0.0390625 0.035807291666666664
0 0.8977864583333334 0.0308990478515625 0.036458333333333336 0.038787841796875
0 0.3053385416666667 0.4479166666666667 0.0390625 0.029296875
0 0.0099639892578125 0.132568359375 0.019927978515625 0.042805989583333336
0 0.013987223307291666 0.08054606119791667 0.027974446614583332 0.0369873046875
0 0.7532552083333334 0.65234375 0.049479166666666664 0.0234375
0 0.2771809895833333 0.8020833333333334 0.027669270833333332 0.024739583333333332
0 0.0211029052734375 0.6136067708333334 0.037384033203125 0.033854166666666664
0 0.08610026041666667 0.1904296875 0.027994791666666668 0.0341796875
0 0.220703125 0.064208984375 0.021809895833333332 0.031005859375
0 0.5647786458333334 0.5979817708333334 0.021484375 0.026692708333333332
0 0.6262238573966409 0.6210773477874677 0.043337168927648495 0.050097403908268744
0 0.11191860465116277 0.26963218669250644 0.022206072351421247 0.024224806201550392
0 0.1795461886304909 0.26155725129198965 0.024224806201550358 0.022206072351421174
