0 0.7376302083333334 0.6432291666666666 0.036458333333333336 0.035807291666666664
0 0.29592745679909566 0.5524971737726098 0.04582273498062017 0.03383397932816538
0 0.2501627604166667 0.20654296875 0.045247395833333336 0.041341145833333336
0 0.113525390625 0.6809895833333334 0.045084635416666664 0.04296875
0 0.4508463541666667 0.10693359375 0.046875 0.038899739583333336
0 0.2921549479166667 0.31689453125 0.051432291666666664 0.053059895833333336
0 0.5247395833333334 0.6570638020833334 0.044270833333333336 0.037434895833333336
0 0.6149088541666666 0.5442708333333334 0.0390625 0.037760416666666664
0 0.09039306640625 0.6422526041666666 0.041219075520833336 0.033854166666666664
0 0.5188802083333334 0.314453125 0.040364583333333336 0.045572916666666664
0 0.2822265625 0.2693684895833333 0.056315104166666664 0.040690104166666664
0 0.4664713541666667 0.16451009114583334 0.034505208333333336 0.037841796875
0 0.7141927083333334 0.67822265625 0.0390625 0.047200520833333336
0 0.5283203125 0.4446614583333333 0.039713541666666664 0.033854166666666664
0 0.028981526692708332 0.671875 0.04180908203125 0.045572916666666664
0 0.5146484375 0.24202473958333334 0.033203125 0.029622395833333332
0 0.4807942708333333 0.18619791666666666 0.043619791666666664 0.037434895833333336
0 0.7721354166666666 0.615234375 0.03125 0.03515625
0 0.23844401041666666 0.23388671875 0.0361328125 0.029622395833333332
0 0.4228515625 0.055501302083333336 0.041666666666666664 0.03173828125
0 0.501953125 0.27392578125 0.027994791666666668 0.025390625
0 0.06693522135416667 0.6940104166666666 0.030192057291666668 0.02734375
0 0.4742838541666667 0.3147786458333333 0.026692708333333332 0.033854166666666664
0 0.9615885416666666 0.2835286458333333 0.024739583333333332 0.0234375
0 0.16389973958333334 0.017598470052083332 0.055338541666666664 0.034261067708333336
0 0.875 0.24772135416666666 0.032552083333333336 0.022786458333333332
0 0.2682291666666667 0.24039713541666666 0.027669270833333332 0.028971354166666668
0 0.4088541666666667 0.4586588541666667 0.026692708333333332 0.029296875
0 0.9893360384366924 0.050639938630490954 0.018723756459948504 0.026324289405684754
