0 0.4807942708333333 0.0535888671875 0.055989583333333336 0.070556640625
0 0.689453125 0.22477213541666666 0.044270833333333336 0.048177083333333336
0 0.5882161458333334 0.3714192708333333 0.037109375 0.037109375
0 0.2744140625 0.5013020833333334 0.039713541666666664 0.040364583333333336
0 0.64111328125 0.23453776041666666 0.0537109375 0.05078125
0 0.6552734375 0.143310546875 0.038411458333333336 0.028157552083333332
0 0.23388671875 0.5634765625 0.041015625 0.044921875
0 0.4794921875 0.5569661458333334 0.0546875 0.041666666666666664
0 0.4189453125 0.06467692057291667 0.048828125 0.060750325520833336
0 0.3564453125 0.4212239583333333 0.048828125 0.035807291666666664
0 0.6888020833333334 0.11751302083333333 0.037760416666666664 0.038736979166666664
0 0.23291015625 0.6966145833333334 0.0439453125 0.040364583333333336
0 0.6481119791666666 0.6083984375 0.054036458333333336 0.047526041666666664
0 0.7649739583333334 0.4752604166666667 0.026041666666666668 0.033203125
0 0.22688802083333334 0.5348307291666666 0.040364583333333336 0.029296875
0 0.3141276041666667 0.7799479166666666 0.045572916666666664 0.036458333333333336
0 0.010498046875 0.744140625 0.02099609375 0.03125
0 0.20491536458333334 0.6888020833333334 0.027994791666666668 0.032552083333333336
0 0.4225260416666667 0.3955078125 0.028645833333333332 0.026041666666666668
0 0.2537434895833333 0.6100260416666666 0.031575520833333336 0.024739583333333332
0 0.032694498697916664 0.7513020833333334 0.030802408854166668 0.029947916666666668
0 0.361328125 0.3776041666666667 0.024088541666666668 0.022786458333333332
0 0.6887718023255814 0.3221192667958656 0.03330910852713176 0.0282622739018088
