0 0.265625 0.5625 0.0390625 0.033203125
0 0.6603190104166666 0.875 0.041341145833333336 0.044270833333333336
0 0.943359375 0.2799479166666667 0.041666666666666664 0.041666666666666664
0 0.8899739583333334 0.6998697916666666 0.045572916666666664 0.03125
0 0.3412272135416667 0.5423177083333334 0.036946614583333336 0.037760416666666664
0 0.6341145833333334 0.7727864583333334 0.036458333333333336 0.04296875
0 0.18424479166666666 0.09271240234375 0.0322265625 0.032674153645833336
0 0.3079427083333333 0.3152669270833333 0.027994791666666668 0.0380859375
0 0.111328125 0.3714192708333333 0.044921875 0.03515625
0 0.2727864583333333 0.3443196614583333 0.035807291666666664 0.035970052083333336
0 0.9466145833333334 0.08056640625 0.0390625 0.040852864583333336
0 0.8515625 0.4827473958333333 0.041666666666666664 0.043619791666666664
0 0.2919921875 0.17626953125 0.0458984375 0.045572916666666664
0 0.09676106770833333 0.24039713541666666 0.0390625 0.0322265625
0 0.040435791015625 0.042409261067708336 0.054056803385416664 0.05694580078125
0 0.107177734375 0.0494384765625 0.036458333333333336 0.045654296875
0 0.0728759765625 0.033884684244791664 0.032796223958333336 0.040791829427083336
0 0.9296875 0.6697591145833334 0.03515625 0.025065104166666668
0 0.0151824951171875 0.271484375 0.024729410807291668 0.036458333333333336
0 0.3551432291666667 0.2535807291666667 0.03125 0.024088541666666668
0 0.019063313802083332 0.0114898681640625 0.038126627604166664 0.022755940755208332
0 0.5686848958333334 0.80078125 0.028645833333333332 0.032552083333333336
0 0.7220052083333334 0.927734375 0.036458333333333336 0.028645833333333332
0 0.07574462890625 0.5071614583333334 0.028849283854166668 0.02734375
0 0.08848063151041667 0.576171875 0.0313720703125 0.031901041666666664
0 0.9049479166666666 0.23828125 0.036458333333333336 0.028645833333333332
0 0.55859375 0.5768229166666666 0.026041666666666668 0.024088541666666668
0 0.3152669270833333 0.16715494791666666 0.033854166666666664 0.047200520833333336
0 0.3126627604166667 0.28759765625 0.03515625 0.030924479166666668
0 0.91015625 0.2880859375 0.028645833333333332 0.029947916666666668
0 0.6002604166666666 0.66552734375 0.028645833333333332 0.0244140625
0 0.4524739583333333 0.3141276041666667 0.022135416666666668 0.0380859375
0 0.11344401041666667 0.54296875 0.032389322916666664 0.01953125
0 0.443359375 0.6507161458333334 0.024739583333333332 0.016927083333333332
