0 0.3821614583333333 0.06355794270833333 0.055338541666666664 0.037027994791666664
0 0.3046875 0.66357421875 0.0380859375 0.037434895833333336
0 0.6295572916666666 0.4755859375 0.057942708333333336 0.048828125
0 0.7102864583333334 0.06671142578125 0.05859375 0.033406575520833336
0 0.3662109375 0.4599609375 0.044270833333333336 0.041666666666666664
0 0.2657877604166667 0.642578125 0.056315104166666664 0.05078125
0 0.4381510416666667 0.5651041666666666 0.045572916666666664 0.037760416666666664
0 0.2928059895833333 0.8763020833333334 0.044596354166666664 0.048177083333333336
0 0.6853841145833334 0.248046875 0.048502604166666664 0.051432291666666664
0 0.755859375 0.7962239583333334 0.041666666666666664 0.0390625
0 0.2724609375 0.3684895833333333 0.036783854166666664 0.045572916666666664
0 0.5481770833333334 0.4576822916666667 0.034505208333333336 0.035807291666666664
0 0.2431640625 0.91796875 0.056640625 0.049479166666666664
0 0.6770833333333334 0.4075520833333333 0.037760416666666664 0.034505208333333336
0 0.8229166666666666 0.4417317708333333 0.03515625 0.03515625
0 0.4309895833333333 0.037058512369791664 0.044921875 0.062276204427083336
0 0.6422526041666666 0.24430338541666666 0.046223958333333336 0.052734375
0 0.019978841145833332 0.935546875 0.037027994791666664 0.032552083333333336
0 0.6018880208333334 0.435546875 0.040364583333333336 0.033854166666666664
0 0.1843656002705103 0.025804465439276485 0.058998127624353934 0.05160893087855297
0 0.6513671875 0.22184244791666666 0.051432291666666664 0.035481770833333336
0 0.6451822916666666 0.43359375 0.034505208333333336 0.026041666666666668
0 0.6564127604166666 0.3753255208333333 0.025716145833333332 0.030598958333333332
0 0.873046875 0.4108072916666667 0.03515625 0.021484375
0 0.5758463541666666 0.4739583333333333 0.026692708333333332 0.028645833333333332
0 0.5003255208333334 0.4000651041666667 0.026041666666666668 0.037760416666666664
0 0.6875 0.921875 0.020833333333333332 0.020833333333333332
0 0.4225260416666667 0.7415364583333334 0.024088541666666668 0.020833333333333332
0 0.6920572916666666 0.3512369791666667 0.0234375 0.028645833333333332
