0 0.4723307291666667 0.16324869791666666 0.037760416666666664 0.039713541666666664
0 0.13232421875 0.4765625 0.045735677083333336 0.05078125
0 0.9303385416666666 0.65283203125 0.046875 0.044596354166666664
0 0.6573893229166666 0.3146158854166667 0.043294270833333336 0.037434895833333336
0 0.7272135416666666 0.4075520833333333 0.036458333333333336 0.030598958333333332
0 0.143798828125 0.08992513020833333 0.047688802083333336 0.045084635416666664
0 0.560546875 0.4742838541666667 0.047526041666666664 0.036458333333333336
0 0.7805989583333334 0.22688802083333334 0.029947916666666668 0.039388020833333336
0 0.1552734375 0.3450520833333333 0.028645833333333332 0.032552083333333336
0 0.3610026041666667 0.9153645833333334 0.03515625 0.03125
0 0.2965494791666667 0.3505859375 0.029296875 0.043619791666666664
0 0.7578125 0.22249348958333334 0.022135416666666668 0.026692708333333332
0 0.6998697916666666 0.11588541666666667 0.029947916666666668 0.02783203125
0 0.4202473958333333 0.3763020833333333 0.032552083333333336 0.028645833333333332
0 0.14860026041666666 0.31298828125 0.02978515625 0.021484375
0 0.826171875 0.5354817708333334 0.02734375 0.025390625
