0 0.6985677083333334 0.14567057291666666 0.04296875 0.03759765625
0 0.6468098958333334 0.037526448567708336 0.054036458333333336 0.047831217447916664
0 0.6901041666666666 0.016642252604166668 0.055989583333333336 0.033284505208333336
0 0.75390625 0.3226725260416667 0.045572916666666664 0.04150390625
0 0.036158243815104164 0.06422932942708333 0.040476481119791664 0.0421142578125
0 0.55078125 0.20930989583333334 0.038411458333333336 0.032877604166666664
0 0.4430338541666667 0.033487955729166664 0.042317708333333336 0.037109375
0 0.3766276041666667 0.07523600260416667 0.041015625 0.040771484375
0 0.24641927083333334 0.4986979166666667 0.048828125 0.054036458333333336
0 0.6455078125 0.22086588541666666 0.042317708333333336 0.032552083333333336
0 0.020105997721354168 0.22509765625 0.038645426432291664 0.041666666666666664
0 0.2545572916666667 0.5699869791666666 0.043619791666666664 0.042317708333333336
0 0.8444010416666666 0.3981119791666667 0.033854166666666664 0.031901041666666664
0 0.6847330729166666 0.3538411458333333 0.036783854166666664 0.038411458333333336
0 0.64453125 0.14453125 0.041015625 0.0439453125
0 0.3990885416666667 0.044850667317708336 0.036458333333333336 0.03790283203125
0 0.287109375 0.62109375 0.055013020833333336 0.060546875
0 0.728515625 0.3538411458333333 0.044270833333333336 0.041015625
0 0.33203125 0.2560221354166667 0.026692708333333332 0.0390625
0 0.2747395833333333 0.3782552083333333 0.043294270833333336 0.036458333333333336
0 0.0275421142578125 0.423828125 0.033050537109375 0.038411458333333336
0 0.7682291666666666 0.7421875 0.05078125 0.04296875
0 0.7747395833333334 0.7083333333333334 0.037760416666666664 0.024739583333333332
0 0.5475260416666666 0.041707356770833336 0.018880208333333332 0.031656901041666664
0 0.634765625 0.2978515625 0.025390625 0.023763020833333332
0 0.037007649739583336 0.15364583333333334 0.030069986979166668 0.030924479166666668
0 0.1953125 0.2796223958333333 0.032552083333333336 0.020182291666666668
0 0.0682373046875 0.23893229166666666 0.027506510416666668 0.03125
0 0.033447265625 0.2571614583333333 0.024332682291666668 0.036783854166666664
0 0.7473150839793282 0.541656572997416 0.021196705426356655 0.025234173126615023
