0 0.4274088541666667 0.0418701171875 0.0390625 0.042399088541666664
0 0.69140625 0.13077799479166666 0.040364583333333336 0.0478515625
0 0.3610026041666667 0.2919921875 0.039713541666666664 0.046223958333333336
0 0.6389973958333334 0.040873209635416664 0.041015625 0.039998372395833336
0 0.0379791259765625 0.3795572916666667 0.036102294921875 0.039713541666666664
0 0.40625 0.2830403645833333 0.049479166666666664 0.041666666666666664
0 0.6700846354166666 0.3292643229166667 0.037434895833333336 0.034830729166666664
0 0.3733723958333333 0.052205403645833336 0.052083333333333336 0.046712239583333336
0 0.642578125 0.0966796875 0.046223958333333336 0.049967447916666664
0 0.6266276041666666 0.3243815104166667 0.052734375 0.056315104166666664
0 0.5537109375 0.3053385416666667 0.032552083333333336 0.033203125
0 0.587890625 0.041748046875 0.030598958333333332 0.033854166666666664
0 0.2490234375 0.5882161458333334 0.0478515625 0.031901041666666664
0 0.7018229166666666 0.5794270833333334 0.029947916666666668 0.032552083333333336
0 0.5504557291666666 0.451171875 0.028645833333333332 0.037109375
0 0.6263020833333334 0.22786458333333334 0.037109375 0.049153645833333336
0 0.658203125 0.181640625 0.049479166666666664 0.046223958333333336
0 0.5810546875 0.7897135416666666 0.043619791666666664 0.040364583333333336
0 0.6888020833333334 0.24202473958333334 0.04296875 0.048828125
0 0.0309600830078125 0.3011067708333333 0.037282307942708336 0.037434895833333336
0 0.69921875 0.014007568359375 0.044270833333333336 0.02801513671875
0 0.5501302083333334 0.5026041666666666 0.033854166666666664 0.034505208333333336
0 0.65771484375 0.732421875 0.045247395833333336 0.029947916666666668
0 0.6627604166666666 0.014424641927083334 0.05078125 0.028849283854166668
0 0.4993489583333333 0.09665934244791667 0.028645833333333332 0.033732096354166664
0 0.6946614583333334 0.7434895833333334 0.03125 0.03125
0 0.333251953125 0.12361653645833333 0.03466796875 0.03662109375
0 0.23046875 0.6207682291666666 0.039713541666666664 0.024739583333333332
0 0.7037760416666666 0.4593098958333333 0.022135416666666668 0.026692708333333332
0 0.9231770833333334 0.6142578125 0.028645833333333332 0.028645833333333332
0 0.4973958333333333 0.055552164713541664 0.031901041666666664 0.03814697265625
0 0.4944661458333333 0.462890625 0.043619791666666664 0.035807291666666664
0 0.2750651041666667 0.4694010416666667 0.031901041666666664 0.027994791666666668
0 0.3372395833333333 0.5475260416666666 0.044270833333333336 0.0390625
0 0.0947265625 0.365234375 0.029296875 0.028645833333333332
0 0.5768229166666666 0.24869791666666666 0.034505208333333336 0.0244140625
0 0.794921875 0.4381510416666667 0.026041666666666668 0.024739583333333332
0 0.4482421875 0.423828125 0.029947916666666668 0.022135416666666668
0 0.9095052083333334 0.3384602864583333 0.03125 0.022298177083333332
0 0.0265350341796875 0.5042317708333334 0.019602457682291668 0.024739583333333332
0 0.2763671875 0.6448567708333334 0.0205078125 0.028645833333333332
0 0.05645499611393734 0.5988081900032299 0.03421533076954134 0.03811117167312661
0 0.01703811369509045 0.22370599160206717 0.030281007751937983 0.03532784237726098
0 0.4646923449612403 0.4846273417312661 0.021196705426356655 0.022206072351421247
