0 0.08463541666666667 0.19986979166666666 0.040852864583333336 0.035807291666666664
0 0.26611328125 0.16520182291666666 0.033203125 0.037760416666666664
0 0.6848958333333334 0.3401692708333333 0.040364583333333336 0.041015625
0 0.6803385416666666 0.112060546875 0.04296875 0.040690104166666664
0 0.7161458333333334 0.45703125 0.044270833333333336 0.052734375
0 0.20703125 0.105712890625 0.030924479166666668 0.02783203125
0 0.23746744791666666 0.11865234375 0.04296875 0.042317708333333336
0 0.5540364583333334 0.224609375 0.030598958333333332 0.03515625
0 0.5550130208333334 0.12727864583333334 0.027994791666666668 0.029296875
0 0.6593424479166666 0.23828125 0.0302734375 0.029296875
0 0.135498046875 0.06846110026041667 0.027506510416666668 0.0343017578125
0 0.5436197916666666 0.031585693359375 0.033854166666666664 0.029927571614583332
0 0.8125 0.2833658854166667 0.0234375 0.021809895833333332
0 0.541015625 0.0120697021484375 0.03515625 0.023874918619791668
