0 0.7415364583333334 0.23323567708333334 0.049479166666666664 0.049153645833333336
0 0.67578125 0.3870442708333333 0.044270833333333336 0.0390625
0 0.23209635416666666 0.6901041666666666 0.046875 0.041666666666666664
0 0.404296875 0.4026692708333333 0.040364583333333336 0.031901041666666664
0 0.6481119791666666 0.125244140625 0.039713541666666664 0.040364583333333336
0 0.7109375 0.3268229166666667 0.040364583333333336 0.035807291666666664
0 0.30078125 0.5559895833333334 0.0302734375 0.032552083333333336
0 0.4951171875 0.08487955729166667 0.049479166666666664 0.05322265625
0 0.6966145833333334 0.2750651041666667 0.03125 0.033528645833333336
0 0.2726236979166667 0.5432942708333334 0.0400390625 0.031901041666666664
0 0.6171875 0.08107503255208333 0.041015625 0.0279541015625
0 0.9661458333333334 0.490234375 0.036458333333333336 0.033854166666666664
0 0.6953125 0.21858723958333334 0.049479166666666664 0.055013020833333336
0 0.48011294815891475 0.022776364664082685 0.04486131298449614 0.04555272932816537
0 0.267578125 0.7330729166666666 0.0498046875 0.045572916666666664
0 0.3990885416666667 0.10880533854166667 0.042317708333333336 0.042805989583333336
0 0.5989583333333334 0.4977213541666667 0.024088541666666668 0.0234375
0 0.4567057291666667 0.11783854166666667 0.035807291666666664 0.03857421875
0 0.6829427083333334 0.3268229166666667 0.03125 0.035807291666666664
0 0.59765625 0.3655598958333333 0.025390625 0.021484375
0 0.6080729166666666 0.19156901041666666 0.026041666666666668 0.0283203125
0 0.4495442708333333 0.14534505208333334 0.025390625 0.029134114583333332
0 0.8463541666666666 0.6067708333333334 0.03125 0.04296875
0 0.2317601088097545 0.7383115310077519 0.038902263000646066 0.04172722868217053
0 0.3893229166666667 0.5185546875 0.031901041666666664 0.026041666666666668
0 0.45762677648578814 0.07684310400516796 0.04138404392764864 0.03633720930232557
0 0.4939639857881137 0.11822714793281652 0.025234173126615023 0.03229974160206719
0 0.8972060723514211 0.7223332525839794 0.020187338501292135 0.02321543927648569
0 0.2572674418604651 0.767250080749354 0.026243540051679542 0.03229974160206709
0 0.2809875645994832 0.49926316214470284 0.027252906976744058 0.02523417312661495
